Nome: SANTANA DO LIVRAMENTO
Codigo Estacao: 83953
Latitude: -30.842617
Longitude: -55.613073
Altitude: 328.22
Situacao: Desativada
Data Inicial: 1960-01-01
Data Final: 2013-12-16
Periodicidade da Medicao: Diaria

Data Medicao;EVAPORACAO DO PICHE, DIARIA(mm);INSOLACAO TOTAL, DIARIO(h);PRECIPITACAO TOTAL, DIARIO(mm);TEMPERATURA MAXIMA, DIARIA(°C);TEMPERATURA MEDIA COMPENSADA, DIARIA(°C);TEMPERATURA MINIMA, DIARIA(°C);UMIDADE RELATIVA DO AR, MEDIA DIARIA(%);VENTO, VELOCIDADE MEDIA DIARIA(m/s);
1961-01-01;null;null;null;34,5;26,94;16,4;72,5;,666667;
1961-01-02;null;null;2;31,7;26,56;20,7;63;,666667;
1961-01-03;null;null;0;29,7;22,3;17,4;65,5;,333333;
1961-01-04;null;null;0;31,1;23,46;14,5;53;0;
1961-01-05;null;null;0;27,7;22,98;17,7;63;,333333;
1961-01-06;null;null;0;29,6;23,04;16,4;53,75;,666667;
1961-01-07;null;null;0;31,5;22,36;12,2;61,25;,666667;
1961-01-08;null;null;0;35,2;25,38;15,5;70,25;,666667;
1961-01-09;null;null;0;37,2;29,98;21,7;56;1,333333;
1961-01-10;null;null;63,5;31,1;23,7;19;62,25;2;
1961-01-11;null;null;0;30,5;23,24;14,2;49,75;,666667;
1961-01-12;null;null;0;34,2;24,96;15,2;63,25;,333333;
1961-01-13;null;null;0;36,5;28,94;21,5;68;,333333;
1961-01-14;null;null;1,1;32,7;28,3;24,3;77;1,333333;
1961-01-15;null;null;0;29,7;24,38;20,7;80,25;,666667;
1961-01-16;null;null;6,5;32,9;26,8;20,7;79;0;
1961-01-17;null;null;57,8;27,1;21,84;19,5;96,25;1,333333;
1961-01-18;null;null;22;30,2;24,08;18;73,5;1;
1961-01-19;null;null;0;34;26,84;19,8;81,75;0;
1961-01-20;null;null;0;36,2;29,9;23,4;71,5;1;
1961-01-21;null;null;0;30,4;25,84;23,7;82,75;,666667;
1961-01-22;null;null;0;30,4;23,38;17,7;63,25;1;
1961-01-23;null;null;0;32,9;25;15,5;61,75;,666667;
1961-01-24;null;null;0;31,8;23,52;18,2;64,75;1;
1961-01-25;null;null;0;25,7;19,4;13,4;65,5;3;
1961-01-26;null;null;0;27;19,92;13,2;64;1,666667;
1961-01-27;null;null;0;28,8;21,46;13,6;69,75;,666667;
1961-01-28;null;null;0;30,7;23,06;14,8;67;,333333;
1961-01-29;null;null;0;32,5;25,34;16,8;63,25;,666667;
1961-01-30;null;null;0;35,2;26,4;18,7;61;,333333;
1961-01-31;null;null;0;35,6;27,56;20,2;55;,666667;
1961-02-01;null;null;null;null;null;null;null;null;
1961-02-02;null;null;null;null;null;null;null;null;
1961-02-03;null;null;null;null;null;null;null;null;
1961-02-04;null;null;null;null;null;null;null;null;
1961-02-05;null;null;null;null;null;null;null;null;
1961-02-06;null;null;null;null;null;null;null;null;
1961-02-07;null;null;null;null;null;null;null;null;
1961-02-08;null;null;null;null;null;null;null;null;
1961-02-09;null;null;null;null;null;null;null;null;
1961-02-10;null;null;null;null;null;null;null;null;
1961-02-11;null;null;null;null;null;null;null;null;
1961-02-12;null;null;null;null;null;null;null;null;
1961-02-13;null;null;null;null;null;null;null;null;
1961-02-14;null;null;null;null;null;null;null;null;
1961-02-15;null;null;null;null;null;null;null;null;
1961-02-16;null;null;null;null;null;null;null;null;
1961-02-17;null;null;null;null;null;null;null;null;
1961-02-18;null;null;null;null;null;null;null;null;
1961-02-19;null;null;null;null;null;null;null;null;
1961-02-20;null;null;null;null;null;null;null;null;
1961-02-21;null;null;null;null;null;null;null;null;
1961-02-22;null;null;null;null;null;null;null;null;
1961-02-23;null;null;null;null;null;null;null;null;
1961-02-24;null;null;null;null;null;null;null;null;
1961-02-25;null;null;null;null;null;null;null;null;
1961-02-26;null;null;null;null;null;null;null;null;
1961-02-27;null;null;null;null;null;null;null;null;
1961-02-28;null;null;null;null;null;null;null;null;
1961-03-01;null;null;null;null;null;null;null;null;
1961-03-02;null;null;null;33,4;25,3;17,7;75,25;,666667;
1961-03-03;null;null;0;32,1;22,86;18,6;86,5;1,333333;
1961-03-04;null;null;28,5;22,7;19,84;16,6;83;,333333;
1961-03-05;null;null;0;23,9;17,56;14,3;65,25;2,333333;
1961-03-06;null;null;0;25,1;17,36;10;65,5;1;
1961-03-07;null;null;0;27,5;20,64;12,9;78,75;,333333;
1961-03-08;null;null;0;26;22,02;18,9;87,25;,333333;
1961-03-09;null;null;6,3;31,1;25,08;18,5;83;0;
1961-03-10;null;null;10,4;32,6;24,4;21,6;93;0;
1961-03-11;null;null;1,7;24,5;21,98;19,8;93;,333333;
1961-03-12;null;null;3,1;27,9;23,4;20,8;87,5;,333333;
1961-03-13;null;null;3;26,1;20,34;16,4;73,75;,666667;
1961-03-14;null;null;0;30;21,54;15;66;,333333;
1961-03-15;null;null;0;32,7;24,22;17,3;68,75;0;
1961-03-16;null;null;1;24,9;17,12;12,9;95,25;1,333333;
1961-03-17;null;null;39,3;20,1;14,62;10,5;67,5;1,333333;
1961-03-18;null;null;0;22,5;16,68;8,5;64;0;
1961-03-19;null;null;0;25,2;18,28;11,2;68;,333333;
1961-03-20;null;null;0;24,6;18,94;13,4;86,75;,333333;
1961-03-21;null;null;0;28,6;21,58;15;73;0;
1961-03-22;null;null;0;31;20,98;13,2;75,25;,333333;
1961-03-23;null;null;0;33,5;23,28;14,5;71,5;0;
1961-03-24;null;null;0;33,6;26,26;18,9;64,75;,333333;
1961-03-25;null;null;29,1;28;21,06;17,6;84,75;1,333333;
1961-03-26;null;null;2;23,1;17,74;15;84,25;,666667;
1961-03-27;null;null;0;23,2;17,08;11,2;66,25;1;
1961-03-28;null;null;0;26;18,64;12,6;68,5;2;
1961-03-29;null;null;0;28,1;20,28;14,3;72,5;,666667;
1961-03-30;null;null;0;29,9;21,72;14,9;72;,666667;
1961-03-31;null;null;0;25,4;20,06;14,8;80;,666667;
1961-04-01;null;null;1,5;25,2;20,3;18;75,25;,666667;
1961-04-02;null;null;0;27,8;18,66;11;82;,333333;
1961-04-03;null;null;4;23;17,82;13,5;92,75;,333333;
1961-04-04;null;null;4,2;24,9;18,28;16;94,5;1,333333;
1961-04-05;null;null;3,4;26,9;17,98;11,5;69;,333333;
1961-04-06;null;null;0;20,1;13,38;8,7;53,25;,666667;
1961-04-07;null;null;0;28,6;18,44;8;72,5;,333333;
1961-04-08;null;null;0;26,2;20,04;16,4;93,75;1,333333;
1961-04-09;null;null;11,3;24,2;18,52;13,5;88;1;
1961-04-10;null;null;0;20,7;17,88;14,4;92,5;,666667;
1961-04-11;null;null;23,4;22,5;19,8;16;87,75;,666667;
1961-04-12;null;null;0;22;17,64;13,7;80,75;,666667;
1961-04-13;null;null;0;22,4;17,58;13;86,25;0;
1961-04-14;null;null;0;19,5;16,82;14;91,25;,333333;
1961-04-15;null;null;0;25,1;19,12;14,8;83,75;,333333;
1961-04-16;null;null;0;25,2;19,08;14,3;88,5;0;
1961-04-17;null;null;0;22,7;20,16;17,2;92;0;
1961-04-18;null;null;0;22,5;19,26;16,2;75,75;,666667;
1961-04-19;null;null;0;20;13,78;8;78;1;
1961-04-20;null;null;0;21,3;13,36;6,6;76,5;0;
1961-04-21;null;null;0;26;17,62;8,9;81,25;0;
1961-04-22;null;null;6,4;24,8;19,1;16,7;83,5;1,666667;
1961-04-23;null;null;0;21;14,88;10,7;82;,666667;
1961-04-24;null;null;0;16,8;11,28;8,9;80,75;1,333333;
1961-04-25;null;null;0;18,4;10,5;4,3;80,5;0;
1961-04-26;null;null;0;21;12,5;5,1;67,75;,333333;
1961-04-27;null;null;0;19,9;14,06;11,2;77,25;,666667;
1961-04-28;null;null;0;13,5;10;7,9;83,75;,666667;
1961-04-29;null;null;9;22,4;14,22;3,5;68;0;
1961-04-30;null;null;0;24;18,6;12,4;77,25;0;
1961-05-01;null;null;0;22,5;14,76;9;84,25;0;
1961-05-02;null;null;0;22,7;14,38;9,4;87;,333333;
1961-05-03;null;null;0;20,2;12,4;6;91;0;
1961-05-04;null;null;0;25,2;16,5;9;82;,333333;
1961-05-05;null;null;0;27;18,3;11;76;,333333;
1961-05-06;null;null;0;20,9;17,08;13,5;94,75;0;
1961-05-07;null;null;4;18,5;15,06;13,5;75,75;,666667;
1961-05-08;null;null;0;23,6;16,02;10,7;81;0;
1961-05-09;null;null;0;24,6;16,64;11,7;78,75;,666667;
1961-05-10;null;null;0;21,9;15,42;11;76;1;
1961-05-11;null;null;0;23,9;15,78;8,9;85,25;,333333;
1961-05-12;null;null;0;26,5;18,46;14,2;85,5;0;
1961-05-13;null;null;0;23,2;17,08;13;87,5;,333333;
1961-05-14;null;null;0;25,1;18,34;14,4;86,5;0;
1961-05-15;null;null;0;20,8;18,16;15,7;95;,666667;
1961-05-16;null;null;13,7;20,5;17,24;15,7;93,25;,666667;
1961-05-17;null;null;44,9;18,1;16,78;15,7;98;1;
1961-05-18;null;null;9,4;19,5;15,7;13,7;85,25;1;
1961-05-19;null;null;0;14,6;9,68;8;72,25;1;
1961-05-20;null;null;0;17,9;9,32;3,5;78,5;0;
1961-05-21;null;null;0;19,5;10,22;3,7;83,25;,333333;
1961-05-22;null;null;0;22,9;13,48;6,2;84;,666667;
1961-05-23;null;null;0;24,5;14,86;8,2;83;0;
1961-05-24;null;null;0;24,9;15,5;8,3;89,75;,333333;
1961-05-25;null;null;0;22,6;14,68;10,4;88;0;
1961-05-26;null;null;0;23,5;15,26;10,8;87,75;,666667;
1961-05-27;null;null;0;21,7;14,96;8,7;89,25;,666667;
1961-05-28;null;null;0;20,5;17,12;14,5;94;0;
1961-05-29;null;null;0;26,7;17,3;10,7;80,25;,333333;
1961-05-30;null;null;0;26;16,8;10,5;84,25;1;
1961-05-31;null;null;0;27,2;18,44;10,3;77,25;0;
1961-06-01;null;null;12,3;21,6;13,32;10;81,25;1;
1961-06-02;null;null;0;21,9;14,52;7,2;84,75;1,333333;
1961-06-03;null;null;0;24,4;18,9;12,9;79,25;2,333333;
1961-06-04;null;null;21,3;21,3;14,08;11,2;69,75;1;
1961-06-05;null;null;3,2;14,4;9,64;4,5;71,25;1;
1961-06-06;null;null;0;21,6;16,34;9,5;85,25;1;
1961-06-07;null;null;0;27,1;21,9;16,5;76,5;2,333333;
1961-06-08;null;null;0;27,1;23,22;21,3;71,75;3;
1961-06-09;null;null;33,3;22,6;12,96;9,3;92,25;3;
1961-06-10;null;null;53,5;9,5;6,36;1,5;93,5;4,333333;
1961-06-11;null;null;3;9,8;6,72;3,2;90,75;1;
1961-06-12;null;null;0;8,5;5,44;2,7;80,5;1;
1961-06-13;null;null;0;7,5;5,28;2;75,75;1;
1961-06-14;null;null;0;8,9;3,34;-,7;72,75;,666667;
1961-06-15;null;null;0;10,5;3,4;-,9;73,75;,666667;
1961-06-16;null;null;0;13,4;5,04;-,5;73;,333333;
1961-06-17;null;null;0;16,5;6,6;1;75,5;,333333;
1961-06-18;null;null;0;15,2;9,94;3;82,5;,333333;
1961-06-19;null;null;0;16,6;12,5;9,2;82,25;,333333;
1961-06-20;null;null;0;16,9;12,9;9,5;90;,666667;
1961-06-21;null;null;0;14,1;13,38;12,3;91,75;,666667;
1961-06-22;null;null;0;19,8;13,38;11,2;90;0;
1961-06-23;null;null;0;19,1;12,06;7,5;95,5;0;
1961-06-24;null;null;0;23;14,6;4,5;83,25;1;
1961-06-25;null;null;0;25,4;17,58;9,5;70,5;1,333333;
1961-06-26;null;null;0;26,7;19,18;13,4;73,75;1;
1961-06-27;null;null;0;27,7;22,88;17,8;59,75;3,666667;
1961-06-28;null;null;0;24;14,52;8,9;90,25;3;
1961-06-29;null;null;0;12,5;9,42;5,2;94,5;1;
1961-06-30;null;null;4,3;18,1;15,44;10,6;97,5;1;
1961-07-01;null;null;11,6;16,6;14,4;13;97,75;1;
1961-07-02;null;null;10,2;13,5;8,48;5,8;86;,666667;
1961-07-03;null;null;0;15,8;7,62;1,5;83;0;
1961-07-04;null;null;0;21,7;14,94;5,6;84;,666667;
1961-07-05;null;null;0;25,7;17,54;10,5;77,75;,666667;
1961-07-06;null;null;0;20,4;13,26;8,9;77,25;2,333333;
1961-07-07;null;null;0;9,5;7,08;1,5;80,5;1;
1961-07-08;null;null;0;11,2;5,98;1,4;67,25;,666667;
1961-07-09;null;null;0;10,9;5,06;,4;72;,333333;
1961-07-10;null;null;0;15,4;7,94;1,3;85,75;0;
1961-07-11;null;null;0;17,5;12,02;4,4;89,75;0;
1961-07-12;null;null;4,4;16,4;14,66;12,7;96,25;,666667;
1961-07-13;null;null;19,6;19,1;13,72;10,2;94;0;
1961-07-14;null;null;0;17,4;11,96;6,7;90,75;,333333;
1961-07-15;null;null;8,1;18,1;15,44;12;98;0;
1961-07-16;null;null;1;17,5;15,3;13;98,25;,333333;
1961-07-17;null;null;7,2;23,3;16,48;12,5;89,5;0;
1961-07-18;null;null;0;23,2;16,46;11,5;90,75;,333333;
1961-07-19;null;null;0;28,5;20,3;13;70,25;,666667;
1961-07-20;null;null;0;26,7;22,24;19,4;61,75;3,333333;
1961-07-21;null;null;11,2;20,4;12,42;9,5;76;1;
1961-07-22;null;null;0;19;11,08;5,5;71,5;,333333;
1961-07-23;null;null;0;21,6;12,66;7;74;,333333;
1961-07-24;null;null;0;22,1;14,92;7,4;85,25;,333333;
1961-07-25;null;null;0;23,1;15,7;12,4;71,75;3;
1961-07-26;null;null;0;11;6,42;2,9;76,25;,666667;
1961-07-27;null;null;0;12,9;5,26;-,7;77,75;,666667;
1961-07-28;null;null;0;12,7;5,74;,7;75;0;
1961-07-29;null;null;0;14;5,96;-1,4;68;0;
1961-07-30;null;null;0;14,9;8,18;1,7;87,25;,333333;
1961-07-31;null;null;0;18,9;10,88;4;82,5;,333333;
1961-08-01;null;null;0;16,7;12,32;9;86,25;,333333;
1961-08-02;null;null;0;17;10,78;6,8;92;,333333;
1961-08-03;null;null;0;22,9;13,1;6,6;81,25;,333333;
1961-08-04;null;null;0;23,5;14,78;7,3;82,25;0;
1961-08-05;null;null;0;27,7;18;9,4;68;1;
1961-08-06;null;null;0;28;21,3;17,6;60,25;2;
1961-08-07;null;null;0;20,9;15,22;11,4;83;,666667;
1961-08-08;null;null;0;21,5;15,82;12,4;86,25;,666667;
1961-08-09;null;null;0;23;16,18;10,8;89,75;0;
1961-08-10;null;null;0;28,5;19,14;12,8;77,25;0;
1961-08-11;null;null;0;21,9;17,14;14,1;91,5;,666667;
1961-08-12;null;null;0;26,1;19,9;14,1;63;1,333333;
1961-08-13;null;null;0;22,1;13,82;10,5;82,25;,666667;
1961-08-14;null;null;1,2;18,4;11;6,8;71,75;,666667;
1961-08-15;null;null;0;19,1;12,36;4;84,5;0;
1961-08-16;null;null;0;20,4;13,1;9,3;72;,333333;
1961-08-17;null;null;0;23,6;14,5;6,1;67,75;0;
1961-08-18;null;null;0;24,7;15,48;7,6;75,75;0;
1961-08-19;null;null;0;16,4;13,38;9,8;89,75;,333333;
1961-08-20;null;null;1,2;24,4;18,12;12,4;80,5;,666667;
1961-08-21;null;null;0;24,5;16,84;11,1;85;1;
1961-08-22;null;null;0;25,6;17,7;13,5;83,25;,666667;
1961-08-23;null;null;0;19;14,12;11,8;62,5;1;
1961-08-24;null;null;0;16,3;13,9;9,9;88;,666667;
1961-08-25;null;null;17,5;17,6;12,44;10,6;80;,666667;
1961-08-26;null;null;0;20,7;13,38;4,8;78,25;,666667;
1961-08-27;null;null;0;22,1;17,1;13,8;90,5;,333333;
1961-08-28;null;null;0;23;17,52;12,8;87;1;
1961-08-29;null;null;2,2;24,9;19,46;16,6;92;1,333333;
1961-08-30;null;null;12,1;17,5;12,16;9,3;69,75;,666667;
1961-08-31;null;null;0;19,1;12,5;5,5;70,25;,666667;
1961-09-01;null;null;0;23,5;16,26;8,1;77,75;1;
1961-09-02;null;null;61,5;22;19,28;17,1;92,5;1;
1961-09-03;null;null;90,7;19,7;16,16;14;97,75;1,666667;
1961-09-04;null;null;68,3;15,1;11,32;9,5;67;1;
1961-09-05;null;null;0;16,5;11,08;7,8;62,5;1;
1961-09-06;null;null;0;17,5;10,56;3,6;65,75;,666667;
1961-09-07;null;null;0;18,7;12,42;5,6;63,5;3;
1961-09-08;null;null;0;17,5;13,28;6,3;60;1;
1961-09-09;null;null;0;20;15,1;12,6;72,5;,333333;
1961-09-10;null;null;0;21;13,82;6,9;83,5;,333333;
1961-09-11;null;null;0;23,1;15;6,8;66,5;1,666667;
1961-09-12;null;null;0;24,4;16;8,3;70,75;,666667;
1961-09-13;null;null;0;32,6;21,94;13,6;84,5;1;
1961-09-14;null;null;0;23,2;18,62;15,5;87,5;2;
1961-09-15;null;null;4,6;16,2;12,74;7,6;87,25;3;
1961-09-16;null;null;6;14,6;13,68;12,2;96,25;1;
1961-09-17;null;null;2,9;18,5;14,98;12,8;89,75;,666667;
1961-09-18;null;null;2,4;17,4;13,64;11;87,25;,666667;
1961-09-19;null;null;0;21;13,96;9,4;84,75;1;
1961-09-20;null;null;0;21,6;16,14;13,1;84,5;,666667;
1961-09-21;null;null;0;22;15,78;13,2;73,5;2,333333;
1961-09-22;null;null;0;21,5;14,36;8,4;76;2,333333;
1961-09-23;null;null;0;23,7;17,52;9,5;76;1;
1961-09-24;null;null;9,5;25;19,12;13,1;68,5;,666667;
1961-09-25;null;null;0;29,9;23,02;16,8;78;1;
1961-09-26;null;null;34,5;24,6;19,26;15,9;84,5;1,666667;
1961-09-27;null;null;2,9;20,9;15,8;12,8;87,5;2,333333;
1961-09-28;null;null;8,7;13,5;10,12;8,1;80;1,666667;
1961-09-29;null;null;1;18;9,92;3,1;64,25;,666667;
1961-09-30;null;null;0;22,4;14,16;5,6;63,75;1,333333;
1961-10-01;null;null;0;26,2;18,94;10;69,25;,666667;
1961-10-02;null;null;0;28,9;18,56;11,7;70,75;1,666667;
1961-10-03;null;null;0;25,6;18,6;10;81,75;1,333333;
1961-10-04;null;null;0;31,4;23,02;16,7;75,75;1;
1961-10-05;null;null;0;32,4;24,52;18,3;64,25;1,333333;
1961-10-06;null;null;0;25,7;22;19,8;86;1;
1961-10-07;null;null;11,3;22,5;17,86;15;88,5;1;
1961-10-08;null;null;1,3;24,5;19,68;15;83,5;1,666667;
1961-10-09;null;null;0;24,4;19,04;14,9;91;1;
1961-10-10;null;null;33,8;22,9;19,1;16,4;95;1;
1961-10-11;null;null;7,2;24;19,96;16,7;85,5;,666667;
1961-10-12;null;null;0;28,5;23,14;17,2;68;,333333;
1961-10-13;null;null;0;24,2;19,96;16,8;84;,666667;
1961-10-14;null;null;71,6;19,7;15,54;13,2;87;,666667;
1961-10-15;null;null;0;20,6;15,34;9,9;76,5;1;
1961-10-16;null;null;0;24,7;19,14;12,7;80;3,666667;
1961-10-17;null;null;37,1;21,2;17,42;15,5;85,75;1,333333;
1961-10-18;null;null;0;26,4;19,36;12;68,25;,666667;
1961-10-19;null;null;0;26,6;19,94;11,7;72,25;1,333333;
1961-10-20;null;null;22,7;21,1;17,24;15,6;92,75;,333333;
1961-10-21;null;null;47,7;18,2;14,58;11,5;76,75;,666667;
1961-10-22;null;null;0;20,4;14,58;8;81,75;1;
1961-10-23;null;null;0;26,2;19,34;10,8;73,5;,666667;
1961-10-24;null;null;0;28;21,7;16,5;87;,666667;
1961-10-25;null;null;20,3;30;23,48;17,7;72,25;,666667;
1961-10-26;null;null;0;30,8;22,98;15;71,25;0;
1961-10-27;null;null;0;32,5;25,6;18,2;74,75;,333333;
1961-10-28;null;null;0;32,7;25,62;18,7;75,25;1;
1961-10-29;null;null;0;33,1;25,82;18,7;77,5;,666667;
1961-10-30;null;null;0;30;23,36;20;81,75;1,666667;
1961-10-31;null;null;14,2;28;22,08;18,3;83,75;2,333333;
1961-11-01;null;null;0;28,4;23,1;18,8;84,75;,666667;
1961-11-02;null;null;0;30,4;23,68;19,4;85,25;,666667;
1961-11-03;null;null;0;32;24,68;19,3;77,25;,333333;
1961-11-04;null;null;0;29,9;20,7;16,1;80,25;1,333333;
1961-11-05;null;null;15,4;20,4;14,82;9,1;68,75;,666667;
1961-11-06;null;null;0;23,4;16,56;9,8;66,25;,333333;
1961-11-07;null;null;0;28,7;20,24;10,5;54,75;1;
1961-11-08;null;null;0;29,2;21,12;11,6;59,5;1;
1961-11-09;null;null;0;28,9;21,22;15,6;83,25;1;
1961-11-10;null;null;22,5;24,1;18,94;15,5;65,25;1,333333;
1961-11-11;null;null;0;22,1;16,38;9,9;65;1;
1961-11-12;null;null;0;25,9;19,34;10;61,75;,666667;
1961-11-13;null;null;0;25,9;19,56;9,8;60;,666667;
1961-11-14;null;null;0;27,5;21,36;13,9;61,5;,666667;
1961-11-15;null;null;0;30,6;22,7;13,9;68;0;
1961-11-16;null;null;0;31,6;23,38;14,6;60;,333333;
1961-11-17;null;null;0;32,4;24,38;16,4;64;,666667;
1961-11-18;null;null;0;33,4;25,3;18,4;62,75;1;
1961-11-19;null;null;0;24,9;20,4;17,6;96,5;,666667;
1961-11-20;null;null;3,3;25,1;20,52;17,5;82,5;,666667;
1961-11-21;null;null;0;30,5;23,26;16,8;67;,666667;
1961-11-22;null;null;0;29,5;22,52;17,8;80,25;0;
1961-11-23;null;null;1;32,5;25,08;18,2;70,25;,333333;
1961-11-24;null;null;0;27,9;21,92;19,6;82;1,333333;
1961-11-25;null;null;0;29,5;23,84;18;73;1,333333;
1961-11-26;null;null;0;32;25,96;18,6;67;,333333;
1961-11-27;null;null;0;32,6;25,68;18,8;64;,666667;
1961-11-28;null;null;0;28,1;23,58;20,3;77,25;2,333333;
1961-11-29;null;null;1,2;29,7;23,44;17,6;70,75;1,666667;
1961-11-30;null;null;0;24,2;20;16,1;88,25;1,666667;
1961-12-01;null;null;31,6;24,3;20,84;18;90,25;,666667;
1961-12-02;null;null;20,7;29;22,44;17,7;71;,666667;
1961-12-03;null;null;0;26,4;19,86;14;67;1;
1961-12-04;null;null;0;27,9;20,06;11,6;73;2,333333;
1961-12-05;null;null;0;29,9;21,74;13,4;74,5;,666667;
1961-12-06;null;null;0;30,6;22,6;14;76,75;1;
1961-12-07;null;null;0;30,4;23,74;16,5;74;2;
1961-12-08;null;null;0;32,7;25,56;17,5;64,75;,333333;
1961-12-09;null;null;0;26,8;22,38;19,3;81;1;
1961-12-10;null;null;0;29,6;23,08;16,6;69;,333333;
1961-12-11;null;null;0;29,9;22,76;16,8;75;,666667;
1961-12-12;null;null;0;31,1;23,36;17,1;60,75;1;
1961-12-13;null;null;0;32,4;23,72;14,2;57,5;1;
1961-12-14;null;null;0;35,4;26,62;16,6;58,75;,666667;
1961-12-15;null;null;0;34,5;26,74;20,2;60,75;,666667;
1961-12-16;null;null;6,1;26,8;23,2;19,6;75,75;2,333333;
1961-12-17;null;null;6;30;25;20;76,25;2,333333;
1961-12-18;null;null;0;33,1;26,44;19,6;68;,333333;
1961-12-19;null;null;0;35,6;27,36;20;59,75;,666667;
1961-12-20;null;null;43,1;28;20,64;17,6;91,75;2,333333;
1961-12-21;null;null;4,7;27,5;20,22;12,6;76;,333333;
1961-12-22;null;null;0;30,7;24,7;18,5;75;1;
1961-12-23;null;null;6,5;27,6;21,12;17,5;58;3,666667;
1961-12-24;null;null;0;28,7;20,74;11,1;65,5;0;
1961-12-25;null;null;0;31,5;24;14,3;62,5;0;
1961-12-26;null;null;0;32,9;24,74;16,6;51,25;,333333;
1961-12-27;null;null;0;35,1;25,82;18,6;58,75;,333333;
1961-12-28;null;null;0;28,5;22,88;19,9;86,25;1,333333;
1961-12-29;null;null;50,2;26;20,76;18,3;71,75;1,333333;
1961-12-30;null;null;0;26,6;20,1;12,6;56,5;,333333;
1961-12-31;null;null;0;28;21,24;13,8;60,25;2;
1962-01-01;null;null;0;22;19,9;17,7;84,25;1,666667;
1962-01-02;null;null;44,5;28,8;22,46;17,8;60,25;1,333333;
1962-01-03;null;null;0;25,7;19,62;12,9;61,75;1,333333;
1962-01-04;null;null;0;29,6;22,04;12,9;52;,666667;
1962-01-05;null;null;0;33;25,56;17,8;59,5;,666667;
1962-01-06;null;null;0;36,1;26,68;17,4;57,5;,666667;
1962-01-07;null;null;1,2;36,6;28,26;20,8;57;0;
1962-01-08;null;null;2;35;26,56;18,6;65,5;0;
1962-01-09;null;null;0;35,2;26,52;19,8;69,5;2;
1962-01-10;null;null;0;32,5;25,16;18,5;52,5;,666667;
1962-01-11;null;null;0;27,1;22,76;15,5;69,25;1;
1962-01-12;null;null;0;31,9;25,28;19,1;57;,333333;
1962-01-13;null;null;0;33;23,72;18;76,75;2;
1962-01-14;null;null;0;26,1;20,1;17,3;66;1;
1962-01-15;null;null;0;23,8;17,26;9,9;51;1,333333;
1962-01-16;null;null;0;27,9;20,42;11,8;48;,666667;
1962-01-17;null;null;0;30,7;22,36;13,1;46;,666667;
1962-01-18;null;null;0;32,5;24,74;15,6;53;1,333333;
1962-01-19;null;null;0;32;24,84;16,8;56,5;1;
1962-01-20;null;null;0;32,6;25,28;16,9;56,75;1;
1962-01-21;null;null;0;34;26,76;17,5;59;,666667;
1962-01-22;null;null;0;31,7;24,06;20,1;89;1;
1962-01-23;null;null;2,9;32;25,72;20,3;68,5;1,333333;
1962-01-24;null;null;0;31,9;24,56;17,8;68,25;1;
1962-01-25;null;null;0;28,4;21,36;14;73,25;1,666667;
1962-01-26;null;null;0;30;22,16;12,9;69,25;1;
1962-01-27;null;null;0;33,4;25,12;15,5;57,75;,666667;
1962-01-28;null;null;0;32,4;25,38;17,8;56,5;2,333333;
1962-01-29;null;null;0;32,2;24,5;17,3;66;1,666667;
1962-01-30;null;null;0;31,5;24,32;18,1;57,5;3;
1962-01-31;null;null;0;31,5;23,5;16,5;66,5;1,666667;
1962-02-01;null;null;0;31,5;23,46;15,6;55,25;1;
1962-02-02;null;null;0;31,7;24,08;16,5;57,25;,666667;
1962-02-03;null;null;20,5;25;22,26;18,3;74,25;1,333333;
1962-02-04;null;null;4,4;29,9;23,3;18,7;75,5;,666667;
1962-02-05;null;null;0;29,5;23,44;16,9;74;0;
1962-02-06;null;null;0;29,9;22,4;17,8;64,5;1;
1962-02-07;null;null;0;26,9;19,86;12,9;66,25;1;
1962-02-08;null;null;0;27,8;20,36;12,8;76;1;
1962-02-09;null;null;0;29,5;22,52;16,1;65,5;1;
1962-02-10;null;null;0;28,5;23,22;16,5;66,25;0;
1962-02-11;null;null;0;31,2;24,1;16,4;75;,666667;
1962-02-12;null;null;0;33;25,52;17,3;75;0;
1962-02-13;null;null;0;33,6;25,64;19,1;71,25;,333333;
1962-02-14;null;null;0;36,2;26,16;18,6;62,25;,333333;
1962-02-15;null;null;0;33,5;25,82;20,6;63,5;,666667;
1962-02-16;null;null;0;36,6;27,4;19,6;59,25;1,333333;
1962-02-17;null;null;28,8;28;20,76;18,5;94;2;
1962-02-18;null;null;7,5;22,5;17,1;13,6;60;1,333333;
1962-02-19;null;null;0;26,4;18,84;9,4;64,5;,666667;
1962-02-20;null;null;0;32;22,82;12,6;66,5;,333333;
1962-02-21;null;null;0;31,8;24,78;19,9;69,75;,666667;
1962-02-22;null;null;23,5;27,8;22,54;17,5;76,75;,666667;
1962-02-23;null;null;0;24,1;19,06;14,7;65,75;1,333333;
1962-02-24;null;null;0;23,9;17,72;11,8;54,5;3;
1962-02-25;null;null;0;25,4;18,7;8,6;45,25;0;
1962-02-26;null;null;0;26,4;18,4;10,3;65;0;
1962-02-27;null;null;0;29;20,54;10,8;64,5;,666667;
1962-02-28;null;null;1,4;23,1;19,5;16,6;90,25;,666667;
1962-03-01;null;null;null;null;null;null;null;null;
1962-03-02;null;null;null;null;null;null;null;null;
1962-03-03;null;null;null;null;null;null;null;null;
1962-03-04;null;null;null;null;null;null;null;null;
1962-03-05;null;null;null;null;null;null;null;null;
1962-03-06;null;null;null;null;null;null;null;null;
1962-03-07;null;null;null;null;null;null;null;null;
1962-03-08;null;null;null;null;null;null;null;null;
1962-03-09;null;null;null;null;null;null;null;null;
1962-03-10;null;null;null;null;null;null;null;null;
1962-03-11;null;null;null;null;null;null;null;null;
1962-03-12;null;null;null;null;null;null;null;null;
1962-03-13;null;null;null;null;null;null;null;null;
1962-03-14;null;null;null;null;null;null;null;null;
1962-03-15;null;null;null;null;null;null;null;null;
1962-03-16;null;null;null;null;null;null;null;null;
1962-03-17;null;null;null;null;null;null;null;null;
1962-03-18;null;null;null;null;null;null;null;null;
1962-03-19;null;null;null;null;null;null;null;null;
1962-03-20;null;null;null;null;null;null;null;null;
1962-03-21;null;null;null;null;null;null;null;null;
1962-03-22;null;null;null;null;null;null;null;null;
1962-03-23;null;null;null;null;null;null;null;null;
1962-03-24;null;null;null;null;null;null;null;null;
1962-03-25;null;null;null;null;null;null;null;null;
1962-03-26;null;null;null;null;null;null;null;null;
1962-03-27;null;null;null;null;null;null;null;null;
1962-03-28;null;null;null;null;null;null;null;null;
1962-03-29;null;null;null;null;null;null;null;null;
1962-03-30;null;null;null;null;null;null;null;null;
1962-03-31;null;null;null;null;null;null;null;null;
1962-04-01;null;null;null;30,6;23,18;20,2;92;,666667;
1962-04-02;null;null;23;20,7;16,16;14,3;84,5;3;
1962-04-03;null;null;,5;20,1;13,6;7,5;65;2,333333;
1962-04-04;null;null;0;22,5;16,62;10,9;74,25;,666667;
1962-04-05;null;null;0;29,5;22,22;14,2;78;,666667;
1962-04-06;null;null;0;31;24,66;17,9;81,75;,666667;
1962-04-07;null;null;0;30,1;24,32;20,5;82;,666667;
1962-04-08;null;null;64,1;23;16,2;13,6;81,25;,666667;
1962-04-09;null;null;4,2;19,9;13,48;10,2;70,75;,333333;
1962-04-10;null;null;0;24;15,18;7,4;75;,333333;
1962-04-11;null;null;0;25,1;16,02;9;78,75;0;
1962-04-12;null;null;0;26,2;19,26;10,5;76,75;,333333;
1962-04-13;null;null;0;26,1;18,46;12,5;79;,333333;
1962-04-14;null;null;0;21,8;18,14;14,6;88,25;,333333;
1962-04-15;null;null;0;23,5;18,32;16,1;84,75;1,333333;
1962-04-16;null;null;0;21,6;15,24;9,2;71,25;,666667;
1962-04-17;null;null;0;22,7;17,06;9,3;68,25;,333333;
1962-04-18;null;null;0;25,1;17,52;10,9;81,25;,333333;
1962-04-19;null;null;0;27,7;18,92;12,5;81,75;0;
1962-04-20;null;null;0;27,4;20,06;14,5;80,5;,333333;
1962-04-21;null;null;0;26,7;20,46;14,8;82,75;,333333;
1962-04-22;null;null;0;21,9;15,26;12;83,25;1,666667;
1962-04-23;null;null;0;19;12,12;5,9;67;,666667;
1962-04-24;null;null;0;21,4;14,34;8,5;73;,666667;
1962-04-25;null;null;0;20,8;15,2;10,8;69,75;,333333;
1962-04-26;null;null;0;16,4;11,06;7,3;59;1,333333;
1962-04-27;null;null;0;17,3;9,9;3,5;66,75;,333333;
1962-04-28;null;null;0;20,6;10,94;4,1;77,75;,333333;
1962-04-29;null;null;0;22,7;13,8;5;88,25;,333333;
1962-04-30;null;null;0;23,7;14,2;5,8;83,5;,333333;
1962-05-01;null;null;0;25,4;16,5;8,5;77,5;0;
1962-05-02;null;null;0;23;18,44;15,4;71,75;,333333;
1962-05-03;null;null;0;18,1;11,16;7,3;55,5;,666667;
1962-05-04;null;null;0;21,7;13,34;7,4;54,5;,333333;
1962-05-05;null;null;0;22,7;15,7;10,6;57,25;,666667;
1962-05-06;null;null;0;17,1;11,5;6,5;66,25;1;
1962-05-07;null;null;0;17;9,32;2,8;66,5;1;
1962-05-08;null;null;0;18,4;10,88;3,1;68,75;,666667;
1962-05-09;null;null;0;22,9;13,5;5,4;75;1;
1962-05-10;null;null;0;23,6;15,32;7,8;82,25;,666667;
1962-05-11;null;null;0;23,7;16,52;13,5;85;0;
1962-05-12;null;null;0;25,2;15,64;9,4;80;,333333;
1962-05-13;null;null;0;24,4;15,94;8,6;70,25;0;
1962-05-14;null;null;0;26,7;17,16;11,2;73,25;,333333;
1962-05-15;null;null;0;25,1;17,24;11,7;80;,333333;
1962-05-16;null;null;0;19,8;13,36;9,5;92,5;,666667;
1962-05-17;null;null;12,2;17,2;10,36;5,6;73,5;,333333;
1962-05-18;null;null;0;19,5;9,24;3,5;86,75;0;
1962-05-19;null;null;0;17,4;10,92;3,8;84,5;,666667;
1962-05-20;null;null;1,2;19,5;15,48;11,4;86,25;,666667;
1962-05-21;null;null;0;20,2;16,4;14,1;92;,666667;
1962-05-22;null;null;1,1;20,2;13,9;11,6;85,25;,333333;
1962-05-23;null;null;0;19,7;12,56;8,4;84,25;,333333;
1962-05-24;null;null;0;20,8;11,36;5,4;85,25;0;
1962-05-25;null;null;0;18,1;12,06;5,1;78,25;,333333;
1962-05-26;null;null;1;19,3;14,58;11,6;80;,333333;
1962-05-27;null;null;0;15,6;11,66;10,1;88,75;,333333;
1962-05-28;null;null;0;11;7,48;5,5;66,75;2,333333;
1962-05-29;null;null;0;10;5,32;2,4;70,75;,666667;
1962-05-30;null;null;0;12,9;5,94;1,6;79,25;,333333;
1962-05-31;null;null;0;15,3;7,88;1,1;73,75;1,333333;
1962-06-01;null;null;0;19,2;12,44;5,6;74,25;,666667;
1962-06-02;null;null;3;14,6;10,2;8,1;90,5;,666667;
1962-06-03;null;null;3,1;18;9,02;3,3;73,5;1,333333;
1962-06-04;null;null;0;18,9;9,62;4,4;76,25;,333333;
1962-06-05;null;null;0;17,3;8,2;2,7;78,5;,333333;
1962-06-06;null;null;0;19,5;9,08;1,6;81,5;,333333;
1962-06-07;null;null;0;20,6;10,56;3,9;83,5;0;
1962-06-08;null;null;0;20,4;11,24;4,6;87,75;0;
1962-06-09;null;null;0;15,8;9,98;7,1;75,75;,333333;
1962-06-10;null;null;0;13,6;9,98;7,7;70,75;,666667;
1962-06-11;null;null;0;14,5;9,08;4;68;1;
1962-06-12;null;null;0;15;7,98;2,1;79,5;,333333;
1962-06-13;null;null;0;15,5;9,24;3,4;79,5;,333333;
1962-06-14;null;null;0;14,7;8,38;3,1;89,5;,333333;
1962-06-15;null;null;0;17,1;8,6;2,8;88;,333333;
1962-06-16;null;null;0;20,7;10,24;3,3;80;,333333;
1962-06-17;null;null;0;22,1;11,76;5,4;84,5;1;
1962-06-18;null;null;0;23,6;15,44;7,5;63;1,333333;
1962-06-19;null;null;0;26,5;18,08;13,4;69,25;1,333333;
1962-06-20;null;null;4;19,7;14,82;12,6;86,75;3;
1962-06-21;null;null;0;13,4;8,3;6,1;67,75;1,333333;
1962-06-22;null;null;0;11,6;6,2;2,9;64,25;1;
1962-06-23;null;null;0;12,4;5,94;1,3;77,5;,666667;
1962-06-24;null;null;0;14,5;8,18;2,2;72,5;,666667;
1962-06-25;null;null;0;25,6;18,28;9,4;68,25;1,666667;
1962-06-26;null;null;0;28;20,44;15,6;77;1;
1962-06-27;null;null;0;29,4;22,4;16,1;70,25;2;
1962-06-28;null;null;0;29,5;23,12;19,6;53,75;2,333333;
1962-06-29;null;null;0;28,9;22,78;19;56,75;2,333333;
1962-06-30;null;null;0;22,8;15,52;11,6;85;1,333333;
1962-07-01;null;null;35,4;13,5;11,32;9,3;93;1,666667;
1962-07-02;null;null;27,3;12,9;11,1;9,3;90,75;,666667;
1962-07-03;null;null;0;16;13,36;10,4;96,25;,666667;
1962-07-04;null;null;15,3;14,4;7,58;4,6;92,5;3;
1962-07-05;null;null;1,3;11,5;7,9;1,8;96;2;
1962-07-06;null;null;5;11,2;8,74;7,5;85,25;1,666667;
1962-07-07;null;null;0;11,4;7,54;4,5;89,75;,666667;
1962-07-08;null;null;0;15,7;10,12;2,5;77,75;,666667;
1962-07-09;null;null;null;null;null;null;null;null;
1962-07-10;null;null;null;null;null;null;null;null;
1962-07-11;null;null;null;null;null;null;null;null;
1962-07-12;null;null;null;null;null;null;null;null;
1962-07-13;null;null;null;null;null;null;null;null;
1962-07-14;null;null;null;null;null;null;null;null;
1962-07-15;null;null;null;null;null;null;null;null;
1962-07-16;null;null;null;null;null;null;null;null;
1962-07-17;null;null;null;null;null;null;null;null;
1962-07-18;null;null;null;null;null;null;null;null;
1962-07-19;null;null;null;null;null;null;null;null;
1962-07-20;null;null;null;null;null;null;null;null;
1962-07-21;null;null;null;null;null;null;null;null;
1962-07-22;null;null;null;null;null;null;null;null;
1962-07-23;null;null;null;null;null;null;null;null;
1962-07-24;null;null;null;null;null;null;null;null;
1962-07-25;null;null;null;null;null;null;null;null;
1962-07-26;null;null;null;null;null;null;null;null;
1962-07-27;null;null;null;null;null;null;null;null;
1962-07-28;null;null;null;null;null;null;null;null;
1962-07-29;null;null;null;null;null;null;null;null;
1962-07-30;null;null;null;null;null;null;null;null;
1962-07-31;null;null;null;null;null;null;null;null;
1962-08-01;null;null;null;null;null;null;null;null;
1962-08-02;null;null;null;null;null;null;null;null;
1962-08-03;null;null;null;null;null;null;null;null;
1962-08-04;null;null;null;null;null;null;null;null;
1962-08-05;null;null;null;null;null;null;null;null;
1962-08-06;null;null;null;null;null;null;null;null;
1962-08-07;null;null;null;null;null;null;null;null;
1962-08-08;null;null;null;null;null;null;null;null;
1962-08-09;null;null;null;null;null;null;null;null;
1962-08-10;null;null;null;null;null;null;null;null;
1962-08-11;null;null;null;null;null;null;null;null;
1962-08-12;null;null;null;null;null;null;null;null;
1962-08-13;null;null;null;null;null;null;null;null;
1962-08-14;null;null;null;null;null;null;null;null;
1962-08-15;null;null;null;null;null;null;null;null;
1962-08-16;null;null;null;null;null;null;null;null;
1962-08-17;null;null;null;null;null;null;null;null;
1962-08-18;null;null;null;null;null;null;null;null;
1962-08-19;null;null;null;null;null;null;null;null;
1962-08-20;null;null;null;null;null;null;null;null;
1962-08-21;null;null;null;null;null;null;null;null;
1962-08-22;null;null;null;null;null;null;null;null;
1962-08-23;null;null;null;null;null;null;null;null;
1962-08-24;null;null;null;null;null;null;null;null;
1962-08-25;null;null;null;null;null;null;null;null;
1962-08-26;null;null;null;null;null;null;null;null;
1962-08-27;null;null;null;null;null;null;null;null;
1962-08-28;null;null;null;null;null;null;null;null;
1962-08-29;null;null;null;null;null;null;null;null;
1962-08-30;null;null;null;null;null;null;null;null;
1962-08-31;null;null;null;null;null;null;null;null;
1962-09-01;null;null;null;null;null;null;null;null;
1962-09-02;null;null;null;null;null;null;null;null;
1962-09-03;null;null;null;null;null;null;null;null;
1962-09-04;null;null;null;null;null;null;null;null;
1962-09-05;null;null;null;null;null;null;null;null;
1962-09-06;null;null;null;null;null;null;null;null;
1962-09-07;null;null;null;null;null;null;null;null;
1962-09-08;null;null;null;null;null;null;null;null;
1962-09-09;null;null;null;null;null;null;null;null;
1962-09-10;null;null;null;null;null;null;null;null;
1962-09-11;null;null;null;null;null;null;null;null;
1962-09-12;null;null;null;17,6;10,02;2,6;66;1,666667;
1962-09-13;null;null;0;20,2;12,88;6,3;70,5;2,333333;
1962-09-14;null;null;0;26,4;18,1;9,6;69,5;1,333333;
1962-09-15;null;null;0;20,5;16,66;14,6;92,25;1;
1962-09-16;null;null;72,6;21,7;17,86;15;93,5;1;
1962-09-17;null;null;46,3;14,5;12,78;9,8;73,5;1,333333;
1962-09-18;null;null;16,3;17,5;12,3;8,8;68,25;,333333;
1962-09-19;null;null;0;18,6;13,32;7,8;63,5;1;
1962-09-20;null;null;0;14,3;12,56;10,1;89,25;1;
1962-09-21;null;null;0;15,1;12,82;10;85,75;1;
1962-09-22;null;null;0;20,4;14,16;9,3;69,75;1,666667;
1962-09-23;null;null;0;20,6;14,2;7,3;69;1,333333;
1962-09-24;null;null;0;22,5;15,22;7,8;78,5;1,666667;
1962-09-25;null;null;0;26,7;18,48;12,6;74;,333333;
1962-09-26;null;null;0;28,4;19,96;12;67,75;1;
1962-09-27;null;null;4,1;22;16,42;14,2;72;,666667;
1962-09-28;null;null;0;19,6;13,44;9;60;,666667;
1962-09-29;null;null;0;21,2;12,74;5,6;56,5;,333333;
1962-09-30;null;null;0;23,6;15,02;4,6;55,5;0;
1962-10-01;null;null;0;23,2;15,44;8,1;59,25;0;
1962-10-02;null;null;0;23,6;16,74;8,4;62,5;,666667;
1962-10-03;null;null;0;22,6;17,98;12,6;72,75;,666667;
1962-10-04;null;null;8;23,6;18,16;14,3;79,25;,666667;
1962-10-05;null;null;0;25,1;18,26;11,4;73,5;,333333;
1962-10-06;null;null;0;27,7;18,58;12,1;74,5;,666667;
1962-10-07;null;null;49,5;18,9;14;11,4;84;1;
1962-10-08;null;null;9,5;17;11,46;5,8;70,75;,666667;
1962-10-09;null;null;0;21,5;13,84;4,4;63;,333333;
1962-10-10;null;null;0;19,1;12,5;6,5;75,5;,666667;
1962-10-11;null;null;0;13,5;11,12;7,4;66,5;,666667;
1962-10-12;null;null;0;18,5;12,56;7,3;66,5;,666667;
1962-10-13;null;null;0;19,9;12,92;7;69;,666667;
1962-10-14;null;null;0;22,1;13,88;6,1;65;,666667;
1962-10-15;null;null;0;25;16,74;7,7;61;,666667;
1962-10-16;null;null;0;24,6;18,88;10,6;70;1;
1962-10-17;null;null;28,1;21,4;15,64;13,1;90;,666667;
1962-10-18;null;null;0;21,6;14,22;5,8;56,75;,333333;
1962-10-19;null;null;0;23,1;15;6,6;57,25;1,333333;
1962-10-20;null;null;0;20,5;12,16;4,6;59;,666667;
1962-10-21;null;null;0;24,3;15,04;6,4;57,75;1,333333;
1962-10-22;null;null;0;28,5;19,04;8,5;59;,333333;
1962-10-23;null;null;0;30,1;21,08;10,5;54;,666667;
1962-10-24;null;null;0;30,5;21,78;13;69,75;,666667;
1962-10-25;null;null;0;30,3;23,94;17,4;71;1,333333;
1962-10-26;null;null;0;28,9;21,98;18,6;90,25;1,333333;
1962-10-27;null;null;18,3;20;14,3;11,3;76,25;,333333;
1962-10-28;null;null;0;23,7;17,9;8,6;53;,333333;
1962-10-29;null;null;0;26,8;18,94;11,6;70;,333333;
1962-10-30;null;null;0;26,5;19,46;11,8;66,5;,666667;
1962-10-31;null;null;0;27,2;19,76;12;70,5;,666667;
1962-11-01;null;null;0;27,9;19,94;12,3;73,5;0;
1962-11-02;null;null;0;28;20,7;14;69,75;,333333;
1962-11-03;null;null;0;30,3;22,32;14,4;67,75;,333333;
1962-11-04;null;null;0;23,6;20,48;17,2;87;,333333;
1962-11-05;null;null;5,5;26,5;21,42;15,6;78;,333333;
1962-11-06;null;null;0;24,1;19,28;15,1;62,25;3;
1962-11-07;null;null;0;23,5;17,18;10,1;65;1,666667;
1962-11-08;null;null;0;23,4;17,1;9,5;65,5;2,333333;
1962-11-09;null;null;0;27,1;18,46;9,3;61;,666667;
1962-11-10;null;null;0;27,7;19,82;11,3;60,75;,333333;
1962-11-11;null;null;0;30;21,42;12,4;60,5;,666667;
1962-11-12;null;null;0;32,4;22,9;13,6;62,5;,666667;
1962-11-13;null;null;0;32,5;26,16;17,5;51,5;0;
1962-11-14;null;null;0;34,9;25,96;17,5;53,5;,666667;
1962-11-15;null;null;0;31,6;24,34;19,1;62;,666667;
1962-11-16;null;null;0;29,9;21,3;14,2;63,25;1;
1962-11-17;null;null;0;28;20,98;13,2;59,25;1;
1962-11-18;null;null;0;30,6;24,46;16,2;63,25;1;
1962-11-19;null;null;63,5;27,5;20,78;17,5;87;,333333;
1962-11-20;null;null;0;25,4;19,84;17,5;72;,666667;
1962-11-21;null;null;0;21,5;15,6;11,8;75,25;1,333333;
1962-11-22;null;null;0;25,5;18,36;8,5;66,75;,333333;
1962-11-23;null;null;0;30,1;21,4;11,7;64;,333333;
1962-11-24;null;null;0;33,5;24,16;15,6;60,75;,333333;
1962-11-25;null;null;0;31,6;23,94;16,8;67,25;0;
1962-11-26;null;null;0;36,5;27,04;18,4;57;1;
1962-11-27;null;null;0;37,1;28,8;20,9;57,75;0;
1962-11-28;null;null;0;38;32,2;23,5;49,5;1,333333;
1962-11-29;null;null;12,8;34,6;22,94;16,8;83,25;,666667;
1962-11-30;null;null;3,5;27,1;19,68;13,3;64,25;,333333;
1962-12-01;null;null;0;32,5;25,1;13,8;71,75;,666667;
1962-12-02;null;null;0;28,5;22,7;19;86,75;2,333333;
1962-12-03;null;null;49,5;23,1;19,12;16,6;73,25;1,666667;
1962-12-04;null;null;0;24,5;18,18;11,6;76,5;1;
1962-12-05;null;null;0;26,4;19,2;12,3;76;1,666667;
1962-12-06;null;null;0;29;20,92;12,3;62,75;1,666667;
1962-12-07;null;null;0;32,1;23,3;14,3;71,75;,666667;
1962-12-08;null;null;0;33,1;25,06;15,8;64,25;0;
1962-12-09;null;null;0;31,8;25,42;20,3;66,75;1;
1962-12-10;null;null;0;34,6;25,28;17,9;73,75;,666667;
1962-12-11;null;null;52,3;33,7;25,94;19,5;71,75;,333333;
1962-12-12;null;null;0;31,5;25,96;21,5;74;,666667;
1962-12-13;null;null;0;29,4;22,7;15,5;60;,666667;
1962-12-14;null;null;0;28,7;21,52;14,8;60,25;1;
1962-12-15;null;null;0;30,4;21,98;13;66,25;,333333;
1962-12-16;null;null;0;30,9;24,22;16,8;76,25;0;
1962-12-17;null;null;0;32,1;24,82;17,8;62,75;1,333333;
1962-12-18;null;null;0;31;23,94;16;55,5;,666667;
1962-12-19;null;null;0;31;23,64;15,2;60,25;1;
1962-12-20;null;null;0;33,8;25,6;15,8;60,25;,333333;
1962-12-21;null;null;0;33,6;26,98;19,9;52,75;,333333;
1962-12-22;null;null;0;30,8;23,62;17,3;66,25;,666667;
1962-12-23;null;null;0;36,7;29;17,9;48,5;1;
1962-12-24;null;null;0;32,2;23,06;16,7;54,25;,666667;
1962-12-25;null;null;5;26,1;20,3;14,8;81;,333333;
1962-12-26;null;null;0;35,7;25,5;17,1;58,75;1,666667;
1962-12-27;null;null;0;26,4;19,44;12,8;50,25;,666667;
1962-12-28;null;null;0;35;23,14;10,3;61;,333333;
1962-12-29;null;null;0;38;26,9;15,3;52,5;0;
1962-12-30;null;null;0;33,6;23,36;16,8;81;2;
1962-12-31;null;null;2;34,6;25,78;18,6;61,5;1;
1963-01-01;null;null;0;35,9;27,3;19,8;69,5;,333333;
1963-01-02;null;null;0;40,5;30,36;21;58,75;,333333;
1963-01-03;null;null;0;33;24,36;20,1;86,75;1,666667;
1963-01-04;null;null;43,9;27,2;23,18;19,5;71,75;1,333333;
1963-01-05;null;null;24;24,6;21,52;18,4;86,25;,333333;
1963-01-06;null;null;2,2;33,2;24,42;19,4;89,25;,666667;
1963-01-07;null;null;51,1;36,5;27,14;19,1;80,25;1;
1963-01-08;null;null;4,6;28,2;23,52;20,1;92,75;,666667;
1963-01-09;null;null;7,7;30,8;25,88;22,5;74,25;1;
1963-01-10;null;null;21,5;25,3;16,14;12,9;77,75;2,333333;
1963-01-11;null;null;23,5;25,4;19,36;13,5;71;3;
1963-01-12;null;null;0;26,4;20,8;15,1;80,5;1;
1963-01-13;null;null;0;27,4;22,18;18,6;87;1;
1963-01-14;null;null;0;30;23,9;20,1;74,5;,666667;
1963-01-15;null;null;1,3;30,1;24,38;18,3;68,75;,333333;
1963-01-16;null;null;0;29,6;23,96;19;68,75;,666667;
1963-01-17;null;null;0;27,6;21,24;15,7;63;1,666667;
1963-01-18;null;null;0;28,9;21,68;13,7;65,5;1,333333;
1963-01-19;null;null;0;30,4;23,02;14,7;63,25;0;
1963-01-20;null;null;0;33,6;25,32;15,8;64,5;0;
1963-01-21;null;null;0;27;22,04;19,2;89,25;,333333;
1963-01-22;null;null;26,5;31,1;23,84;18,1;72,5;,666667;
1963-01-23;null;null;0;30,6;21,92;14,2;71,25;1;
1963-01-24;null;null;0;31,6;24,48;17;65;,666667;
1963-01-25;null;null;0;33,6;25,5;16,6;65,5;0;
1963-01-26;null;null;0;34,2;24,92;20,2;80,25;1,666667;
1963-01-27;null;null;85,2;26,6;23,1;20,2;87;0;
1963-01-28;null;null;2,5;27;23,7;20,8;85,75;,666667;
1963-01-29;null;null;0;29,4;23,7;19,5;80,75;,666667;
1963-01-30;null;null;0;30;23,62;17,4;72;,666667;
1963-01-31;null;null;0;31,2;24,04;17,5;70;0;
1963-02-01;null;null;0;30,4;23,14;15,6;64,75;,333333;
1963-02-02;null;null;0;30,7;23,58;15,6;72,25;,666667;
1963-02-03;null;null;0;32,9;26,12;19,5;71,25;0;
1963-02-04;null;null;0;33,4;25,48;20,1;70;,333333;
1963-02-05;null;null;0;28,7;22,7;17,8;69;1,666667;
1963-02-06;null;null;0;29,2;22,36;16,3;70;1;
1963-02-07;null;null;0;28,6;22,86;14;59,25;,666667;
1963-02-08;null;null;0;30,9;23,04;14,7;67,25;1;
1963-02-09;null;null;0;32,6;24,32;17,9;80,75;,666667;
1963-02-10;null;null;0;30,5;24,26;19,4;78;,666667;
1963-02-11;null;null;0;33,1;26,42;21,2;71,25;,333333;
1963-02-12;null;null;0;34;26,36;20;74,25;,333333;
1963-02-13;null;null;0;36,1;28,58;22;66,75;,333333;
1963-02-14;null;null;0;29,2;23,84;20,6;94;0;
1963-02-15;null;null;12,1;34,5;26,68;20,6;83;,333333;
1963-02-16;null;null;0;33,2;27,18;22,1;80,75;0;
1963-02-17;null;null;0;34,5;26,6;23,3;86,5;1;
1963-02-18;null;null;10,1;31;24,74;22,4;91,25;1,333333;
1963-02-19;null;null;21,5;26,6;23,08;20,5;76,75;1,333333;
1963-02-20;null;null;0;29,5;23,2;16,5;66,5;,333333;
1963-02-21;null;null;0;26;19,72;14,3;65,5;,666667;
1963-02-22;null;null;0;29;21,62;14,3;77;,666667;
1963-02-23;null;null;0;30,1;22,76;16,2;78,75;,666667;
1963-02-24;null;null;0;29,4;23,38;17,7;79;,666667;
1963-02-25;null;null;0;28,9;22,58;18,4;77,75;1;
1963-02-26;null;null;0;27,4;21,66;17,3;84,25;1;
1963-02-27;null;null;0;30,1;23,5;18,4;87,25;,333333;
1963-02-28;null;null;0;31,1;24,3;18,3;66;,333333;
1963-03-01;null;null;0;29,6;23,7;18,5;74;,333333;
1963-03-02;null;null;0;32;24,18;17,2;69,75;,333333;
1963-03-03;null;null;0;33,2;25,16;17,7;59,75;,666667;
1963-03-04;null;null;0;34,7;26,06;20,1;62,25;,333333;
1963-03-05;null;null;0;36;26,36;18,3;65;,333333;
1963-03-06;null;null;0;36,2;27,24;23,5;75,75;2,666667;
1963-03-07;null;null;4,3;31,9;25,18;21;85,25;1,333333;
1963-03-08;null;null;54,3;25,2;20,24;17,5;97,75;1;
1963-03-09;null;null;37,2;24,4;18,6;12,7;81;,666667;
1963-03-10;null;null;0;28,1;21,92;14,3;85,5;,666667;
1963-03-11;null;null;0;33;25,56;19,5;82;,666667;
1963-03-12;null;null;0;30,5;24,36;21,6;77,75;1,333333;
1963-03-13;null;null;0;29,6;22,4;15,7;74;,666667;
1963-03-14;null;null;0;31,3;23;15,4;79,25;,666667;
1963-03-15;null;null;0;34;25,72;18;79,75;,666667;
1963-03-16;null;null;2,4;31,6;24,38;21,4;92,5;1;
1963-03-17;null;null;7,3;33,6;26,24;19,7;88;0;
1963-03-18;null;null;0;35;26,64;22,9;76,25;1,333333;
1963-03-19;null;null;3,5;24,4;20,44;18,2;97;,666667;
1963-03-20;null;null;48;23,9;21,16;19,1;96;1;
1963-03-21;null;null;2,8;24,5;21,04;18,7;84;1,333333;
1963-03-22;null;null;0;25,5;20,12;15,7;86,25;1;
1963-03-23;null;null;0;24,6;19,98;14,6;89,5;,333333;
1963-03-24;null;null;0;28,3;22,18;17,2;86;1;
1963-03-25;null;null;1,1;27,1;21,86;17,7;80,5;1;
1963-03-26;null;null;0;25,1;19,88;17,5;82;1,666667;
1963-03-27;null;null;1,1;19,4;14,8;13,1;71;,666667;
1963-03-28;null;null;0;20,1;12,94;6,2;68,25;1;
1963-03-29;null;null;0;23,5;16,36;8;70,5;,666667;
1963-03-30;null;null;0;28,5;19,58;11;79,75;,333333;
1963-03-31;null;null;0;30,7;24,3;18;75,5;,333333;
1963-04-01;null;null;0;30,5;23,46;20,3;75,5;1,666667;
1963-04-02;null;null;82;24,6;19,38;16,5;90,5;,333333;
1963-04-03;null;null;1;23,7;20,2;15,9;88,5;,333333;
1963-04-04;null;null;0;23,4;20,08;16,3;92,5;,333333;
1963-04-05;null;null;0;28,8;22,2;16,3;84,5;,333333;
1963-04-06;null;null;0;29;22,52;17,6;84;0;
1963-04-07;null;null;0;30;21,58;15,1;84,5;,333333;
1963-04-08;null;null;2,1;22;18,42;16,7;90,5;1,333333;
1963-04-09;null;null;0;22,4;17,82;15,3;78;1,333333;
1963-04-10;null;null;0;22;15,78;8,7;73,25;,666667;
1963-04-11;null;null;0;22,7;15,5;9,2;82,75;,333333;
1963-04-12;null;null;0;22,5;16,1;10,5;73;,666667;
1963-04-13;null;null;0;25;15,98;8,8;78,75;0;
1963-04-14;null;null;0;27,7;18,74;10,1;81,75;,333333;
1963-04-15;null;null;0;23,4;17,86;14,5;82,25;,666667;
1963-04-16;null;null;0;20,1;13,8;10,2;69;,666667;
1963-04-17;null;null;0;21,9;14,16;6,3;70,25;,666667;
1963-04-18;null;null;0;20,5;13,8;8,5;70,5;,666667;
1963-04-19;null;null;0;22;14,16;7,4;69,75;0;
1963-04-20;null;null;0;25,5;15,42;7,4;69;0;
1963-04-21;null;null;0;26,4;17,86;9,3;67,5;0;
1963-04-22;null;null;0;28,9;20,32;12,8;71;,666667;
1963-04-23;null;null;0;29,9;21,78;15,6;74,25;1,333333;
1963-04-24;null;null;0;31,5;22,74;16,8;71,25;,666667;
1963-04-25;null;null;0;32;21,96;15,5;72,75;,333333;
1963-04-26;null;null;0;30;20,72;13,5;79,25;,333333;
1963-04-27;null;null;0;28,9;21,18;17,1;84;,333333;
1963-04-28;null;null;0;26,8;19,98;16,8;87,25;,666667;
1963-04-29;null;null;0;27,6;20,94;16,7;86;,333333;
1963-04-30;null;null;0;26,4;20,86;15,8;83,75;,333333;
1963-05-01;null;null;0;26,5;20,14;16,5;84,25;,333333;
1963-05-02;null;null;0;21;16,44;14;93,25;,666667;
1963-05-03;null;null;15,1;18,3;12,7;10,7;79;2;
1963-05-04;null;null;0;16,4;10,06;6,8;81,75;,666667;
1963-05-05;null;null;0;21,1;11,3;5,3;75,25;,333333;
1963-05-06;null;null;0;21,1;12,42;4,4;87,5;0;
1963-05-07;null;null;0;23;14;6,9;75,5;0;
1963-05-08;null;null;0;24,3;16,14;8,2;73,75;,333333;
1963-05-09;null;null;0;21,6;15,52;12,5;85,75;,666667;
1963-05-10;null;null;0;24,1;16,58;9;84,25;,333333;
1963-05-11;null;null;14,5;20,5;16,32;14,2;87,5;,333333;
1963-05-12;null;null;1,5;17,6;14,14;9,7;89;,333333;
1963-05-13;null;null;0;19,9;17,82;15,1;91,5;,333333;
1963-05-14;null;null;13,2;18,7;16,54;15,3;97;1;
1963-05-15;null;null;1,5;16,6;11,7;9,5;75,5;1;
1963-05-16;null;null;0;16,5;10,26;5,6;75;,666667;
1963-05-17;null;null;0;16,9;9,52;3,5;74;,666667;
1963-05-18;null;null;0;20,1;10,76;2,7;84;,333333;
1963-05-19;null;null;0;25,4;16,2;9,4;86,25;,666667;
1963-05-20;null;null;0;24,4;18,86;14,1;87,75;,333333;
1963-05-21;null;null;0;26,4;19,4;14,1;79;,333333;
1963-05-22;null;null;0;26,9;20,16;14,4;62,5;1,333333;
1963-05-23;null;null;0;20,7;14,96;10,2;91;,666667;
1963-05-24;null;null;36,8;19;13,6;9,9;88,25;,666667;
1963-05-25;null;null;0;20,4;14,84;10,3;91,5;,666667;
1963-05-26;null;null;0;26,8;18,06;11,4;86;0;
1963-05-27;null;null;0;25,7;18,14;13,1;86,75;,333333;
1963-05-28;null;null;0;24,5;16,2;11,7;85,5;0;
1963-05-29;null;null;0;23,5;15,72;10,7;83,25;,333333;
1963-05-30;null;null;0;20,7;15,14;10,2;86;,333333;
1963-05-31;null;null;0;18,5;14;11,7;89,25;,333333;
1963-06-01;null;null;0;20,4;12,42;5,9;86,25;,333333;
1963-06-02;null;null;0;23,6;16,42;9,1;72,5;0;
1963-06-03;null;null;0;24,8;17,04;10,2;74,25;,333333;
1963-06-04;null;null;0;22;15,46;11;85,25;,333333;
1963-06-05;null;null;0;22,2;17,2;14,2;86,75;,333333;
1963-06-06;null;null;0;20,6;14,32;11,3;85,25;1;
1963-06-07;null;null;0;24,5;16,82;10,1;86,25;,333333;
1963-06-08;null;null;0;20,2;17,86;16;92;,666667;
1963-06-09;null;null;10,6;17,5;15,68;14,2;97;,666667;
1963-06-10;null;null;0;16,9;16,12;15;96;,666667;
1963-06-11;null;null;9;17,7;11,86;8,8;80,5;1,333333;
1963-06-12;null;null;0;14;7,8;5,2;73,5;,666667;
1963-06-13;null;null;0;13,9;6,66;1,4;91,5;,333333;
1963-06-14;null;null;0;15,5;9,66;3,7;75,75;1,666667;
1963-06-15;null;null;16,2;16;13,04;10,7;93,75;3;
1963-06-16;null;null;4,3;12,9;8,3;6,6;69,25;3,666667;
1963-06-17;null;null;0;8,9;6,98;3,2;82,25;2,333333;
1963-06-18;null;null;0;14;7,48;2,4;83,25;,333333;
1963-06-19;null;null;0;15,7;8,92;2,7;75;,666667;
1963-06-20;null;null;0;12,4;8,28;4,5;69,5;1,333333;
1963-06-21;null;null;0;13,5;8,94;6,4;74,25;1;
1963-06-22;null;null;0;13,4;9,4;4,5;80,75;2,333333;
1963-06-23;null;null;0;19,4;9,36;3,3;81,75;,333333;
1963-06-24;null;null;0;22,4;12,84;3,5;79,5;,666667;
1963-06-25;null;null;0;25,1;15,34;8,9;79;,333333;
1963-06-26;null;null;0;26,5;17,38;9,9;63,5;,666667;
1963-06-27;null;null;0;26;18,46;11,1;58,25;3,333333;
1963-06-28;null;null;0;25,6;20,82;18;71;,666667;
1963-06-29;null;null;0;22,4;18,72;17,1;82,75;,333333;
1963-06-30;null;null;4,7;18,5;13,56;11,5;97,25;,333333;
1963-07-01;null;null;0;13,1;11,78;10,8;87,25;1;
1963-07-02;null;null;3,3;15,7;11,28;8;85,25;1,333333;
1963-07-03;null;null;0;18;12,6;8,4;86;,666667;
1963-07-04;null;null;0;17,9;12,96;8,4;87,5;,666667;
1963-07-05;null;null;2,5;21,2;14,56;10,5;89;,333333;
1963-07-06;null;null;0;23,7;15,78;11;89,75;,666667;
1963-07-07;null;null;0;16,5;12,76;10,5;96;0;
1963-07-08;null;null;12,3;17,7;12,84;7,6;91,25;,333333;
1963-07-09;null;null;0;25,4;17,82;12,1;89,75;1;
1963-07-10;null;null;0;26,7;20,66;16,3;77,5;,333333;
1963-07-11;null;null;0;26,1;19,54;16,3;82,5;,333333;
1963-07-12;null;null;0;24,7;18,34;14,9;86,25;,333333;
1963-07-13;null;null;7,5;20,5;17,08;15,1;93,25;,666667;
1963-07-14;null;null;2,2;19,6;17,46;15,3;93,25;,333333;
1963-07-15;null;null;0;18,5;12,06;7,6;77,75;1,333333;
1963-07-16;null;null;0;15;7,52;2,2;81,75;,333333;
1963-07-17;null;null;0;16,1;10,44;6,1;76,75;,666667;
1963-07-18;null;null;0;17;9,48;4,4;77;,333333;
1963-07-19;null;null;0;19,4;12,1;3,6;76,75;,666667;
1963-07-20;null;null;0;15,5;11,9;10,2;91,5;1,333333;
1963-07-21;null;null;58,1;10,6;8,2;6,6;79,75;1,333333;
1963-07-22;null;null;0;9,9;4,88;2,6;79,5;,333333;
1963-07-23;null;null;0;15,5;7,18;,7;80,25;,666667;
1963-07-24;null;null;0;18,6;8,86;2,8;79,5;,333333;
1963-07-25;null;null;0;22,2;12,14;4,9;75,5;,333333;
1963-07-26;null;null;0;25,2;14,12;4,8;78,25;,333333;
1963-07-27;null;null;0;26,3;17,06;11;72,5;1,333333;
1963-07-28;null;null;0;26,5;18,82;10,8;69;,666667;
1963-07-29;null;null;0;25,2;17,92;13;82,75;,333333;
1963-07-30;null;null;0;25,5;19,04;14,2;72,25;0;
1963-07-31;null;null;0;22,4;15,98;12,6;69,75;,666667;
1963-08-01;null;null;0;13,3;9,92;8,1;85;1;
1963-08-02;null;null;0;21,1;14,84;8,3;87,5;,666667;
1963-08-03;null;null;0;20,9;15,04;10,2;81,25;1,666667;
1963-08-04;null;null;0;13;7,62;5,5;67;1,666667;
1963-08-05;null;null;0;8,9;3,7;,5;66;1,333333;
1963-08-06;null;null;0;13,7;4,96;,4;68,25;,333333;
1963-08-07;null;null;0;18,4;9,32;1,8;57,75;0;
1963-08-08;null;null;0;15,9;10,86;7,8;75,25;0;
1963-08-09;null;null;0;18,5;11,96;7,1;64,5;,333333;
1963-08-10;null;null;0;18,7;13,06;6,3;73,5;2,333333;
1963-08-11;null;null;32,5;16,4;11,9;9,1;86;1;
1963-08-12;null;null;0;15;10,12;8;84,25;,666667;
1963-08-13;null;null;0;18,6;10,54;4,7;82,75;,333333;
1963-08-14;null;null;0;19;11,9;8;84,5;,666667;
1963-08-15;null;null;0;15,8;11,24;9,4;76,5;1,666667;
1963-08-16;null;null;0;13,5;9,46;3,9;51;1,333333;
1963-08-17;null;null;0;15,8;8,9;1,8;74,25;,666667;
1963-08-18;null;null;0;21,6;14,08;5,2;80,5;0;
1963-08-19;null;null;7,5;17,5;14,5;12,9;97,25;,666667;
1963-08-20;null;null;44,3;19,5;15,38;12,4;91,5;1;
1963-08-21;null;null;3;24;17,76;12,7;87;1,666667;
1963-08-22;null;null;25,5;17,9;12,98;10,6;92,75;0;
1963-08-23;null;null;0;20,2;13,62;5,1;74;,333333;
1963-08-24;null;null;0;22,6;15,54;9,4;68;1,333333;
1963-08-25;null;null;0;19,8;13,18;7,4;69;1;
1963-08-26;null;null;0;22,9;15,66;7,3;78;,666667;
1963-08-27;null;null;0;25,4;19,5;14,4;87;,333333;
1963-08-28;null;null;0;25;20,46;17,7;80,5;1;
1963-08-29;null;null;0;24,7;18,9;15,5;89;,333333;
1963-08-30;null;null;0;29,5;20,34;14,7;88;,333333;
1963-08-31;null;null;0;31,9;22,78;15,7;74,75;1;
1963-09-01;null;null;20;25,4;19,62;17;96;,666667;
1963-09-02;null;null;18,4;19,1;17,44;15,8;92,5;,666667;
1963-09-03;null;null;10,4;31,7;25,24;16,5;53,75;3;
1963-09-04;null;null;0;32,5;24,62;17;63;,666667;
1963-09-05;null;null;0;33,2;28,14;25,1;54,25;3;
1963-09-06;null;null;5;27,5;21,24;17,8;83,25;3;
1963-09-07;null;null;88,4;19,9;17,54;15,8;97,75;1;
1963-09-08;null;null;9,2;20;17,42;16,3;97,25;,333333;
1963-09-09;null;null;7,2;17,5;14,94;13,5;88,75;,333333;
1963-09-10;null;null;,7;16,4;11,52;9,7;74,5;0;
1963-09-11;null;null;0;13,7;9,38;5,4;74,5;1;
1963-09-12;null;null;0;10,5;9;7,5;88,5;,666667;
1963-09-13;null;null;0;16,2;12,52;8,5;81;,666667;
1963-09-14;null;null;0;18,2;14,66;10,5;84;,333333;
1963-09-15;null;null;1,3;21,5;15,4;12,5;86,75;,333333;
1963-09-16;null;null;0;26,7;18,36;8,6;68,5;0;
1963-09-17;null;null;0;27,7;18,4;10,6;73,75;0;
1963-09-18;null;null;0;29,1;19,28;10,9;72,75;0;
1963-09-19;null;null;0;22,7;16,92;12,1;83,5;,333333;
1963-09-20;null;null;0;23,9;17,82;13,5;85,25;,666667;
1963-09-21;null;null;0;21,1;15,8;12,9;75;1;
1963-09-22;null;null;0;18,9;15,3;10,7;77,5;1;
1963-09-23;null;null;4,3;19,5;15,74;11,4;93,5;1;
1963-09-24;null;null;27,5;25,5;19;15,5;85,25;,333333;
1963-09-25;null;null;36,5;25,5;19,94;16,4;87;0;
1963-09-26;null;null;2,7;20,2;16;13,8;90,75;,333333;
1963-09-27;null;null;2;16,6;14,54;12,9;88,5;1;
1963-09-28;null;null;0;16;13,64;12,6;94,5;,666667;
1963-09-29;null;null;9,2;13,1;10,7;9,1;81;1;
1963-09-30;null;null;0;14,7;9,54;4,7;78,75;,666667;
1963-10-01;null;null;0;18,7;12,68;7,3;94,5;,333333;
1963-10-02;null;null;0;19,4;13,12;5,7;82;,333333;
1963-10-03;null;null;0;20,7;14;7,3;84,75;,666667;
1963-10-04;null;null;0;22,9;15,2;8,1;83,75;0;
1963-10-05;null;null;0;24,6;17,1;11,9;81;,333333;
1963-10-06;null;null;0;24,7;17,54;10,8;86;0;
1963-10-07;null;null;0;24,8;17,56;9,7;73,5;1;
1963-10-08;null;null;0;29,9;20,72;12,6;87,5;2;
1963-10-09;null;null;8,1;21,9;18,34;16,3;94,75;2,333333;
1963-10-10;null;null;99,3;21,1;18,04;15,9;92,75;2,333333;
1963-10-11;null;null;13,7;21,5;18,54;16,6;92,25;1;
1963-10-12;null;null;39,2;18,8;17,68;16,7;96;1;
1963-10-13;null;null;52,5;18,7;17,84;16,5;96;0;
1963-10-14;null;null;58,1;23,7;18,34;16;86,5;1;
1963-10-15;null;null;1;18,4;14,08;10,6;75;1;
1963-10-16;null;null;0;19,1;14,52;8,9;74,5;1;
1963-10-17;null;null;0;20,6;15,06;10,5;76;,666667;
1963-10-18;null;null;0;20,4;14,68;9,7;73,25;,333333;
1963-10-19;null;null;0;23,5;16,58;9,2;72;,666667;
1963-10-20;null;null;0;27,4;19,08;11,5;72;1,333333;
1963-10-21;null;null;0;27,9;20,74;16,5;75;,666667;
1963-10-22;null;null;0;19,5;13,7;10,5;72,5;,666667;
1963-10-23;null;null;0;23,2;16,22;8,1;73;1;
1963-10-24;null;null;0;25,7;18,02;11,6;81,5;,666667;
1963-10-25;null;null;0;18;16,46;14,5;91,75;,333333;
1963-10-26;null;null;32;25,2;19,44;15,5;82;,666667;
1963-10-27;null;null;4,1;25,8;19,7;15,7;84;,666667;
1963-10-28;null;null;0;24,6;20,14;15,9;72,25;,666667;
1963-10-29;null;null;0;28,5;20,6;12,8;79,25;0;
1963-10-30;null;null;0;32,6;24,48;14,4;66,75;1,666667;
1963-10-31;null;null;61,5;26,7;19,4;16,1;97;,666667;
1963-11-01;null;null;42,4;23,2;18,04;14,6;76;,666667;
1963-11-02;null;null;0;25,1;19,24;14,4;78;,666667;
1963-11-03;null;null;0;26,7;20,16;13,5;82,25;,666667;
1963-11-04;null;null;0;22,7;20,7;17,5;94;,333333;
1963-11-05;null;null;68,2;23,2;20,26;17,7;88,5;1;
1963-11-06;null;null;,5;21,9;18,18;14,6;87;,666667;
1963-11-07;null;null;3,2;19,6;18,2;16,4;95,25;,666667;
1963-11-08;null;null;21;19;16,78;14,6;95,75;1,666667;
1963-11-09;null;null;7,6;18,2;15,1;12,6;85,75;1,666667;
1963-11-10;null;null;22,6;20,4;15,24;9,9;77,25;3;
1963-11-11;null;null;0;25,7;19;11,7;75;1;
1963-11-12;null;null;0;27,2;20,12;14,5;80,75;,666667;
1963-11-13;null;null;0;25,6;17,9;12,3;87,25;,666667;
1963-11-14;null;null;0;21;15,6;12,7;72;1,333333;
1963-11-15;null;null;0;21,5;15,02;8,1;69,25;,666667;
1963-11-16;null;null;0;24;16,58;8,4;65,5;,666667;
1963-11-17;null;null;0;22,9;16,26;11,5;78,75;0;
1963-11-18;null;null;0;26;19,06;10,3;69,5;1;
1963-11-19;null;null;4,5;20,4;16,64;14,9;88,5;1,333333;
1963-11-20;null;null;7;20;14,28;11,6;67,25;1,333333;
1963-11-21;null;null;0;26,1;17,26;8,2;58,5;,333333;
1963-11-22;null;null;0;29;20,48;10,2;68;1;
1963-11-23;null;null;0;32,9;23,88;15,6;79,75;0;
1963-11-24;null;null;0;36,2;28,28;17,6;59,25;1,666667;
1963-11-25;null;null;4,8;30,2;22,28;18,6;85,25;,666667;
1963-11-26;null;null;23,7;27,5;20,54;14,4;69,75;1,666667;
1963-11-27;null;null;10,1;22,9;18,38;15,8;92,75;,333333;
1963-11-28;null;null;4,1;22,7;18,84;14,6;84,75;,666667;
1963-11-29;null;null;8,7;30;23,64;18,6;75,5;1;
1963-11-30;null;null;0;27,7;23,48;20,8;87,25;1;
1963-12-01;null;null;8;25,9;20,6;17,6;72,5;2,333333;
1963-12-02;null;null;0;25,8;19,72;13,1;76,75;,333333;
1963-12-03;null;null;4,5;21;17,94;15,1;95,75;,333333;
1963-12-04;null;null;23;24,7;19,72;17,1;81;,333333;
1963-12-05;null;null;0;28;20,5;12,6;69;1,333333;
1963-12-06;null;null;0;30;22,7;15,9;81;1;
1963-12-07;null;null;0;33,9;25,12;15,1;70,25;,666667;
1963-12-08;null;null;0;30,7;26,48;23,1;80,75;,333333;
1963-12-09;null;null;0;31,5;24,14;19,6;80,75;,333333;
1963-12-10;null;null;0;26,8;23,84;20,5;86;,666667;
1963-12-11;null;null;37,5;26,5;22,18;20,6;72;2,333333;
1963-12-12;null;null;0;26,5;19,96;14,9;76,5;,333333;
1963-12-13;null;null;0;27,7;22,02;16,3;73,5;0;
1963-12-14;null;null;0;29;21,62;14,6;72,75;,333333;
1963-12-15;null;null;0;30,5;22,56;15,9;84,25;,333333;
1963-12-16;null;null;0;30;24;16,7;88,25;,666667;
1963-12-17;null;null;0;29,1;22,34;18,8;88;,333333;
1963-12-18;null;null;48,5;23,2;17,6;15,2;89,5;3;
1963-12-19;null;null;0;22,5;16,44;10,6;82,25;,333333;
1963-12-20;null;null;0;25;17,08;10,1;85,25;0;
1963-12-21;null;null;0;27,3;20,32;16,7;78;,333333;
1963-12-22;null;null;0;30,1;20,04;12,7;70,75;,333333;
1963-12-23;null;null;0;30,5;20,8;14,5;71,5;,333333;
1963-12-24;null;null;0;32,2;22,14;15,5;71;0;
1963-12-25;null;null;0;33,2;23,4;17,3;89,5;,333333;
1963-12-26;null;null;0;34;25,04;17,6;69,5;,333333;
1963-12-27;null;null;0;33,5;27,08;20,3;58,25;0;
1963-12-28;null;null;1,5;30,2;23,7;20,2;86,75;0;
1963-12-29;null;null;0;34,2;26,1;19,2;68;0;
1963-12-30;null;null;0;39;27,64;20,6;73,25;,333333;
1963-12-31;null;null;1,3;30;23,24;20,2;84,75;0;
1964-01-01;null;null;2,3;29;21,56;18,9;81,75;1;
1964-01-02;null;null;0;30,9;23,36;14,6;64;1;
1964-01-03;null;null;0;34,1;25,62;16;58,5;0;
1964-01-04;null;null;0;35,2;26,74;18,6;66;,333333;
1964-01-05;null;null;0;34;27,02;17,6;57,5;0;
1964-01-06;null;null;0;34,6;24,54;20,2;80,75;1;
1964-01-07;null;null;9,7;29,9;24,16;18,7;90,5;0;
1964-01-08;null;null;0;29,6;23,62;18,5;77,25;1,666667;
1964-01-09;null;null;0;28,5;22,12;15,5;59,5;1;
1964-01-10;null;null;0;29,6;22,5;15,5;56,25;1;
1964-01-11;null;null;0;31;23,32;14;59,75;,666667;
1964-01-12;null;null;0;30,7;24,54;17,6;66,5;,666667;
1964-01-13;null;null;0;31,1;24,24;15,8;55,75;,666667;
1964-01-14;null;null;0;32;24,06;13,8;56,25;1;
1964-01-15;null;null;0;32;23,34;14,6;59,75;1;
1964-01-16;null;null;0;30,5;23,18;15,2;62;2,333333;
1964-01-17;null;null;0;28,5;21,92;14,7;64,5;1,666667;
1964-01-18;null;null;0;29,6;21,84;13,1;60;1,666667;
1964-01-19;null;null;0;32,6;24,42;14,4;61,5;2,333333;
1964-01-20;null;null;0;33,7;25,38;17,7;59;2;
1964-01-21;null;null;0;29,6;22,18;14,7;62,25;1;
1964-01-22;null;null;0;32,7;23,6;13,7;55,5;1;
1964-01-23;null;null;0;34,1;25,8;13,8;52,75;,666667;
1964-01-24;null;null;0;37,4;27,72;16,5;57,25;,333333;
1964-01-25;null;null;0;38,9;28,48;18,8;57,25;,333333;
1964-01-26;null;null;0;38,1;27,68;23;62,25;2;
1964-01-27;null;null;0;26,4;22,78;17,5;64,25;1,333333;
1964-01-28;null;null;0;31;22,92;13,6;57;,666667;
1964-01-29;null;null;0;35,7;26,4;16,7;60;,666667;
1964-01-30;null;null;69,5;30;24,32;19,7;84,25;1,333333;
1964-01-31;null;null;0;31,9;25,26;19,6;79,75;1;
1964-02-01;null;null;16,5;26,2;22,1;19,8;93,75;1;
1964-02-02;null;null;22,6;28,9;23,1;18,4;74,25;,666667;
1964-02-03;null;null;0;28,8;21,86;14,7;71,25;1,333333;
1964-02-04;null;null;0;32,7;23,74;13,5;74;,333333;
1964-02-05;null;null;0;34,2;27,52;20,7;72;1,333333;
1964-02-06;null;null;0;36,1;27,84;24,8;78,5;3,333333;
1964-02-07;null;null;0;30,5;25,7;22,4;82,25;1,333333;
1964-02-08;null;null;22,1;28,6;22,84;18,2;79,25;,666667;
1964-02-09;null;null;0;29,4;23;15,3;74,25;1,333333;
1964-02-10;null;null;0;29,1;22,34;15,7;72,75;1,666667;
1964-02-11;null;null;0;30,5;23,12;16,3;71,75;1,666667;
1964-02-12;null;null;0;30;23,52;16,5;77,25;,666667;
1964-02-13;null;null;0;30,5;24,02;18,4;81,25;,666667;
1964-02-14;null;null;0;36,5;27,26;17,8;68,5;1,333333;
1964-02-15;null;null;0;28,5;21,26;17,6;70,75;1,666667;
1964-02-16;null;null;0;27,4;21,22;15,5;83;,666667;
1964-02-17;null;null;0;26,5;20,98;15,9;75,5;,333333;
1964-02-18;null;null;0;23;17,5;11,9;60;2;
1964-02-19;null;null;0;25,6;19,38;11,3;64;,666667;
1964-02-20;null;null;0;27,4;19,9;12,6;65,25;,666667;
1964-02-21;null;null;0;28,9;20,98;13,9;69,75;1;
1964-02-22;null;null;0;29,1;22;14,4;76;,666667;
1964-02-23;null;null;0;30,5;22,94;16,5;69,75;,666667;
1964-02-24;null;null;0;29,9;21,82;15;75;,666667;
1964-02-25;null;null;0;31,9;23,68;15,2;69;,666667;
1964-02-26;null;null;0;33,5;25,26;19,2;69,75;0;
1964-02-27;null;null;0;35,7;26,2;19,3;69,25;,666667;
1964-02-28;null;null;0;36,5;26,86;21;70,25;1,333333;
1964-02-29;null;null;0;33,7;23,86;19,2;90;1,666667;
1964-03-01;null;null;null;null;null;null;null;null;
1964-03-02;null;null;null;null;null;null;null;null;
1964-03-03;null;null;null;null;null;null;null;null;
1964-03-04;null;null;null;null;null;null;null;null;
1964-03-05;null;null;null;null;null;null;null;null;
1964-03-06;null;null;null;null;null;null;null;null;
1964-03-07;null;null;null;null;null;null;null;null;
1964-03-08;null;null;null;null;null;null;null;null;
1964-03-09;null;null;null;null;null;null;null;null;
1964-03-10;null;null;null;null;null;null;null;null;
1964-03-11;null;null;null;null;null;null;null;null;
1964-03-12;null;null;null;null;null;null;null;null;
1964-03-13;null;null;null;null;null;null;null;null;
1964-03-14;null;null;null;null;null;null;null;null;
1964-03-15;null;null;null;null;null;null;null;null;
1964-03-16;null;null;null;null;null;null;null;null;
1964-03-17;null;null;null;null;null;null;null;null;
1964-03-18;null;null;null;null;null;null;null;null;
1964-03-19;null;null;null;null;null;null;null;null;
1964-03-20;null;null;null;null;null;null;null;null;
1964-03-21;null;null;null;null;null;null;null;null;
1964-03-22;null;null;null;null;null;null;null;null;
1964-03-23;null;null;null;null;null;null;null;null;
1964-03-24;null;null;null;null;null;null;null;null;
1964-03-25;null;null;null;null;null;null;null;null;
1964-03-26;null;null;null;null;null;null;null;null;
1964-03-27;null;null;null;null;null;null;null;null;
1964-03-28;null;null;null;null;null;null;null;null;
1964-03-29;null;null;null;null;null;null;null;null;
1964-03-30;null;null;null;null;null;null;null;null;
1964-03-31;null;null;null;null;null;null;null;null;
1964-04-01;null;null;null;21,8;16,24;6,5;77;1;
1964-04-02;null;null;0;25,1;17,3;8,8;81,5;,666667;
1964-04-03;null;null;0;28,1;19,04;10,7;82,5;,666667;
1964-04-04;null;null;0;29,1;20,3;13,3;82,5;0;
1964-04-05;null;null;0;29,1;21,04;13,7;82;,666667;
1964-04-06;null;null;42,5;21,4;18,38;16,5;91,25;,666667;
1964-04-07;null;null;6,5;27,4;20;14,5;88,5;,333333;
1964-04-08;null;null;0;23;19,76;16,7;93,5;,333333;
1964-04-09;null;null;3;27,5;21,68;17,4;91,5;,666667;
1964-04-10;null;null;21,5;27;21,6;17,5;92;,666667;
1964-04-11;null;null;0;28,5;21,2;16,3;88,75;,666667;
1964-04-12;null;null;0;22,5;18,38;15,7;89,5;,666667;
1964-04-13;null;null;61,2;23,4;16,54;14,1;87;0;
1964-04-14;null;null;0;24,1;15,82;9,5;86,75;,333333;
1964-04-15;null;null;21,5;17,5;16,1;13,5;94,5;,666667;
1964-04-16;null;null;32,3;25;19,34;15;86,25;,666667;
1964-04-17;null;null;0;20,2;14,8;12,9;75,75;,666667;
1964-04-18;null;null;0;23,8;14,56;6,3;78,25;0;
1964-04-19;null;null;0;24;17,16;12,4;77,25;,333333;
1964-04-20;null;null;0;23,5;18,06;13,8;89;0;
1964-04-21;null;null;0;24;21,22;17,6;78,25;,333333;
1964-04-22;null;null;0;22,5;20,16;19,3;78;,666667;
1964-04-23;null;null;8,2;25,5;19,46;15,7;84,25;,333333;
1964-04-24;null;null;0;18,6;13,56;11,6;78,75;,666667;
1964-04-25;null;null;0;19,3;11,96;6,1;82,75;,333333;
1964-04-26;null;null;0;19,4;13,94;7,8;70,25;,666667;
1964-04-27;null;null;27,1;18,4;13,26;10,1;80,25;1;
1964-04-28;null;null;0;19,4;12,96;7,5;78,75;,333333;
1964-04-29;null;null;0;20;14,26;8,8;83,5;,666667;
1964-04-30;null;null;0;18,9;15,78;14;92,75;,666667;
1964-05-01;null;null;7,4;15,5;13,4;11,8;93,75;2,333333;
1964-05-02;null;null;3;19;13,1;9,4;89,5;,666667;
1964-05-03;null;null;0;20,4;12,74;6,6;83;0;
1964-05-04;null;null;0;20,2;13,44;9,6;86,25;0;
1964-05-05;null;null;0;23,1;13,78;6,7;85;,333333;
1964-05-06;null;null;0;23,9;15,78;9,7;84,75;0;
1964-05-07;null;null;0;24;16,8;12,2;79,25;,333333;
1964-05-08;null;null;0;19,8;13,4;9,3;78;0;
1964-05-09;null;null;0;22,7;14,06;7,6;89,25;0;
1964-05-10;null;null;0;22,9;16;10,3;84;0;
1964-05-11;null;null;0;24,1;16,26;10;86,75;,333333;
1964-05-12;null;null;0;21,6;15,66;12,2;82,75;,333333;
1964-05-13;null;null;0;20,8;15,08;6,8;88,5;,333333;
1964-05-14;null;null;0;22,1;15,92;6;70,5;,333333;
1964-05-15;null;null;0;24,9;15,88;9,4;86,75;,333333;
1964-05-16;null;null;0;25,9;16,42;10,3;88,25;0;
1964-05-17;null;null;0;25,7;16,76;10,6;88,5;0;
1964-05-18;null;null;0;25,4;20,06;14,9;87,25;0;
1964-05-19;null;null;0;25,5;20,18;17,4;87,5;0;
1964-05-20;null;null;0;23,1;17,08;13,2;78;,333333;
1964-05-21;null;null;0;25;16,82;11,4;83,75;,333333;
1964-05-22;null;null;0;25;18,58;13,5;85,25;0;
1964-05-23;null;null;0;26,5;18,68;15,1;86,5;,333333;
1964-05-24;null;null;0;26;18,46;14,3;85,75;,333333;
1964-05-25;null;null;0;24;16,86;12,8;88,75;0;
1964-05-26;null;null;0;26,6;18,26;12,6;85,75;,333333;
1964-05-27;null;null;0;18,7;15,38;13,3;94,75;,666667;
1964-05-28;null;null;2,4;16,1;10,9;7,5;80,75;,666667;
1964-05-29;null;null;0;16,6;9,56;5,6;80,25;,333333;
1964-05-30;null;null;0;20;11,58;4,3;79;,333333;
1964-05-31;null;null;0;22,1;13,94;7,7;79,75;1,333333;
1964-06-01;null;null;0;22,5;13,38;6,9;89,5;0;
1964-06-02;null;null;0;23;14,92;6,3;74,75;1;
1964-06-03;null;null;0;23,5;17,2;9,6;70,25;,666667;
1964-06-04;null;null;28,1;19,5;13,54;10,7;87,5;3;
1964-06-05;null;null;1,7;14;8,7;6;75;,666667;
1964-06-06;null;null;0;16,9;8,78;3,7;77;,333333;
1964-06-07;null;null;0;18,4;8,84;2,7;85;,333333;
1964-06-08;null;null;0;20,8;13,62;5,9;76,25;,333333;
1964-06-09;null;null;0;18,8;14,62;11,4;84,5;,666667;
1964-06-10;null;null;0;15,4;10,44;7,3;88,25;1;
1964-06-11;null;null;0;18,9;10,92;5,4;78,5;,333333;
1964-06-12;null;null;0;16,7;8,8;2,8;77,25;,666667;
1964-06-13;null;null;0;18,6;10,2;2,6;77;,666667;
1964-06-14;null;null;0;15,5;8,66;4,2;93,25;,333333;
1964-06-15;null;null;0;14,6;8,7;4,7;92,25;,666667;
1964-06-16;null;null;0;12,3;8,58;5,2;80,5;1;
1964-06-17;null;null;0;11,1;4,56;1,5;83,75;,666667;
1964-06-18;null;null;0;14,6;5,44;,2;78,25;0;
1964-06-19;null;null;0;15;6,78;1,4;82,25;,333333;
1964-06-20;null;null;0;16,5;9,04;2,4;71;,333333;
1964-06-21;null;null;0;12,8;8,76;2,6;77,25;,333333;
1964-06-22;null;null;0;14,9;13,02;10,8;96,75;0;
1964-06-23;null;null;57,3;15,8;8,76;5,1;95;,666667;
1964-06-24;null;null;5,5;10,7;4,64;,8;72;,333333;
1964-06-25;null;null;0;16,7;7;,7;65;0;
1964-06-26;null;null;0;15,7;6,06;,2;81;0;
1964-06-27;null;null;0;17,1;7,34;,1;68,75;,333333;
1964-06-28;null;null;0;9,2;5,02;2,7;79,5;1;
1964-06-29;null;null;0;12;6,46;3,2;82,5;,666667;
1964-06-30;null;null;0;14,6;7,32;2;71,5;,666667;
1964-07-01;null;null;0;14,4;6,32;,8;83;,666667;
1964-07-02;null;null;0;14,6;7,12;,9;75,25;1;
1964-07-03;null;null;0;9;6,06;2,9;80,25;1,666667;
1964-07-04;null;null;0;11,7;5,92;1,4;88,75;,666667;
1964-07-05;null;null;0;15,4;10,06;3,5;81,25;,666667;
1964-07-06;null;null;0;15,8;11,48;7,6;89,25;,333333;
1964-07-07;null;null;0;17;13,08;8,8;91,75;,333333;
1964-07-08;null;null;3,3;14,7;8,94;6,4;72,25;1,333333;
1964-07-09;null;null;0;15,2;7,38;1,7;71,75;,333333;
1964-07-10;null;null;0;19,5;8,52;,7;92,25;0;
1964-07-11;null;null;0;19,9;12,3;3,7;83,75;0;
1964-07-12;null;null;0;18,9;15,62;13,1;96,5;0;
1964-07-13;null;null;6,2;24,9;17,26;13,8;86,75;,666667;
1964-07-14;null;null;0;25,7;18,74;12,8;71,5;1;
1964-07-15;null;null;0;23,2;17,68;15,1;83,75;1,666667;
1964-07-16;null;null;5;15,1;10,16;8,1;65,75;,666667;
1964-07-17;null;null;0;16,7;10,12;1;43,25;0;
1964-07-18;null;null;0;17,6;11,48;5,8;59,5;,333333;
1964-07-19;null;null;0;14,6;7,5;1,9;70,5;0;
1964-07-20;null;null;0;14,4;5,78;,1;77,5;0;
1964-07-21;null;null;0;13,9;6,34;,7;66;,666667;
1964-07-22;null;null;0;13;6,4;,3;78,75;,666667;
1964-07-23;null;null;0;14,5;9,76;5,1;78,75;1;
1964-07-24;null;null;0;12,3;9,02;5,3;91,25;,333333;
1964-07-25;null;null;0;15;10,46;8,5;82,75;1,333333;
1964-07-26;null;null;0;11,5;7,84;3,7;79,75;,333333;
1964-07-27;null;null;0;15,5;7,24;1,1;73,25;,333333;
1964-07-28;null;null;0;18,6;8,92;1,1;73,75;0;
1964-07-29;null;null;0;21,8;12,84;5,1;73,5;,333333;
1964-07-30;null;null;0;22,7;14,3;7,5;73,5;,666667;
1964-07-31;null;null;6,1;19,5;15,82;12,4;90,25;1,333333;
1964-08-01;null;null;4,8;16,7;11,68;9,4;95,25;1,666667;
1964-08-02;null;null;8;13,1;8,04;5,6;82,25;,666667;
1964-08-03;null;null;0;14,5;8,04;1,4;80,5;,333333;
1964-08-04;null;null;0;17,7;9,06;1,3;80,25;0;
1964-08-05;null;null;0;17,4;11,1;4,4;76;1;
1964-08-06;null;null;0;24,5;16,26;8,1;76,25;,666667;
1964-08-07;null;null;1;26,3;17,54;14;79,5;4,333333;
1964-08-08;null;null;,5;16,5;10,82;8,4;70,25;1;
1964-08-09;null;null;0;13,9;7,92;4,7;71,75;,333333;
1964-08-10;null;null;0;17,5;8,74;,6;78,5;0;
1964-08-11;null;null;0;19,5;10,8;4,5;79,5;,333333;
1964-08-12;null;null;0;25,4;15,4;6,7;71,25;,333333;
1964-08-13;null;null;0;26,1;17,68;11,1;71,5;,666667;
1964-08-14;null;null;0;21,1;15,38;12,6;84;,666667;
1964-08-15;null;null;12,2;14;9,4;6,8;89,5;1;
1964-08-16;null;null;1,3;18,5;14,2;8,4;90,5;,666667;
1964-08-17;null;null;6,2;19,5;17,64;14,5;91;,666667;
1964-08-18;null;null;20,6;18,7;13,52;10,5;87,25;1,333333;
1964-08-19;null;null;1;18,7;11,98;4,5;64,5;,333333;
1964-08-20;null;null;0;14;6,26;,1;65,25;0;
1964-08-21;null;null;0;17,1;8,82;,6;78,25;0;
1964-08-22;null;null;0;14,5;8,7;5,4;67,75;1,333333;
1964-08-23;null;null;0;12,6;7,86;1,5;85,25;1;
1964-08-24;null;null;6;15;12,38;8,5;93,75;,333333;
1964-08-25;null;null;0;16,2;12,58;10,6;91,5;,333333;
1964-08-26;null;null;0;20,6;13,12;6;89,75;,333333;
1964-08-27;null;null;0;22,7;16,84;12,4;92,5;0;
1964-08-28;null;null;0;27,1;20,22;13,7;77,5;1,333333;
1964-08-29;null;null;13,5;21,6;13,84;10,3;77;2,333333;
1964-08-30;null;null;0;19;11,3;3,7;75;1,666667;
1964-08-31;null;null;2,5;25;18,48;11,6;84,75;,666667;
1964-09-01;null;null;0;20,8;11,38;7,9;67;1,666667;
1964-09-02;null;null;0;14,5;8,5;1,6;79,25;,333333;
1964-09-03;null;null;null;null;null;null;null;null;
1964-09-04;null;null;null;20,8;null;9,7;null;0;
1964-09-05;null;null;null;22,5;14,24;5,4;85,5;,666667;
1964-09-06;null;null;0;20,9;14,82;8,5;80,5;,333333;
1964-09-07;null;null;3,2;16,4;13,68;10,8;83,5;1,333333;
1964-09-08;null;null;0;19,5;14,68;10,2;86;,333333;
1964-09-09;null;null;0;15,9;13,5;11,5;92;1,666667;
1964-09-10;null;null;0;15,9;10,2;7,1;63,75;1,333333;
1964-09-11;null;null;0;15,4;8,98;2,8;71,75;,666667;
1964-09-12;null;null;0;21,2;11,76;3,2;62,25;,333333;
1964-09-13;null;null;0;25,5;15,24;6,2;59,5;,666667;
1964-09-14;null;null;0;28,9;19,06;10,6;61,5;,666667;
1964-09-15;null;null;0;21,4;18,32;15,7;86;1,666667;
1964-09-16;null;null;2,7;26;19,64;15,6;75,5;3;
1964-09-17;null;null;1;23,6;16,16;8,5;83,75;,666667;
1964-09-18;null;null;0;22,5;16,92;9,6;87,5;,333333;
1964-09-19;null;null;10;20;17,74;15,7;92,75;,333333;
1964-09-20;null;null;,7;20,2;16,3;11,6;82,25;,666667;
1964-09-21;null;null;0;18,6;16,22;13,6;85,75;,666667;
1964-09-22;null;null;0;20,3;15,68;12,6;80;1;
1964-09-23;null;null;0;23;16,88;11,7;78,25;1;
1964-09-24;null;null;0;25,7;19,12;13;83,25;1;
1964-09-25;null;null;0;24,1;18,82;14,6;88,25;,666667;
1964-09-26;null;null;0;26,1;19,46;14,2;84,75;0;
1964-09-27;null;null;0;24,7;19,32;13,5;90,5;,666667;
1964-09-28;null;null;7,5;20,2;16,6;14,2;87,75;1,666667;
1964-09-29;null;null;0;20,2;15,52;11,6;92,75;,666667;
1964-09-30;null;null;14,9;17,7;14,22;11,7;74;,333333;
1964-10-01;null;null;0;18,5;12,42;8,3;59,5;1,333333;
1964-10-02;null;null;0;18,4;11,4;4,9;67,75;,666667;
1964-10-03;null;null;0;17,8;11,56;6,1;63,75;1;
1964-10-04;null;null;0;19,5;12,78;4,4;61,25;,333333;
1964-10-05;null;null;0;22,4;14,72;5,5;60,25;,666667;
1964-10-06;null;null;0;21,9;15,08;6,5;60,75;0;
1964-10-07;null;null;0;20,5;13,68;8,2;70,5;1;
1964-10-08;null;null;0;22,1;15,52;12;73,5;,666667;
1964-10-09;null;null;0;20;13,8;7,7;79;1;
1964-10-10;null;null;0;21,8;15,48;10,5;70,25;,666667;
1964-10-11;null;null;0;20,9;15;9,5;79,75;,666667;
1964-10-12;null;null;0;22,5;16,56;10,9;73,25;,666667;
1964-10-13;null;null;0;24,7;17,2;10,8;70,25;,666667;
1964-10-14;null;null;0;26,6;19,14;11,8;71;,666667;
1964-10-15;null;null;0;28,5;20,58;13,8;74,5;0;
1964-10-16;null;null;0;28,1;20,26;13,5;70,5;0;
1964-10-17;null;null;0;25,5;18,58;13,5;77,25;1;
1964-10-18;null;null;0;25;19,06;10,5;69,75;,666667;
1964-10-19;null;null;0;25,5;19,4;14,1;78,25;,666667;
1964-10-20;null;null;0;20,5;15,08;11,8;95,5;2,333333;
1964-10-21;null;null;39,7;13,4;10,76;8,7;77,25;1,666667;
1964-10-22;null;null;0;20;12,6;5,5;65,25;,666667;
1964-10-23;null;null;0;22,6;15,42;7,8;77,75;,333333;
1964-10-24;null;null;0;25,5;17,3;7,5;61;,333333;
1964-10-25;null;null;0;21,7;17,66;12,6;88,25;,333333;
1964-10-26;null;null;9,7;25,6;19,8;16,3;68;,666667;
1964-10-27;null;null;0;27;18,92;11;68,75;,666667;
1964-10-28;null;null;0;27,6;20,34;13,1;76,25;,666667;
1964-10-29;null;null;0;28,5;22,58;17,7;77,5;,666667;
1964-10-30;null;null;0;30,6;20,9;14,1;55,75;1;
1964-10-31;null;null;0;19,9;12,7;6,8;58;,666667;
1964-11-01;null;null;0;22,5;16,46;5,6;56,25;,333333;
1964-11-02;null;null;0;27;18,52;9,8;61;,666667;
1964-11-03;null;null;0;25;19,04;13;68,5;,666667;
1964-11-04;null;null;4,5;19,6;16,2;14,6;95;,666667;
1964-11-05;null;null;14,5;21,5;16,02;12,3;82,25;,666667;
1964-11-06;null;null;0;26,6;19,2;10,8;53,5;,666667;
1964-11-07;null;null;0;28,5;20,64;12,5;52,25;,666667;
1964-11-08;null;null;0;23,1;18,14;11,1;75,75;1,666667;
1964-11-09;null;null;0;21;15;8,2;64,5;1,333333;
1964-11-10;null;null;0;21,9;14,42;7,5;65;1;
1964-11-11;null;null;0;24,1;16,08;7,5;65,75;,666667;
1964-11-12;null;null;0;27,4;18,88;9,1;68;0;
1964-11-13;null;null;0;29,1;20,8;13,6;63,5;1,666667;
1964-11-14;null;null;0;23,1;17,22;12,5;67,5;1,666667;
1964-11-15;null;null;0;24,3;17,56;11,2;59,5;,666667;
1964-11-16;null;null;0;27,5;18,72;8,2;61,5;,666667;
1964-11-17;null;null;0;30,5;19,72;11,5;76;,333333;
1964-11-18;null;null;20,2;27,7;20,86;12,3;74,25;1;
1964-11-19;null;null;0;30,7;22,66;14,9;69,25;,666667;
1964-11-20;null;null;0;23,6;18,3;15,8;91,25;1,666667;
1964-11-21;null;null;,6;17,5;15,84;14;87,75;,666667;
1964-11-22;null;null;,8;26,1;18,62;10,8;91;1;
1964-11-23;null;null;0;27,6;19,86;11,2;69;,666667;
1964-11-24;null;null;0;29,2;22,14;14,1;63,25;,666667;
1964-11-25;null;null;0;26,7;19,28;13,1;63,25;1,666667;
1964-11-26;null;null;0;31,5;22,9;12,3;65,25;1;
1964-11-27;null;null;0;35;27,42;18,3;51;2,333333;
1964-11-28;null;null;18;28,6;19,14;14;94,75;1,333333;
1964-11-29;null;null;10,8;23,2;20,24;16,8;80,75;1;
1964-11-30;null;null;1,5;26,5;20,74;14,9;77,25;1,666667;
1964-12-01;null;null;0;30,4;22,36;14;75,75;1,666667;
1964-12-02;null;null;0;24,2;20,56;17,5;78,25;3;
1964-12-03;null;null;4,6;24,8;17,54;10,6;56;1;
1964-12-04;null;null;0;26,5;18,64;9,7;64,5;,666667;
1964-12-05;null;null;0;30,5;21,46;12,5;65,5;,666667;
1964-12-06;null;null;0;33,1;24,3;16,1;70,5;0;
1964-12-07;null;null;0;35;27,48;17,7;54,75;,333333;
1964-12-08;null;null;0;31,4;27;18,8;64,5;,666667;
1964-12-09;null;null;0;34,4;28,02;20,6;61,5;0;
1964-12-10;null;null;0;36,8;27,94;19,2;60,5;1;
1964-12-11;null;null;1;30,9;23,7;20,7;74,5;2,333333;
1964-12-12;null;null;1;22,1;16,56;12,9;73,75;1,333333;
1964-12-13;null;null;,4;25,5;19,14;11,8;49,5;,666667;
1964-12-14;null;null;0;30;21,72;11,1;48,25;,666667;
1964-12-15;null;null;0;31,9;23,86;15,2;51,5;1,333333;
1964-12-16;null;null;0;33,5;26,28;16,5;51,25;,666667;
1964-12-17;null;null;0;27;18,02;11,6;60,75;2;
1964-12-18;null;null;0;27,6;19,9;10;50;,666667;
1964-12-19;null;null;0;30,1;21,24;11,5;52,5;,666667;
1964-12-20;null;null;0;32,7;24,32;15;58,5;,666667;
1964-12-21;null;null;0;29;21,94;17,8;72,5;,333333;
1964-12-22;null;null;0;32,6;24,86;17,1;65;,666667;
1964-12-23;null;null;0;36;27,54;18,2;61,75;,333333;
1964-12-24;null;null;0;37,5;27,26;22,1;69;,666667;
1964-12-25;null;null;64,6;27,5;21,98;17,3;74,25;,666667;
1964-12-26;null;null;0;29,5;22,96;15,8;71;,666667;
1964-12-27;null;null;0;30;22,2;12,9;79;,333333;
1964-12-28;null;null;13,2;23,1;18,06;15,7;81,25;,666667;
1964-12-29;null;null;,4;25,5;19,64;11,9;53,5;,666667;
1964-12-30;null;null;0;29,2;21,56;12,7;55,75;,333333;
1964-12-31;null;null;0;30,5;22,72;15,5;59;1,333333;
1965-01-01;null;null;0;32,1;24,96;17,4;64,5;,333333;
1965-01-02;null;null;0;34,5;26,74;18,7;58,75;,666667;
1965-01-03;null;null;5;26,5;21,16;17,6;61,75;1;
1965-01-04;null;null;1,7;26,6;19,84;12,7;58,75;,333333;
1965-01-05;null;null;0;29,9;20,98;13,3;63,75;,666667;
1965-01-06;null;null;0;33,4;24,02;14,6;64,5;,333333;
1965-01-07;null;null;0;25,5;21,1;17,5;75,25;1;
1965-01-08;null;null;4,5;25,5;18,64;12,8;48,5;1;
1965-01-09;null;null;0;27,9;19,3;8,4;43;,333333;
1965-01-10;null;null;0;30,8;22,1;13,8;57,25;,666667;
1965-01-11;null;null;0;34,5;25,28;15,1;49,5;,666667;
1965-01-12;null;null;0;35,6;26,88;17,8;55,5;1,333333;
1965-01-13;null;null;0;34,7;26,16;17,6;64,25;,666667;
1965-01-14;null;null;0;35,5;26,64;19,1;67;1;
1965-01-15;null;null;0;27,6;23,86;21,6;85,75;,666667;
1965-01-16;null;null;14,5;33,5;26,64;20,6;68,75;1,333333;
1965-01-17;null;null;0;33,2;27,58;22;60;,666667;
1965-01-18;null;null;0;30,7;24,46;18,8;72,5;,666667;
1965-01-19;null;null;0;31,6;24,48;17,6;60,5;,666667;
1965-01-20;null;null;0;31,7;24,5;17,8;64,75;1,333333;
1965-01-21;null;null;0;36,5;26,96;17,6;52,75;1;
1965-01-22;null;null;0;34,5;27,62;20,4;53,25;,666667;
1965-01-23;null;null;0;34,8;27,66;19,5;55,75;1,333333;
1965-01-24;null;null;0;35,5;27,2;18,8;61,25;0;
1965-01-25;null;null;0;36,8;27,74;18,1;55,25;,333333;
1965-01-26;null;null;0;36,5;27,96;20,2;53;1,666667;
1965-01-27;null;null;0;36,1;27,32;19,4;53;1,333333;
1965-01-28;null;null;0;34,1;25,68;18;55,25;1,666667;
1965-01-29;null;null;0;35;26;16,5;61,25;1,333333;
1965-01-30;null;null;0;36,2;25,24;20,1;73;,666667;
1965-01-31;null;null;3,1;35;27,68;20,1;59;,333333;
1965-02-01;null;null;0;37,4;25,84;20,9;70;1,333333;
1965-02-02;null;null;5;28,6;23,94;18,1;81,5;0;
1965-02-03;null;null;0;34;26,02;19,3;71;,333333;
1965-02-04;null;null;0;33,3;25,2;22,5;57,5;1,666667;
1965-02-05;null;null;0;31,7;23,16;14,3;49;,666667;
1965-02-06;null;null;0;36,2;27,68;18,5;35,25;1;
1965-02-07;null;null;0;33,1;24,1;15,9;46,25;1;
1965-02-08;null;null;0;30,9;23,44;17,8;57,25;,333333;
1965-02-09;null;null;0;32,1;23,48;16;70;1,333333;
1965-02-10;null;null;0;34,6;24,84;15,9;52,5;,666667;
1965-02-11;null;null;0;36,4;25,68;17,6;53,5;1;
1965-02-12;null;null;0;32,9;26,68;21,6;69,25;1;
1965-02-13;null;null;0;31,1;25,8;20,8;55,75;1,333333;
1965-02-14;null;null;0;32,9;24;14,5;44,5;0;
1965-02-15;null;null;0;36,1;24,74;13,8;49;,666667;
1965-02-16;null;null;1,8;29,6;23,88;19,9;68,75;0;
1965-02-17;null;null;0;37,1;26,2;15,6;53;0;
1965-02-18;null;null;0;38,1;28,26;19,6;49;,333333;
1965-02-19;null;null;0;39;28,96;19,7;49,5;,333333;
1965-02-20;null;null;0;36,4;28,24;21,5;53,5;0;
1965-02-21;null;null;0;37,1;28,02;22,3;56;,333333;
1965-02-22;null;null;0;34,2;25,62;20,8;69,5;,666667;
1965-02-23;null;null;0;35,5;27,76;20,2;58,25;0;
1965-02-24;null;null;0;36,6;25,88;21,2;65;,666667;
1965-02-25;null;null;0;36,5;27,62;20,3;57,25;0;
1965-02-26;null;null;0;34;25,3;20,4;76,25;,666667;
1965-02-27;null;null;0;34,4;25,92;20,5;78,5;,333333;
1965-02-28;null;null;0;33,4;24,3;17,4;73,75;,666667;
1965-03-01;null;null;0;32,1;23,24;14,9;64;1;
1965-03-02;null;null;0;30,2;21,1;17,1;61,75;1;
1965-03-03;null;null;3,4;26,4;18,46;11,5;54,25;1,333333;
1965-03-04;null;null;0;30,5;20,58;11,1;58,75;,666667;
1965-03-05;null;null;0;32,4;24,44;14,5;50;,666667;
1965-03-06;null;null;0;31,4;21,94;13,6;58,25;,666667;
1965-03-07;null;null;0;35,4;22,42;15,8;80;1;
1965-03-08;null;null;2,3;28,4;22,06;17,1;71,5;1;
1965-03-09;null;null;0;22,5;17,22;12,1;59,5;2,333333;
1965-03-10;null;null;0;23;16,5;11,1;61,5;1,666667;
1965-03-11;null;null;0;26;17,84;9,5;54;,333333;
1965-03-12;null;null;0;30,4;19,82;9,4;53,25;0;
1965-03-13;null;null;0;32,1;22,1;13,4;55,5;,666667;
1965-03-14;null;null;0;34,1;23,64;13,4;53,5;,666667;
1965-03-15;null;null;0;35;25,06;17;56,25;,333333;
1965-03-16;null;null;0;35;23,7;16,9;64,5;1;
1965-03-17;null;null;21,7;23,1;18;15,6;95,75;1,666667;
1965-03-18;null;null;34,4;21,4;15,98;13,6;84;,333333;
1965-03-19;null;null;0;23,1;15,94;10,1;70,5;,333333;
1965-03-20;null;null;0;26,5;18,26;9,6;58,5;,333333;
1965-03-21;null;null;0;25,5;18,76;12,2;66;1,333333;
1965-03-22;null;null;0;23,2;19,06;13,6;70;2,333333;
1965-03-23;null;null;0;24,1;19,1;15,7;85;,333333;
1965-03-24;null;null;0;23,9;18,88;15;74;1;
1965-03-25;null;null;0;25,5;19,42;14,8;73,75;2;
1965-03-26;null;null;0;25,1;18,78;14,9;73,5;,666667;
1965-03-27;null;null;0;22,5;17,04;13,5;81,25;2,333333;
1965-03-28;null;null;3,3;21,9;18,54;15,4;86,5;1,666667;
1965-03-29;null;null;5,2;23,1;18,4;14,9;85,5;,666667;
1965-03-30;null;null;0;27,2;19,48;13,5;84;0;
1965-03-31;null;null;0;27;19,66;13,4;75,25;,333333;
1965-04-01;null;null;null;null;null;null;null;null;
1965-04-02;null;null;null;null;null;null;null;null;
1965-04-03;null;null;null;null;null;null;null;null;
1965-04-04;null;null;null;null;null;null;null;null;
1965-04-05;null;null;null;null;null;null;null;null;
1965-04-06;null;null;null;null;null;null;null;null;
1965-04-07;null;null;null;null;null;null;null;null;
1965-04-08;null;null;null;null;null;null;null;null;
1965-04-09;null;null;null;null;null;null;null;null;
1965-04-10;null;null;null;null;null;null;null;null;
1965-04-11;null;null;null;null;null;null;null;null;
1965-04-12;null;null;null;null;null;null;null;null;
1965-04-13;null;null;null;null;null;null;null;null;
1965-04-14;null;null;null;null;null;null;null;null;
1965-04-15;null;null;null;null;null;null;null;null;
1965-04-16;null;null;null;null;null;null;null;null;
1965-04-17;null;null;null;null;null;null;null;null;
1965-04-18;null;null;null;null;null;null;null;null;
1965-04-19;null;null;null;null;null;null;null;null;
1965-04-20;null;null;null;null;null;null;null;null;
1965-04-21;null;null;null;null;null;null;null;null;
1965-04-22;null;null;null;null;null;null;null;null;
1965-04-23;null;null;null;null;null;null;null;null;
1965-04-24;null;null;null;null;null;null;null;null;
1965-04-25;null;null;null;null;null;null;null;null;
1965-04-26;null;null;null;null;null;null;null;null;
1965-04-27;null;null;null;null;null;null;null;null;
1965-04-28;null;null;null;null;null;null;null;null;
1965-04-29;null;null;null;null;null;null;null;null;
1965-04-30;null;null;null;null;null;null;null;null;
1965-05-01;null;null;null;23,5;15,46;8,8;86,75;0;
1965-05-02;null;null;0;23,7;16,5;10,8;89,75;0;
1965-05-03;null;null;0;24,8;16,8;12,2;88,25;0;
1965-05-04;null;null;0;25,4;16,8;8,6;75;,333333;
1965-05-05;null;null;0;19,2;17,06;15,1;89,25;0;
1965-05-06;null;null;26,6;18,2;16,44;14,4;98;,333333;
1965-05-07;null;null;45,1;18,1;13,4;11,5;82,5;,666667;
1965-05-08;null;null;0;20,6;14,64;7,5;87;,333333;
1965-05-09;null;null;0;20,4;17,54;16;92,25;0;
1965-05-10;null;null;0;19,5;15,3;12,4;83,75;0;
1965-05-11;null;null;0;19,2;12,92;5,3;72,75;0;
1965-05-12;null;null;0;23;14,56;6,1;81,75;,666667;
1965-05-13;null;null;0;24,5;18,5;13,6;82;0;
1965-05-14;null;null;6,5;18,9;13,2;11,1;75,75;,666667;
1965-05-15;null;null;0;18;10,14;3,7;71,5;0;
1965-05-16;null;null;0;12,6;8,48;5,2;73,5;,666667;
1965-05-17;null;null;0;13,5;8,32;4,4;77,5;,333333;
1965-05-18;null;null;0;14,5;8,54;2,7;71;,333333;
1965-05-19;null;null;0;16,4;9,64;4,1;76,5;,333333;
1965-05-20;null;null;0;18,6;10,88;3,5;75,25;,666667;
1965-05-21;null;null;0;13,1;8,24;3,4;70,5;1,666667;
1965-05-22;null;null;0;12,6;9,14;6,1;81,5;,333333;
1965-05-23;null;null;0;16,1;9,02;4,1;88,25;0;
1965-05-24;null;null;0;18,9;9,7;3,4;77,75;0;
1965-05-25;null;null;0;24;13,38;4,7;79,75;0;
1965-05-26;null;null;0;24,5;17,84;11,8;78;1;
1965-05-27;null;null;5,3;19,5;14,92;12,1;71,25;,333333;
1965-05-28;null;null;0;27,1;18,42;13,3;71,5;1;
1965-05-29;null;null;0;27,1;20,74;16,5;71,75;2;
1965-05-30;null;null;0;24,6;19,06;16,1;86,75;,666667;
1965-05-31;null;null;3,1;19,5;15,24;13,4;92,25;,333333;
1965-06-01;null;null;null;null;null;null;null;null;
1965-06-02;null;null;null;null;null;null;null;null;
1965-06-03;null;null;null;null;null;null;null;null;
1965-06-04;null;null;null;null;null;null;null;null;
1965-06-05;null;null;null;null;null;null;null;null;
1965-06-06;null;null;null;null;null;null;null;null;
1965-06-07;null;null;null;23,7;null;14,5;null;0;
1965-06-08;null;null;null;21,5;15,3;11,8;94,75;,333333;
1965-06-09;null;null;0;15,7;13,48;11,8;96,25;0;
1965-06-10;null;null;1,7;14,6;11,76;9,6;88,25;,666667;
1965-06-11;null;null;0;14,1;11,5;10,5;90,25;,666667;
1965-06-12;null;null;0;13,7;9,66;6,6;94,5;0;
1965-06-13;null;null;0;16,9;10,1;5,2;95,5;0;
1965-06-14;null;null;0;18,1;12,58;7,1;94,5;,333333;
1965-06-15;null;null;0;17,5;14,8;11,8;97,5;0;
1965-06-16;null;null;0;23,2;16,48;12,1;92,25;0;
1965-06-17;null;null;0;25,1;17,86;13,2;95,25;0;
1965-06-18;null;null;0;25,7;19,28;14,3;91,75;,333333;
1965-06-19;null;null;0;26,1;19,36;13,9;93,25;0;
1965-06-20;null;null;0;24,6;16,8;11,7;85,5;,333333;
1965-06-21;null;null;0;25,2;17,38;11,4;81,75;,666667;
1965-06-22;null;null;0;21,5;15,58;10,8;94,25;,333333;
1965-06-23;null;null;2,2;25,6;17,64;12,5;90,25;0;
1965-06-24;null;null;0;25,5;18,28;13,6;85;,333333;
1965-06-25;null;null;0;25,8;17,86;13,1;89,75;,333333;
1965-06-26;null;null;0;25,4;17,12;12,6;84,75;,666667;
1965-06-27;null;null;0;24,5;17,02;13,1;90;0;
1965-06-28;null;null;0;26,5;18,1;11,5;79,5;,333333;
1965-06-29;null;null;0;24,6;18,54;14,5;86,25;,666667;
1965-06-30;null;null;25,5;20,6;16,42;13,1;92,5;,333333;
1965-07-01;null;null;0;18,5;16,46;14,8;89;1;
1965-07-02;null;null;0;18,1;15,88;14,1;93;,666667;
1965-07-03;null;null;0;18,1;16,1;13;93,25;,333333;
1965-07-04;null;null;0;17,1;9,36;6,6;70;2;
1965-07-05;null;null;0;9,6;4,52;1,3;78,25;,666667;
1965-07-06;null;null;0;9,4;4,44;,7;71;,666667;
1965-07-07;null;null;0;11,5;5,02;-,9;71,75;,333333;
1965-07-08;null;null;0;13,9;6,58;1;70;,333333;
1965-07-09;null;null;0;11,5;6,82;1,8;81;,666667;
1965-07-10;null;null;0;9;4,92;1,6;76;1,666667;
1965-07-11;null;null;0;10;3,48;-2,5;70;,333333;
1965-07-12;null;null;0;16,5;8,08;1,3;68;3,666667;
1965-07-13;null;null;0;21,1;12,88;6,2;75,25;3;
1965-07-14;null;null;0;14;7,96;5,6;77,25;1,666667;
1965-07-15;null;null;0;9,1;4,4;2,2;68,5;,666667;
1965-07-16;null;null;0;9,5;2,58;-2,9;88;,333333;
1965-07-17;null;null;0;8,5;5,86;1;83,5;0;
1965-07-18;null;null;1,3;25,5;16,98;6,7;76;1;
1965-07-19;null;null;9,1;22,2;11,08;7,2;85,75;3;
1965-07-20;null;null;0;12,1;8,46;4,5;80,5;,666667;
1965-07-21;null;null;0;13,2;9,56;7,4;89;1;
1965-07-22;null;null;0;19,4;12,64;6,4;87;1;
1965-07-23;null;null;0;27,5;18,82;13,9;69,25;1;
1965-07-24;null;null;0;27,8;18,26;10,7;72,75;0;
1965-07-25;null;null;0;27,7;19,48;13;84,5;1,333333;
1965-07-26;null;null;0;27,7;18;11,8;81,75;0;
1965-07-27;null;null;0;20,4;16,06;12,5;87;1,333333;
1965-07-28;null;null;6,2;19,5;15,58;12,9;93,25;0;
1965-07-29;null;null;0;23;16,08;10,1;89,5;0;
1965-07-30;null;null;0;17,4;14,62;13,1;97,75;,666667;
1965-07-31;null;null;0;22,2;15,98;11,3;87,5;,333333;
1965-08-01;null;null;0;25,1;16,92;10,5;75;1;
1965-08-02;null;null;26,2;17,6;15,04;13,7;97,75;,666667;
1965-08-03;null;null;66,1;14,5;11,86;10,9;89,75;,333333;
1965-08-04;null;null;0;18,5;10,2;4,6;75,5;1,333333;
1965-08-05;null;null;0;23,3;12,82;4,5;68,75;,666667;
1965-08-06;null;null;0;23,4;13,74;7,6;83,5;,666667;
1965-08-07;null;null;0;25,6;17,46;11,3;80,25;,666667;
1965-08-08;null;null;0;27,8;19,3;12,9;82;,666667;
1965-08-09;null;null;0;28,4;20,6;15,1;81,75;,666667;
1965-08-10;null;null;0;28,1;21,5;15,6;73,5;1,666667;
1965-08-11;null;null;0;28,6;23,46;17,7;65,75;1;
1965-08-12;null;null;25,1;25;17,76;13;74,5;,333333;
1965-08-13;null;null;0;28,5;22,26;15,1;75,75;3;
1965-08-14;null;null;36,1;24,9;16,16;11,4;85,25;,666667;
1965-08-15;null;null;0;20;15,66;8,5;84,25;1,666667;
1965-08-16;null;null;65,5;21,1;16,1;14,1;82,75;2,333333;
1965-08-17;null;null;4,2;14,7;11,56;9,7;66,5;2,333333;
1965-08-18;null;null;1,2;11,2;8,68;7,2;76,5;2,333333;
1965-08-19;null;null;0;9,4;5,94;3,3;80;2,333333;
1965-08-20;null;null;0;8,4;6,04;3,2;86,5;3;
1965-08-21;null;null;0;13,8;9,9;4,9;89;1,333333;
1965-08-22;null;null;null;null;null;null;null;null;
1965-08-23;null;null;null;null;null;null;null;null;
1965-08-24;null;null;null;null;null;null;null;null;
1965-08-25;null;null;null;null;null;null;null;null;
1965-08-26;null;null;null;null;null;null;null;null;
1965-08-27;null;null;null;null;null;null;null;null;
1965-08-28;null;null;null;13,1;null;8,9;null;3;
1965-08-29;null;null;0;11;9,6;6,5;92,75;,333333;
1965-08-30;null;null;0;15,4;12,56;10;87;1;
1965-08-31;null;null;0;14,8;13,06;10,5;94,75;0;
1965-09-01;null;null;10;15,5;13,64;12,7;94,5;1;
1965-09-02;null;null;12;19,1;14,28;9,6;86,25;,333333;
1965-09-03;null;null;13,1;18,5;14,86;12,7;95,75;,333333;
1965-09-04;null;null;1;15,6;13,54;12,1;93,5;1,666667;
1965-09-05;null;null;2;13,4;10,2;7,2;86,75;3;
1965-09-06;null;null;5,5;13;10,12;6,7;82,25;1;
1965-09-07;null;null;0;15,4;12,3;8,1;90,75;2,333333;
1965-09-08;null;null;6,2;15,5;14,34;12,3;98,25;0;
1965-09-09;null;null;41,6;17,1;15,8;14,4;98,5;0;
1965-09-10;null;null;55,8;16,2;13,44;11,5;90,5;,666667;
1965-09-11;null;null;4;14,9;9,72;6,3;85;2;
1965-09-12;null;null;0;19,1;10,6;2,6;90,5;,333333;
1965-09-13;null;null;0;22,6;14,64;5,4;86,75;2;
1965-09-14;null;null;3,7;17,4;11,28;8,1;98,75;2,333333;
1965-09-15;null;null;0;16;9,32;1,5;88,25;1;
1965-09-16;null;null;0;13,5;10,6;7,6;98,25;0;
1965-09-17;null;null;15,4;18,6;14,6;11,2;96,75;1,666667;
1965-09-18;null;null;20;15,7;12,88;10,1;95;1,333333;
1965-09-19;null;null;0;17,6;13,28;10,6;96,25;1;
1965-09-20;null;null;0;22,5;15,12;7,8;88;,666667;
1965-09-21;null;null;0;23,6;15,58;8,5;91,5;0;
1965-09-22;null;null;0;26,6;17,64;9,6;88,25;,333333;
1965-09-23;null;null;0;29,6;19,78;10,8;88,25;1;
1965-09-24;null;null;0;30,9;21,74;16,4;97,75;3;
1965-09-25;null;null;16;18,9;13,04;8;92,75;2;
1965-09-26;null;null;0;18,5;12,3;7,5;90,25;0;
1965-09-27;null;null;0;22,7;14,14;5,9;87,25;0;
1965-09-28;null;null;0;25,8;16,26;8,8;91;,666667;
1965-09-29;null;null;0;28,4;21,26;16,6;92;0;
1965-09-30;null;null;0;24,5;18,6;14,8;92,25;1;
1965-10-01;null;null;0;17,2;11,86;9,9;97;1,666667;
1965-10-02;null;null;0;20,9;11,6;2,5;94;,333333;
1965-10-03;null;null;0;25;14,92;6,5;94,5;1;
1965-10-04;null;null;0;29;18,94;9,2;94,75;,333333;
1965-10-05;null;null;0;30,1;22,12;13,6;92,25;,333333;
1965-10-06;null;null;2,1;25,8;20,34;18,1;82;,333333;
1965-10-07;null;null;0;27,6;20,78;15,1;82,25;0;
1965-10-08;null;null;0;30,4;22,52;14,5;85;0;
1965-10-09;null;null;0;31,9;26,12;18,8;95,75;1;
1965-10-10;null;null;2,5;27,1;15,82;10,4;66;1,666667;
1965-10-11;null;null;0;18,1;11,4;5,4;76,75;2,333333;
1965-10-12;null;null;0;25,1;16,04;6,9;92,5;,666667;
1965-10-13;null;null;0;26,9;19,1;11,8;86,5;,333333;
1965-10-14;null;null;0;26;19,38;11,4;52,5;,666667;
1965-10-15;null;null;0;29,9;21,06;12,1;74,5;,333333;
1965-10-16;null;null;0;30,6;22,38;13,5;94,25;,666667;
1965-10-17;null;null;0;34;22,38;15,5;96;,666667;
1965-10-18;null;null;41,5;20,2;17,84;16,4;96,25;,333333;
1965-10-19;null;null;43,9;23,7;19,04;15;85,25;,666667;
1965-10-20;null;null;0;25,9;18,86;13,6;81,75;1,666667;
1965-10-21;null;null;0;25,4;18,92;13,1;87;1,333333;
1965-10-22;null;null;39,2;23;18,68;14,9;87,25;1;
1965-10-23;null;null;0;25,5;19,68;13,8;83,25;1;
1965-10-24;null;null;44,3;21,1;17,48;15,5;96,25;,666667;
1965-10-25;null;null;3,4;23,5;17,72;13,3;84,25;,333333;
1965-10-26;null;null;0;25,7;19,28;13,6;82;,333333;
1965-10-27;null;null;0;29,9;19,88;14,6;85,25;2;
1965-10-28;null;null;31,6;19,7;16,2;14,8;97,75;1,333333;
1965-10-29;null;null;13,6;20,2;14,74;9,6;81;,666667;
1965-10-30;null;null;0;20,5;14,72;10,6;93,25;1,666667;
1965-10-31;null;null;0;22,1;15,82;8,8;90;1,666667;
1965-11-01;null;null;0;25,1;17,6;9,4;87,75;1,666667;
1965-11-02;null;null;0;28,4;20,32;12;73,5;1;
1965-11-03;null;null;0;21,7;17,56;14,9;91,5;,333333;
1965-11-04;null;null;,9;19,5;14,12;8,5;65,75;1;
1965-11-05;null;null;0;23,1;15,74;9,6;79,25;,666667;
1965-11-06;null;null;0;22,4;17,34;11,8;87,25;1;
1965-11-07;null;null;10,1;26,6;20,02;16;85;1,666667;
1965-11-08;null;null;0;26;19,82;14,6;74,5;1;
1965-11-09;null;null;0;26,5;20,94;14,3;75;1;
1965-11-10;null;null;0;22,1;18,34;16,1;92,75;,666667;
1965-11-11;null;null;50,8;21,1;17,62;15,6;83,75;3;
1965-11-12;null;null;0;17,2;13,18;10;84,5;1,666667;
1965-11-13;null;null;3,1;16;13,48;11,3;92;2;
1965-11-14;null;null;4,2;21;15,92;12,1;90,75;,666667;
1965-11-15;null;null;,7;22,5;17,92;12,4;72,5;,666667;
1965-11-16;null;null;0;25,5;19,7;11,3;73,75;0;
1965-11-17;null;null;0;29,9;21,12;11,8;72;,333333;
1965-11-18;null;null;0;32,1;24,36;14,2;58,75;0;
1965-11-19;null;null;0;33,7;25,66;17,1;74;,666667;
1965-11-20;null;null;0;32,9;25,66;18,6;81,75;0;
1965-11-21;null;null;0;33,6;26,34;19,8;71,75;,666667;
1965-11-22;null;null;0;34,1;26,98;20;70;1;
1965-11-23;null;null;0;27,9;22,38;19,5;83,5;1,333333;
1965-11-24;null;null;18,7;19,6;18,18;16,5;87;1;
1965-11-25;null;null;0;24,8;19,52;14,5;84,25;,666667;
1965-11-26;null;null;0;28,5;22,22;15,8;81,75;0;
1965-11-27;null;null;0;31,1;24,36;17,8;73;1;
1965-11-28;null;null;0;33,1;25,34;18,5;73;,666667;
1965-11-29;null;null;0;35,7;27,56;19,5;66,75;1;
1965-11-30;null;null;0;32;25,3;22,6;89,75;,333333;
1965-12-01;null;null;26,1;24,7;21,06;18,9;89,5;,666667;
1965-12-02;null;null;0;31;24,96;19,4;87,5;0;
1965-12-03;null;null;0;35,5;26,64;21,7;80,75;,666667;
1965-12-04;null;null;14;25,2;21,06;18,9;90,5;1,333333;
1965-12-05;null;null;21,5;25,1;20,5;15,1;86,25;,333333;
1965-12-06;null;null;0;29,8;22,72;13,9;81,25;,333333;
1965-12-07;null;null;0;31,1;23,68;18,9;85,25;,333333;
1965-12-08;null;null;2,5;24,3;19,52;16,5;76,5;,666667;
1965-12-09;null;null;0;30,5;24,08;17,3;90,75;1;
1965-12-10;null;null;0;27;21,9;19,1;92,5;,666667;
1965-12-11;null;null;27,8;29,1;21,52;16,8;87,25;,333333;
1965-12-12;null;null;3,1;26,1;21,1;17,1;80;,666667;
1965-12-13;null;null;0;26,5;21,36;16,3;87,75;,333333;
1965-12-14;null;null;37,1;22;16,94;13,6;71,75;1,333333;
1965-12-15;null;null;0;24,6;18,1;10,1;73;1;
1965-12-16;null;null;0;29,8;21,6;10,1;88;2;
1965-12-17;null;null;0;30,4;22,84;18,1;86,25;1,666667;
1965-12-18;null;null;88,7;22,2;19,62;16,8;96,5;1;
1965-12-19;null;null;25,1;27,1;22,62;16,3;88,5;,333333;
1965-12-20;null;null;3,1;23,7;22,3;20,7;93,25;,333333;
1965-12-21;null;null;21;23,1;16,98;14,6;86,25;1,666667;
1965-12-22;null;null;0;24,1;17,76;8,2;82,25;,666667;
1965-12-23;null;null;0;28,6;20,16;9,7;81,75;0;
1965-12-24;null;null;0;22,1;19,8;16,5;93,25;0;
1965-12-25;null;null;null;null;null;null;null;null;
1965-12-26;null;null;null;26,1;null;20,5;null;0;
1965-12-27;null;null;null;29,9;24,14;15,1;81,75;,333333;
1965-12-28;null;null;0;27;null;12,8;null;1;
1965-12-29;null;null;null;null;null;null;null;null;
1965-12-30;null;null;null;null;null;null;null;null;
1965-12-31;null;null;null;null;null;null;null;null;
1966-01-01;null;null;null;null;null;null;null;null;
1966-01-02;null;null;null;null;null;null;null;null;
1966-01-03;null;null;null;null;null;null;null;null;
1966-01-04;null;null;null;null;null;null;null;null;
1966-01-05;null;null;null;null;null;null;null;null;
1966-01-06;null;null;null;null;null;null;null;null;
1966-01-07;null;null;null;null;null;null;null;null;
1966-01-08;null;null;null;null;null;null;null;null;
1966-01-09;null;null;null;null;null;null;null;null;
1966-01-10;null;null;null;null;null;null;null;null;
1966-01-11;null;null;null;null;null;null;null;null;
1966-01-12;null;null;null;null;null;null;null;null;
1966-01-13;null;null;null;null;null;null;null;null;
1966-01-14;null;null;null;null;null;null;null;null;
1966-01-15;null;null;null;null;null;null;null;null;
1966-01-16;null;null;null;null;null;null;null;null;
1966-01-17;null;null;null;null;null;null;null;null;
1966-01-18;null;null;null;null;null;null;null;null;
1966-01-19;null;null;null;null;null;null;null;null;
1966-01-20;null;null;null;null;null;null;null;null;
1966-01-21;null;null;null;null;null;null;null;null;
1966-01-22;null;null;null;null;null;null;null;null;
1966-01-23;null;null;null;null;null;null;null;null;
1966-01-24;null;null;null;null;null;null;null;null;
1966-01-25;null;null;null;null;null;null;null;null;
1966-01-26;null;null;null;null;null;null;null;null;
1966-01-27;null;null;null;null;null;null;null;null;
1966-01-28;null;null;null;null;null;null;null;null;
1966-01-29;null;null;null;null;null;null;null;null;
1966-01-30;null;null;null;null;null;null;null;null;
1966-01-31;null;null;null;null;null;null;null;null;
1966-02-01;null;null;null;null;null;null;null;null;
1966-02-02;null;null;null;null;null;null;null;null;
1966-02-03;null;null;null;null;null;null;null;null;
1966-02-04;null;null;null;null;null;null;null;null;
1966-02-05;null;null;null;null;null;null;null;null;
1966-02-06;null;null;null;null;null;null;null;null;
1966-02-07;null;null;null;null;null;null;null;null;
1966-02-08;null;null;null;null;null;null;null;null;
1966-02-09;null;null;null;null;null;null;null;null;
1966-02-10;null;null;null;null;null;null;null;null;
1966-02-11;null;null;null;null;null;null;null;null;
1966-02-12;null;null;null;null;null;null;null;null;
1966-02-13;null;null;null;null;null;null;null;null;
1966-02-14;null;null;null;null;null;null;null;null;
1966-02-15;null;null;null;null;null;null;null;null;
1966-02-16;null;null;null;null;null;null;null;null;
1966-02-17;null;null;null;null;null;null;null;null;
1966-02-18;null;null;null;null;null;null;null;null;
1966-02-19;null;null;null;null;null;null;null;null;
1966-02-20;null;null;null;null;null;null;null;null;
1966-02-21;null;null;null;null;null;null;null;null;
1966-02-22;null;null;null;null;null;null;null;null;
1966-02-23;null;null;null;null;null;null;null;null;
1966-02-24;null;null;null;null;null;null;null;null;
1966-02-25;null;null;null;null;null;null;null;null;
1966-02-26;null;null;null;null;null;null;null;null;
1966-02-27;null;null;null;null;null;null;null;null;
1966-02-28;null;null;null;null;null;null;null;null;
1966-03-01;null;null;null;null;null;null;null;null;
1966-03-02;null;null;null;null;null;null;null;null;
1966-03-03;null;null;null;null;null;null;null;null;
1966-03-04;null;null;null;null;null;null;null;null;
1966-03-05;null;null;null;null;null;null;null;null;
1966-03-06;null;null;null;null;null;null;null;null;
1966-03-07;null;null;null;null;null;null;null;null;
1966-03-08;null;null;null;null;null;null;null;null;
1966-03-09;null;null;null;null;null;null;null;null;
1966-03-10;null;null;null;null;null;null;null;null;
1966-03-11;null;null;null;null;null;null;null;null;
1966-03-12;null;null;null;null;null;null;null;null;
1966-03-13;null;null;null;null;null;null;null;null;
1966-03-14;null;null;null;null;null;null;null;null;
1966-03-15;null;null;null;null;null;null;null;null;
1966-03-16;null;null;null;null;null;null;null;null;
1966-03-17;null;null;null;null;null;null;null;null;
1966-03-18;null;null;null;null;null;null;null;null;
1966-03-19;null;null;null;null;null;null;null;null;
1966-03-20;null;null;null;null;null;null;null;null;
1966-03-21;null;null;null;null;null;null;null;null;
1966-03-22;null;null;null;null;null;null;null;null;
1966-03-23;null;null;null;null;null;null;null;null;
1966-03-24;null;null;null;null;null;null;null;null;
1966-03-25;null;null;null;null;null;null;null;null;
1966-03-26;null;null;null;null;null;null;null;null;
1966-03-27;null;null;null;null;null;null;null;null;
1966-03-28;null;null;null;null;null;null;null;null;
1966-03-29;null;null;null;null;null;null;null;null;
1966-03-30;null;null;null;null;null;null;null;null;
1966-03-31;null;null;null;null;null;null;null;null;
1966-04-01;null;null;null;null;null;null;null;null;
1966-04-02;null;null;null;null;null;null;null;null;
1966-04-03;null;null;null;null;null;null;null;null;
1966-04-04;null;null;null;null;null;null;null;null;
1966-04-05;null;null;null;null;null;null;null;null;
1966-04-06;null;null;null;null;null;null;null;null;
1966-04-07;null;null;null;null;null;null;null;null;
1966-04-08;null;null;null;null;null;null;null;null;
1966-04-09;null;null;null;null;null;null;null;null;
1966-04-10;null;null;null;null;null;null;null;null;
1966-04-11;null;null;null;null;null;null;null;null;
1966-04-12;null;null;null;null;null;null;null;null;
1966-04-13;null;null;null;null;null;null;null;null;
1966-04-14;null;null;null;null;null;null;null;null;
1966-04-15;null;null;null;null;null;null;null;null;
1966-04-16;null;null;null;null;null;null;null;null;
1966-04-17;null;null;null;null;null;null;null;null;
1966-04-18;null;null;null;null;null;null;null;null;
1966-04-19;null;null;null;null;null;null;null;null;
1966-04-20;null;null;null;null;null;null;null;null;
1966-04-21;null;null;null;null;null;null;null;null;
1966-04-22;null;null;null;null;null;null;null;null;
1966-04-23;null;null;null;null;null;null;null;null;
1966-04-24;null;null;null;null;null;null;null;null;
1966-04-25;null;null;null;null;null;null;null;null;
1966-04-26;null;null;null;null;null;null;null;null;
1966-04-27;null;null;null;null;null;null;null;null;
1966-04-28;null;null;null;null;null;null;null;null;
1966-04-29;null;null;null;null;null;null;null;null;
1966-04-30;null;null;null;null;null;null;null;null;
1966-05-01;null;null;null;null;null;null;null;null;
1966-05-02;null;null;null;null;null;null;null;null;
1966-05-03;null;null;null;null;null;null;null;null;
1966-05-04;null;null;null;null;null;null;null;null;
1966-05-05;null;null;null;null;null;null;null;null;
1966-05-06;null;null;null;null;null;null;null;null;
1966-05-07;null;null;null;null;null;null;null;null;
1966-05-08;null;null;null;null;null;null;null;null;
1966-05-09;null;null;null;null;null;null;null;null;
1966-05-10;null;null;null;null;null;null;null;null;
1966-05-11;null;null;null;null;null;null;null;null;
1966-05-12;null;null;null;null;null;null;null;null;
1966-05-13;null;null;null;null;null;null;null;null;
1966-05-14;null;null;null;null;null;null;null;null;
1966-05-15;null;null;null;null;null;null;null;null;
1966-05-16;null;null;null;null;null;null;null;null;
1966-05-17;null;null;null;null;null;null;null;null;
1966-05-18;null;null;null;null;null;null;null;null;
1966-05-19;null;null;null;null;null;null;null;null;
1966-05-20;null;null;null;null;null;null;null;null;
1966-05-21;null;null;null;null;null;null;null;null;
1966-05-22;null;null;null;null;null;null;null;null;
1966-05-23;null;null;null;null;null;null;null;null;
1966-05-24;null;null;null;null;null;null;null;null;
1966-05-25;null;null;null;null;null;null;null;null;
1966-05-26;null;null;null;null;null;null;null;null;
1966-05-27;null;null;null;null;null;null;null;null;
1966-05-28;null;null;null;null;null;null;null;null;
1966-05-29;null;null;null;null;null;null;null;null;
1966-05-30;null;null;null;null;null;null;null;null;
1966-05-31;null;null;null;null;null;null;null;null;
1966-06-01;null;null;null;20,8;15,62;10,8;81,75;,666667;
1966-06-02;null;null;0;20;15,48;11;93;0;
1966-06-03;null;null;0;20,2;13,68;5,5;93,5;,666667;
1966-06-04;null;null;0;22;13,98;5,3;84,75;,333333;
1966-06-05;null;null;0;19,5;12,76;7,4;80,5;,666667;
1966-06-06;null;null;0;19,2;12,62;7,5;82;,333333;
1966-06-07;null;null;0;22,5;14,28;6,7;85,5;,333333;
1966-06-08;null;null;0;21,5;13,58;6,9;88,25;0;
1966-06-09;null;null;0;22,2;15,78;11;84,5;,333333;
1966-06-10;null;null;0;26;18,26;11,2;74,25;,333333;
1966-06-11;null;null;5;21,7;17,22;13,9;92,25;3,666667;
1966-06-12;null;null;57,3;17,2;14,66;10,7;96,5;1,666667;
1966-06-13;null;null;6,3;21,9;19,08;14,9;77,5;,333333;
1966-06-14;null;null;1;20,9;17,72;13,3;84,75;3;
1966-06-15;null;null;6;19,9;12,1;9,9;89,75;2;
1966-06-16;null;null;0;14,6;10,2;5;86,25;2,333333;
1966-06-17;null;null;5,6;14,8;11,98;10,5;84,75;0;
1966-06-18;null;null;0;15,4;10,82;9,4;85;1;
1966-06-19;null;null;0;19,8;12,32;5,1;90;1;
1966-06-20;null;null;0;20,5;16,62;11,9;91,75;,333333;
1966-06-21;null;null;0;26,2;21,24;16;84,25;4,333333;
1966-06-22;null;null;0;22;13,76;10,1;91,75;1,333333;
1966-06-23;null;null;0;12,4;7,72;5,4;83,25;1;
1966-06-24;null;null;0;16,1;8,5;2,1;81;1;
1966-06-25;null;null;0;16,9;9,88;5,1;89,25;,333333;
1966-06-26;null;null;0;23,4;15,42;8,4;93,5;1,333333;
1966-06-27;null;null;2,6;22;17,74;12,5;87;,333333;
1966-06-28;null;null;2,7;15;10,28;7,1;81,5;2;
1966-06-29;null;null;0;13,5;6,28;1,3;80,25;1;
1966-06-30;null;null;0;15,2;7,74;1,5;75,25;0;
1966-07-01;null;null;null;null;null;null;null;null;
1966-07-02;null;null;null;null;null;null;null;null;
1966-07-03;null;null;null;null;null;null;null;null;
1966-07-04;null;null;null;null;null;null;null;null;
1966-07-05;null;null;null;null;null;null;null;null;
1966-07-06;null;null;null;null;null;null;null;null;
1966-07-07;null;null;null;null;null;null;null;null;
1966-07-08;null;null;null;null;null;null;null;null;
1966-07-09;null;null;null;null;null;null;null;null;
1966-07-10;null;null;null;null;null;null;null;null;
1966-07-11;null;null;null;null;null;null;null;null;
1966-07-12;null;null;null;null;null;null;null;null;
1966-07-13;null;null;null;null;null;null;null;null;
1966-07-14;null;null;null;null;null;null;null;null;
1966-07-15;null;null;null;null;null;null;null;null;
1966-07-16;null;null;null;null;null;null;null;null;
1966-07-17;null;null;null;null;null;null;null;null;
1966-07-18;null;null;null;null;null;null;null;null;
1966-07-19;null;null;null;null;null;null;null;null;
1966-07-20;null;null;null;null;null;null;null;null;
1966-07-21;null;null;null;null;null;null;null;null;
1966-07-22;null;null;null;null;null;null;null;null;
1966-07-23;null;null;null;null;null;null;null;null;
1966-07-24;null;null;null;null;null;null;null;null;
1966-07-25;null;null;null;null;null;null;null;null;
1966-07-26;null;null;null;null;null;null;null;null;
1966-07-27;null;null;null;null;null;null;null;null;
1966-07-28;null;null;null;null;null;null;null;null;
1966-07-29;null;null;null;null;null;null;null;null;
1966-07-30;null;null;null;null;null;null;null;null;
1966-07-31;null;null;null;null;null;null;null;null;
1966-08-01;null;null;null;null;null;null;null;null;
1966-08-02;null;null;null;null;null;null;null;null;
1966-08-03;null;null;null;null;null;null;null;null;
1966-08-04;null;null;null;null;null;null;null;null;
1966-08-05;null;null;null;null;null;null;null;null;
1966-08-06;null;null;null;null;null;null;null;null;
1966-08-07;null;null;null;null;null;null;null;null;
1966-08-08;null;null;null;null;null;null;null;null;
1966-08-09;null;null;null;null;null;null;null;null;
1966-08-10;null;null;null;null;null;null;null;null;
1966-08-11;null;null;null;null;null;null;null;null;
1966-08-12;null;null;null;null;null;null;null;null;
1966-08-13;null;null;null;null;null;null;null;null;
1966-08-14;null;null;null;null;null;null;null;null;
1966-08-15;null;null;null;null;null;null;null;null;
1966-08-16;null;null;null;null;null;null;null;null;
1966-08-17;null;null;null;null;null;null;null;null;
1966-08-18;null;null;null;null;null;null;null;null;
1966-08-19;null;null;null;null;null;null;null;null;
1966-08-20;null;null;null;null;null;null;null;null;
1966-08-21;null;null;null;null;null;null;null;null;
1966-08-22;null;null;null;null;null;null;null;null;
1966-08-23;null;null;null;null;null;null;null;null;
1966-08-24;null;null;null;null;null;null;null;null;
1966-08-25;null;null;null;null;null;null;null;null;
1966-08-26;null;null;null;null;null;null;null;null;
1966-08-27;null;null;null;null;null;null;null;null;
1966-08-28;null;null;null;null;null;null;null;null;
1966-08-29;null;null;null;null;null;null;null;null;
1966-08-30;null;null;null;null;null;null;null;null;
1966-08-31;null;null;null;null;null;null;null;null;
1966-09-01;null;null;null;null;null;null;null;null;
1966-09-02;null;null;null;13,5;6,08;2,2;93,5;,666667;
1966-09-03;null;null;0;16;10,82;3,5;84,75;,666667;
1966-09-04;null;null;0;16,4;12,02;5,6;92,25;1,666667;
1966-09-05;null;null;0;17,4;14,14;7,8;92,5;1;
1966-09-06;null;null;3,1;24;18,52;14,5;80,75;,666667;
1966-09-07;null;null;58,1;18,8;17,08;14,2;91,75;1,333333;
1966-09-08;null;null;19,2;17,5;14,94;12,9;81,75;1,666667;
1966-09-09;null;null;0;21,2;14,86;7,1;74,5;,666667;
1966-09-10;null;null;0;22,8;16,38;12,9;92,25;,333333;
1966-09-11;null;null;39,8;15,2;10,78;5,9;69;1,666667;
1966-09-12;null;null;,8;18;13,18;8,5;67,5;0;
1966-09-13;null;null;0;22,1;15,7;9,4;88;0;
1966-09-14;null;null;0;23,1;17,3;14,7;89,5;,333333;
1966-09-15;null;null;0;19,3;14,34;11,6;88,5;,333333;
1966-09-16;null;null;0;16,8;10,18;5,4;73,25;1,666667;
1966-09-17;null;null;0;12,3;8,12;1,7;53,25;1;
1966-09-18;null;null;0;14,9;8,64;2,4;71,25;1;
1966-09-19;null;null;0;16;11,58;4,7;65,75;3;
1966-09-20;null;null;0;14,2;11,08;9,5;81,5;1;
1966-09-21;null;null;0;13,2;9,82;6,3;79,5;3,666667;
1966-09-22;null;null;0;16,4;10,14;4,5;88;,666667;
1966-09-23;null;null;0;20;10,98;2,9;80,25;,333333;
1966-09-24;null;null;0;27,5;15,66;7,5;86;,666667;
1966-09-25;null;null;0;26,1;15,76;9,7;92;0;
1966-09-26;null;null;0;16;11,54;7,8;76,25;1,666667;
1966-09-27;null;null;0;22,1;13,66;7,5;84;2,333333;
1966-09-28;null;null;0;26,8;17,72;7,9;84,5;,666667;
1966-09-29;null;null;0;29;21,38;12,8;91,5;1,333333;
1966-09-30;null;null;0;30,2;22,46;14,2;82,5;1;
1966-10-01;null;null;34;25,6;20,84;14,5;84,25;1,666667;
1966-10-02;null;null;1,5;21,2;16,7;14;89,75;0;
1966-10-03;null;null;18,1;15,5;13,66;11,9;87,25;1,333333;
1966-10-04;null;null;0;19,8;14,14;7,5;81,5;1;
1966-10-05;null;null;0;20;null;10,5;null;3;
1966-10-06;null;null;0;16,6;null;11,1;null;,333333;
1966-10-07;null;null;3,2;24,4;null;13;null;0;
1966-10-08;null;null;0;27;null;13,9;null;,333333;
1966-10-09;null;null;0;24,6;null;12,7;null;0;
1966-10-10;null;null;0;30;null;13,3;null;,666667;
1966-10-11;null;null;65,5;21,7;null;16,8;null;1,333333;
1966-10-12;null;null;6,1;19;null;8,4;null;,666667;
1966-10-13;null;null;0;20;null;10,1;null;0;
1966-10-14;null;null;0;28,3;null;15,7;null;,333333;
1966-10-15;null;null;0;23;null;15,2;null;2,333333;
1966-10-16;null;null;0;23,3;null;10,9;null;3;
1966-10-17;null;null;0;23,8;null;12,3;null;,333333;
1966-10-18;null;null;2;21,7;null;13,3;null;1;
1966-10-19;null;null;0;18;null;5,7;null;,666667;
1966-10-20;null;null;0;22;null;5,8;null;,333333;
1966-10-21;null;null;0;21,9;null;9,6;null;,666667;
1966-10-22;null;null;19,1;20;null;13,1;null;0;
1966-10-23;null;null;0;21,5;null;10,4;null;,333333;
1966-10-24;null;null;0;28,8;null;12,1;null;2,333333;
1966-10-25;null;null;0;30,5;null;16,3;null;2;
1966-10-26;null;null;0;29;null;13,7;null;7,666667;
1966-10-27;null;null;62,9;20,1;null;7;null;,666667;
1966-10-28;null;null;0;21;null;5,7;null;0;
1966-10-29;null;null;0;23,4;16;8,2;63,75;,6;
1966-10-30;null;null;0;25,5;17,6;8,6;56,5;0;
1966-10-31;null;null;0;24,9;17,34;9,6;60,75;1,333333;
1966-11-01;null;null;0;25,3;18,06;12,8;68,75;,333333;
1966-11-02;null;null;0;29,9;20,82;11,6;70;0;
1966-11-03;null;null;0;32,5;23,6;14,8;74,5;0;
1966-11-04;null;null;0;31;23,28;16,6;77,5;,333333;
1966-11-05;null;null;0;29,5;24,5;17,1;71;0;
1966-11-06;null;null;0;31,5;26,86;17,4;65,75;2,666667;
1966-11-07;null;null;70,5;29,5;22,62;17,4;89,25;,333333;
1966-11-08;null;null;8,1;21,5;19,72;17,3;92;2,333333;
1966-11-09;null;null;21;22;19,96;17,7;93,25;,666667;
1966-11-10;null;null;0;28,5;22,54;18,1;89,5;,666667;
1966-11-11;null;null;4,2;24,6;20,82;18,1;88,25;,333333;
1966-11-12;null;null;10,5;21,7;17,02;13;77,25;2,333333;
1966-11-13;null;null;0;23,1;15,82;8,1;80,25;,666667;
1966-11-14;null;null;0;29;20,18;12,7;80,75;,666667;
1966-11-15;null;null;0;20,6;16,76;14,4;90,75;,333333;
1966-11-16;null;null;4,5;22,1;16,54;12,4;82,5;2;
1966-11-17;null;null;0;26,4;19,16;9,9;74,75;,666667;
1966-11-18;null;null;0;23,4;17,02;11,6;82;,666667;
1966-11-19;null;null;0;24,9;17,18;8,5;73,25;,333333;
1966-11-20;null;null;0;26,5;19,12;9,9;77,5;,666667;
1966-11-21;null;null;0;28,5;21,1;13,6;76,25;,666667;
1966-11-22;null;null;0;29,5;21,38;14,6;71;,666667;
1966-11-23;null;null;0;32,5;24;15;72;,666667;
1966-11-24;null;null;0;32,7;24,58;20,4;74;,333333;
1966-11-25;null;null;0;32,9;25,28;17,3;65;0;
1966-11-26;null;null;43,1;26,7;21,82;16,5;76,75;0;
1966-11-27;null;null;6,7;30;23,8;17,3;71,25;,333333;
1966-11-28;null;null;0;31,6;23,8;17,6;80,25;,666667;
1966-11-29;null;null;0;28;23,62;19,7;85,5;,333333;
1966-11-30;null;null;1,5;26,6;22,64;19,5;71,75;2;
1966-12-01;null;null;0;30,9;23,02;14,6;62;,333333;
1966-12-02;null;null;0;25;22,48;17;78,75;1;
1966-12-03;null;null;22,1;28,5;23,06;18,9;83,75;,333333;
1966-12-04;null;null;36,2;25;21,92;18,2;79,75;1;
1966-12-05;null;null;4,5;24;19,66;13;81,75;1;
1966-12-06;null;null;0;28,1;21,14;12,5;78,25;1;
1966-12-07;null;null;3,4;31,5;25,52;21,1;75,75;1;
1966-12-08;null;null;0;26,4;23,5;20,1;80;1;
1966-12-09;null;null;57,2;23,2;21;18,9;93,5;1;
1966-12-10;null;null;34,3;23,9;20,66;17,2;90,5;1,666667;
1966-12-11;null;null;4,8;31,5;25,52;19,2;88,25;1,333333;
1966-12-12;null;null;58,2;26,1;21,64;18,9;83,75;,666667;
1966-12-13;null;null;46,1;28,6;23,82;18,8;83,75;2,333333;
1966-12-14;null;null;9;24,9;22,06;20,8;96,5;1;
1966-12-15;null;null;11,4;27,5;21,22;14,8;75;,666667;
1966-12-16;null;null;0;27,6;20,94;14,4;73,25;,333333;
1966-12-17;null;null;0;29,5;23,22;16,5;68,5;1;
1966-12-18;null;null;0;28,8;22,84;17,8;79,75;,666667;
1966-12-19;null;null;0;26,6;21,6;18,3;74,5;1,333333;
1966-12-20;null;null;0;25,1;19,82;13,9;71;1;
1966-12-21;null;null;0;26,2;20,24;13,6;51;,333333;
1966-12-22;null;null;0;24,1;19,08;14,5;57,75;1,666667;
1966-12-23;null;null;0;23,4;17,44;10,6;59;1;
1966-12-24;null;null;0;24,9;18,34;10,5;58,25;,666667;
1966-12-25;null;null;0;25,5;19,34;12,1;65,5;,333333;
1966-12-26;null;null;0;28,1;20,36;13,7;73,75;,666667;
1966-12-27;null;null;0;28,6;21,24;14,6;75,5;,333333;
1966-12-28;null;null;1,7;29,9;22,62;14,6;78,25;1;
1966-12-29;null;null;0;31,5;24,8;17,3;74;,333333;
1966-12-30;null;null;0;32,5;26,02;19,4;67,75;,666667;
1966-12-31;null;null;0;30,8;24,64;19,1;73,75;1,666667;
1967-01-01;null;null;1,5;31,4;25,1;19,1;70,5;,333333;
1967-01-02;null;null;0;32;25,26;20,6;72,25;,666667;
1967-01-03;null;null;2,5;24,6;21,3;19,1;91,5;,666667;
1967-01-04;null;null;12,4;27,6;21,72;16,7;77,75;,666667;
1967-01-05;null;null;0;29,1;22,16;15,6;68;0;
1967-01-06;null;null;0;31,5;23,22;14;62,75;,333333;
1967-01-07;null;null;0;33,6;23,98;17,6;65;1;
1967-01-08;null;null;7,7;24,6;20,24;16,8;83,75;,333333;
1967-01-09;null;null;1,5;29,5;22,7;16,4;67,25;0;
1967-01-10;null;null;0;33,5;25,84;16,8;54,75;0;
1967-01-11;null;null;0;34,5;26,6;17,9;61;0;
1967-01-12;null;null;0;35,3;26,72;19,1;63,25;0;
1967-01-13;null;null;0;30,6;24,42;20,5;76;,333333;
1967-01-14;null;null;0;31,1;25,06;17,8;67,25;,666667;
1967-01-15;null;null;0;33;25,7;17,9;69,5;,333333;
1967-01-16;null;null;0;35;27,08;18,9;62,25;,333333;
1967-01-17;null;null;0;35;28,2;21;52;1,333333;
1967-01-18;null;null;15,7;28,5;20,1;15,7;79;0;
1967-01-19;null;null;4,5;28,1;20,44;11,7;64,75;0;
1967-01-20;null;null;0;29,8;20,76;15;65;,666667;
1967-01-21;null;null;0;24,5;19,08;13,6;58,25;1;
1967-01-22;null;null;0;23,9;17,54;11,2;58,25;1;
1967-01-23;null;null;0;26,6;19,54;10,8;58;1;
1967-01-24;null;null;0;29,1;22,04;14,8;70,25;,333333;
1967-01-25;null;null;0;33,5;25,02;17,3;71,5;,666667;
1967-01-26;null;null;0;33,1;25,78;19,8;61,5;,333333;
1967-01-27;null;null;0;31,4;24,5;18,1;65,25;1;
1967-01-28;null;null;0;31,3;24,92;18,6;66;,666667;
1967-01-29;null;null;0;30,4;23,04;16,1;60;,666667;
1967-01-30;null;null;0;34;24,48;14,9;65,75;,666667;
1967-01-31;null;null;0;36,1;27,72;19,5;62;0;
1967-02-01;null;null;0;34,5;26,44;21,8;72,25;1;
1967-02-02;null;null;16;27,1;22,2;18,5;75,5;1,666667;
1967-02-03;null;null;0;26,9;19,98;13,6;61,25;1;
1967-02-04;null;null;0;30;22,2;14;63,75;1;
1967-02-05;null;null;0;31,7;25;16;59;1;
1967-02-06;null;null;0;36,5;28,34;23,1;66,5;1;
1967-02-07;null;null;0;35,6;28,52;22,5;63,75;1;
1967-02-08;null;null;0;33,3;25,94;21,4;71,25;1;
1967-02-09;null;null;0;31,5;25,16;20,1;70,75;1,666667;
1967-02-10;null;null;0;32,6;24,26;18,9;79;1;
1967-02-11;null;null;0;32,5;25,08;19,9;78,75;1,666667;
1967-02-12;null;null;0;33,4;25,04;20,6;82;2,333333;
1967-02-13;null;null;1,4;30,2;24,3;21,3;82,75;1,666667;
1967-02-14;null;null;0;28,5;21,16;14,6;61,5;1;
1967-02-15;null;null;0;30,5;22,32;13;64,75;,333333;
1967-02-16;null;null;0;28,1;20,78;17,6;58,5;2,333333;
1967-02-17;null;null;0;25,5;18,32;11;54;1;
1967-02-18;null;null;0;29,5;19,18;10,9;60,75;1;
1967-02-19;null;null;0;32;22,04;13,1;71,5;,666667;
1967-02-20;null;null;0;28,6;21,62;16,9;79,25;1;
1967-02-21;null;null;3,2;32,1;24,4;16,7;68,25;1;
1967-02-22;null;null;1;32;24,2;19,9;75;1;
1967-02-23;null;null;0;35,2;25,32;18,8;77,25;,333333;
1967-02-24;null;null;0;27,3;22,72;17,9;67,25;1,666667;
1967-02-25;null;null;0;28,4;21,32;13,7;59;1;
1967-02-26;null;null;0;31,2;20,38;12,7;78,25;1;
1967-02-27;null;null;33;22;19,5;17,5;95,75;1;
1967-02-28;null;null;23,5;30;23,9;17,5;78,5;1;
1967-03-01;null;null;0;26,4;18,8;12,4;67,5;,666667;
1967-03-02;null;null;0;27,1;20,04;13,3;72,25;,666667;
1967-03-03;null;null;0;20,9;18,12;15,5;95,5;1;
1967-03-04;null;null;14,9;26,9;20,84;17,6;79,25;1;
1967-03-05;null;null;0;28;21,08;14,7;76,25;,666667;
1967-03-06;null;null;0;29,6;22,64;16,3;82,25;,666667;
1967-03-07;null;null;0;31;23,68;16,4;65,25;0;
1967-03-08;null;null;0;31,6;24,38;15,8;65;1,333333;
1967-03-09;null;null;0;30;23,66;16,3;59,5;,333333;
1967-03-10;null;null;0;22;16,88;13,7;46,75;1;
1967-03-11;null;null;0;21,8;15,84;8,5;54,75;,666667;
1967-03-12;null;null;16,6;22,5;17,92;13,6;89;,666667;
1967-03-13;null;null;7,5;25,5;19,16;13,6;77,25;1,666667;
1967-03-14;null;null;0;20,9;16,76;13;75;1;
1967-03-15;null;null;0;20,2;13,94;8;68;1,333333;
1967-03-16;null;null;0;22,7;15,06;8,1;76,25;,333333;
1967-03-17;null;null;0;28,2;19,02;9,5;71,75;,333333;
1967-03-18;null;null;0;31;22,6;13;73;1;
1967-03-19;null;null;0;31,2;23,1;15,8;71,75;,666667;
1967-03-20;null;null;0;26,7;21,52;19;88,75;,666667;
1967-03-21;null;null;2,2;25;20,42;16,3;65,5;1,333333;
1967-03-22;null;null;0;24,2;18,08;13,3;54,75;1,333333;
1967-03-23;null;null;0;27,4;18,58;10,6;75,25;,333333;
1967-03-24;null;null;0;28,4;20,38;12,9;73,25;0;
1967-03-25;null;null;0;30,1;21,28;14,3;73,25;,666667;
1967-03-26;null;null;0;29,9;22,76;17,1;75,5;1;
1967-03-27;null;null;0;29,4;21,76;16,8;79,25;1,333333;
1967-03-28;null;null;0;27,4;20,94;16,6;76,25;0;
1967-03-29;null;null;0;30,4;21,98;14,3;64,5;,333333;
1967-03-30;null;null;0;25,4;19,72;16,4;79,25;1,333333;
1967-03-31;null;null;0;29,6;21,32;13,5;76;1;
1967-04-01;null;null;9,5;28,4;22,26;15,7;75,75;,666667;
1967-04-02;null;null;0;29,4;22,7;15,3;79,25;,666667;
1967-04-03;null;null;null;null;null;null;null;null;
1967-04-04;null;null;null;null;null;null;null;null;
1967-04-05;null;null;null;null;null;null;null;null;
1967-04-06;null;null;null;null;null;null;null;null;
1967-04-07;null;null;null;null;null;null;null;null;
1967-04-08;null;null;null;null;null;null;null;null;
1967-04-09;null;null;null;null;null;null;null;null;
1967-04-10;null;null;null;30,7;null;20,3;null;0;
1967-04-11;null;null;null;31,4;24,2;17,3;75,25;1,333333;
1967-04-12;null;null;0;30;22,18;18,3;60,75;,333333;
1967-04-13;null;null;0;31;20,92;14,5;72,25;1,333333;
1967-04-14;null;null;25,7;22,4;17,46;14,4;83,5;,666667;
1967-04-15;null;null;0;22,3;15,66;10,1;64;0;
1967-04-16;null;null;0;24,5;15;7;77,75;,333333;
1967-04-17;null;null;0;28,2;18,92;11,8;75,25;,666667;
1967-04-18;null;null;0;21,8;17,02;15,2;58,5;3;
1967-04-19;null;null;0;20,5;13,28;7;68;,666667;
1967-04-20;null;null;0;17,1;13,48;9,5;83,25;,333333;
1967-04-21;null;null;3,5;19,6;13,18;9,6;82,5;0;
1967-04-22;null;null;0;23,4;13,7;6,8;79;1;
1967-04-23;null;null;0;16,1;11,02;6,1;63,75;2,333333;
1967-04-24;null;null;0;17,6;9,44;2,9;66,5;0;
1967-04-25;null;null;0;18,7;9,68;2,3;68;0;
1967-04-26;null;null;0;20,5;10,52;2,6;67;0;
1967-04-27;null;null;0;24;14,14;4,7;80,75;,333333;
1967-04-28;null;null;0;24,6;16,52;10,1;79;0;
1967-04-29;null;null;0;25,7;16,46;9,4;81;0;
1967-04-30;null;null;0;25,9;17,52;10,1;78,25;0;
1967-05-01;null;null;0;24,4;16,54;12,3;76,75;,333333;
1967-05-02;null;null;0;18,7;15,08;11,8;80;0;
1967-05-03;null;null;0;20;13,26;9,1;89;0;
1967-05-04;null;null;0;24,4;14,48;7,5;80,5;0;
1967-05-05;null;null;0;24;14,7;8,1;83,5;0;
1967-05-06;null;null;0;25;16,18;9,5;79,75;0;
1967-05-07;null;null;0;25,5;17,72;11,4;75,5;,666667;
1967-05-08;null;null;0;28,4;19,34;13,1;73,25;,666667;
1967-05-09;null;null;0;26,3;18,64;12,4;74,75;1;
1967-05-10;null;null;0;31;22,02;13,4;69;1,333333;
1967-05-11;null;null;0;24;19,18;15,4;81,25;,333333;
1967-05-12;null;null;1;23;18,5;15,5;90,5;0;
1967-05-13;null;null;19,1;21;18,44;15,5;91,5;1;
1967-05-14;null;null;8,6;24,5;19,58;16,5;91,25;,333333;
1967-05-15;null;null;0;28,1;20,18;15,4;86,75;0;
1967-05-16;null;null;0;29;21,36;15,3;84;0;
1967-05-17;null;null;0;29,5;20,88;16,3;82,25;1;
1967-05-18;null;null;0;28,4;21,72;15,1;67,75;1,333333;
1967-05-19;null;null;34,5;20;15,6;13,5;93,75;0;
1967-05-20;null;null;0;20;14,14;8,9;83,25;0;
1967-05-21;null;null;0;22,5;16,7;9,4;86,25;,333333;
1967-05-22;null;null;5;26,1;21,26;15,5;73,5;0;
1967-05-23;null;null;0;25,1;19,54;16,4;89;0;
1967-05-24;null;null;0;24,1;20,26;17;95,25;1;
1967-05-25;null;null;3,5;27,3;18,92;15,7;92,25;1;
1967-05-26;null;null;10,9;22;17,98;14,5;87,5;0;
1967-05-27;null;null;0;19,9;17,8;16,5;94,75;,666667;
1967-05-28;null;null;19,9;19,5;17,62;16,6;94,25;1,333333;
1967-05-29;null;null;10,6;18,7;17,12;15;94,5;0;
1967-05-30;null;null;0;17,4;14,06;12,5;91;1;
1967-05-31;null;null;0;16,5;13,88;11,8;81,5;,333333;
1967-06-01;null;null;null;null;null;null;null;null;
1967-06-02;null;null;null;null;null;null;null;null;
1967-06-03;null;null;null;null;null;null;null;null;
1967-06-04;null;null;null;null;null;null;null;null;
1967-06-05;null;null;null;null;null;null;null;null;
1967-06-06;null;null;null;null;null;null;null;null;
1967-06-07;null;null;null;null;null;null;null;null;
1967-06-08;null;null;null;null;null;null;null;null;
1967-06-09;null;null;null;null;null;null;null;null;
1967-06-10;null;null;null;null;null;null;null;null;
1967-06-11;null;null;null;null;null;null;null;null;
1967-06-12;null;null;null;null;null;null;null;null;
1967-06-13;null;null;null;null;null;null;null;null;
1967-06-14;null;null;null;null;null;null;null;null;
1967-06-15;null;null;null;null;null;null;null;null;
1967-06-16;null;null;null;null;null;null;null;null;
1967-06-17;null;null;null;null;null;null;null;null;
1967-06-18;null;null;null;null;null;null;null;null;
1967-06-19;null;null;null;null;null;null;null;null;
1967-06-20;null;null;null;null;null;null;null;null;
1967-06-21;null;null;null;null;null;null;null;null;
1967-06-22;null;null;null;null;null;null;null;null;
1967-06-23;null;null;null;null;null;null;null;null;
1967-06-24;null;null;null;null;null;null;null;null;
1967-06-25;null;null;null;null;null;null;null;null;
1967-06-26;null;null;null;null;null;null;null;null;
1967-06-27;null;null;null;null;null;null;null;null;
1967-06-28;null;null;null;null;null;null;null;null;
1967-06-29;null;null;null;null;null;null;null;null;
1967-06-30;null;null;null;null;null;null;null;null;
1967-07-01;null;null;null;13,4;11,2;9,8;88,75;,333333;
1967-07-02;null;null;0;13,6;9,78;8,4;84,75;0;
1967-07-03;null;null;0;17;11,72;6,2;95,75;,333333;
1967-07-04;null;null;16,8;16,6;13,8;11,6;94,75;0;
1967-07-05;null;null;4,7;17,2;9,76;3,9;84,75;0;
1967-07-06;null;null;0;15,5;11,04;5,5;91;1;
1967-07-07;null;null;24,1;16,1;14,7;13,5;97,75;,666667;
1967-07-08;null;null;19;15;12,94;10,7;92,25;0;
1967-07-09;null;null;0;14,9;14,2;12,8;98,5;0;
1967-07-10;null;null;0;14,6;9,5;6,8;67,25;2;
1967-07-11;null;null;0;12,1;5,8;,1;70,5;,333333;
1967-07-12;null;null;0;16,1;9,06;2,1;88;,333333;
1967-07-13;null;null;0;18,7;12,28;6,7;90,75;0;
1967-07-14;null;null;0;19,5;12,48;5,2;81,75;0;
1967-07-15;null;null;0;20,3;14,8;10,1;83,25;,666667;
1967-07-16;null;null;0;22,6;17,04;12,5;77,75;1,666667;
1967-07-17;null;null;0;23,6;18,44;13;76,5;1,666667;
1967-07-18;null;null;0;25,8;20,46;15,8;71,5;1,666667;
1967-07-19;null;null;34,2;22,3;15,02;12,1;90,75;2;
1967-07-20;null;null;17,5;15,7;11,26;8,8;96,5;2,333333;
1967-07-21;null;null;33,5;10,7;7,82;6,5;78;1;
1967-07-22;null;null;0;12,1;6,62;3,4;83,25;,666667;
1967-07-23;null;null;0;16,3;9,24;3,4;68,25;,666667;
1967-07-24;null;null;0;16,5;9,68;2,8;86,75;,666667;
1967-07-25;null;null;7,7;23,7;16,14;10,8;89,5;,333333;
1967-07-26;null;null;0;26,4;17,92;11,5;87,5;,333333;
1967-07-27;null;null;0;29,5;21,66;14;78,5;,333333;
1967-07-28;null;null;0;28,5;21,02;18,5;74,75;3,666667;
1967-07-29;null;null;10;18,5;12,02;9,6;85,25;1,333333;
1967-07-30;null;null;3,7;12,6;10,12;7,6;92,5;,666667;
1967-07-31;null;null;11,1;11,9;8,7;6,4;89,5;,666667;
1967-08-01;null;null;0;16,4;13,04;8,7;96,75;0;
1967-08-02;null;null;0;18,5;14,84;13;95;,333333;
1967-08-03;null;null;21,3;16,4;11,9;9,2;77;1,666667;
1967-08-04;null;null;0;14;7,86;2,7;69,25;1;
1967-08-05;null;null;0;16,5;10,02;2,6;81,5;1,666667;
1967-08-06;null;null;0;20,6;14,06;7,3;80;1,666667;
1967-08-07;null;null;0;21,5;15,82;11,3;89;,333333;
1967-08-08;null;null;0;25,1;18,3;14,5;87;,333333;
1967-08-09;null;null;1,2;18,2;15,76;13,8;95,75;1;
1967-08-10;null;null;81,4;16,7;16,1;14,9;97,75;1;
1967-08-11;null;null;42,6;18,4;15,02;13,8;72,75;,666667;
1967-08-12;null;null;0;21,6;12,5;6,1;78,75;,333333;
1967-08-13;null;null;0;24,4;16,06;8,3;73,25;,666667;
1967-08-14;null;null;0;18,5;12,9;9,5;66;3,666667;
1967-08-15;null;null;5,4;14,9;9,16;5;72,5;,666667;
1967-08-16;null;null;0;20,1;12,82;7,7;63,5;,333333;
1967-08-17;null;null;0;21,1;12,42;4,4;70,75;,333333;
1967-08-18;null;null;0;20,6;16,14;11,5;88,75;,333333;
1967-08-19;null;null;9,3;17,5;15,98;13,9;97,25;,666667;
1967-08-20;null;null;100,4;18,8;17,32;15;92,5;,666667;
1967-08-21;null;null;0;21;17,92;15,6;93;0;
1967-08-22;null;null;7,7;18;13,4;10,6;95,75;1,666667;
1967-08-23;null;null;6,4;13,6;8,44;5,1;78,25;1;
1967-08-24;null;null;0;18,9;11,96;4,3;89,75;1;
1967-08-25;null;null;0;24;17,68;11,5;85,75;,666667;
1967-08-26;null;null;0;30;21,94;16,2;76,25;1,666667;
1967-08-27;null;null;0;26,4;19,66;15,5;68,5;5;
1967-08-28;null;null;0;17,4;11,36;7,5;72;,333333;
1967-08-29;null;null;0;22,1;14,06;4,9;77,75;1,333333;
1967-08-30;null;null;4,1;17,3;15,34;14,1;93,75;,333333;
1967-08-31;null;null;16,4;15,1;12,84;10;85,5;1,666667;
1967-09-01;null;null;null;null;null;null;null;null;
1967-09-02;null;null;null;null;null;null;null;null;
1967-09-03;null;null;null;null;null;null;null;null;
1967-09-04;null;null;null;null;null;null;null;null;
1967-09-05;null;null;null;null;null;null;null;null;
1967-09-06;null;null;null;null;null;null;null;null;
1967-09-07;null;null;null;null;null;null;null;null;
1967-09-08;null;null;null;null;null;null;null;null;
1967-09-09;null;null;null;null;null;null;null;null;
1967-09-10;null;null;null;null;null;null;null;null;
1967-09-11;null;null;null;null;null;null;null;null;
1967-09-12;null;null;null;null;null;null;null;null;
1967-09-13;null;null;null;null;null;null;null;null;
1967-09-14;null;null;null;null;null;null;null;null;
1967-09-15;null;null;null;null;null;null;null;null;
1967-09-16;null;null;null;null;null;null;null;null;
1967-09-17;null;null;null;null;null;null;null;null;
1967-09-18;null;null;null;null;null;null;null;null;
1967-09-19;null;null;null;null;null;null;null;null;
1967-09-20;null;null;null;null;null;null;null;null;
1967-09-21;null;null;null;null;null;null;null;null;
1967-09-22;null;null;null;null;null;null;null;null;
1967-09-23;null;null;null;null;null;null;null;null;
1967-09-24;null;null;null;null;null;null;null;null;
1967-09-25;null;null;null;null;null;null;null;null;
1967-09-26;null;null;null;null;null;null;null;null;
1967-09-27;null;null;null;null;null;null;null;null;
1967-09-28;null;null;null;null;null;null;null;null;
1967-09-29;null;null;null;null;null;null;null;null;
1967-09-30;null;null;null;null;null;null;null;null;
1967-10-01;null;null;null;null;null;null;null;null;
1967-10-02;null;null;null;null;null;null;null;null;
1967-10-03;null;null;null;null;null;null;null;null;
1967-10-04;null;null;null;null;null;null;null;null;
1967-10-05;null;null;null;null;null;null;null;null;
1967-10-06;null;null;null;null;null;null;null;null;
1967-10-07;null;null;null;null;null;null;null;null;
1967-10-08;null;null;null;null;null;null;null;null;
1967-10-09;null;null;null;null;null;null;null;null;
1967-10-10;null;null;null;null;null;null;null;null;
1967-10-11;null;null;null;null;null;null;null;null;
1967-10-12;null;null;null;null;null;null;null;null;
1967-10-13;null;null;null;null;null;null;null;null;
1967-10-14;null;null;null;null;null;null;null;null;
1967-10-15;null;null;null;null;null;null;null;null;
1967-10-16;null;null;null;null;null;null;null;null;
1967-10-17;null;null;null;null;null;null;null;null;
1967-10-18;null;null;null;null;null;null;null;null;
1967-10-19;null;null;null;null;null;null;null;null;
1967-10-20;null;null;null;null;null;null;null;null;
1967-10-21;null;null;null;null;null;null;null;null;
1967-10-22;null;null;null;null;null;null;null;null;
1967-10-23;null;null;null;null;null;null;null;null;
1967-10-24;null;null;null;null;null;null;null;null;
1967-10-25;null;null;null;null;null;null;null;null;
1967-10-26;null;null;null;null;null;null;null;null;
1967-10-27;null;null;null;null;null;null;null;null;
1967-10-28;null;null;null;null;null;null;null;null;
1967-10-29;null;null;null;null;null;null;null;null;
1967-10-30;null;null;null;null;null;null;null;null;
1967-10-31;null;null;null;null;null;null;null;null;
1967-11-01;null;null;null;null;null;null;null;null;
1967-11-02;null;null;null;null;null;null;null;null;
1967-11-03;null;null;null;null;null;null;null;null;
1967-11-04;null;null;null;null;null;null;null;null;
1967-11-05;null;null;null;null;null;null;null;null;
1967-11-06;null;null;null;null;null;null;null;null;
1967-11-07;null;null;null;null;null;null;null;null;
1967-11-08;null;null;null;null;null;null;null;null;
1967-11-09;null;null;null;null;null;null;null;null;
1967-11-10;null;null;null;null;null;null;null;null;
1967-11-11;null;null;null;null;null;null;null;null;
1967-11-12;null;null;null;null;null;null;null;null;
1967-11-13;null;null;null;null;null;null;null;null;
1967-11-14;null;null;null;null;null;null;null;null;
1967-11-15;null;null;null;null;null;null;null;null;
1967-11-16;null;null;null;null;null;null;null;null;
1967-11-17;null;null;null;null;null;null;null;null;
1967-11-18;null;null;null;null;null;null;null;null;
1967-11-19;null;null;null;null;null;null;null;null;
1967-11-20;null;null;null;null;null;null;null;null;
1967-11-21;null;null;null;null;null;null;null;null;
1967-11-22;null;null;null;null;null;null;null;null;
1967-11-23;null;null;null;null;null;null;null;null;
1967-11-24;null;null;null;null;null;null;null;null;
1967-11-25;null;null;null;null;null;null;null;null;
1967-11-26;null;null;null;null;null;null;null;null;
1967-11-27;null;null;null;null;null;null;null;null;
1967-11-28;null;null;null;null;null;null;null;null;
1967-11-29;null;null;null;null;null;null;null;null;
1967-11-30;null;null;null;null;null;null;null;null;
1967-12-01;null;null;null;null;null;null;null;null;
1967-12-02;null;null;null;null;null;null;null;null;
1967-12-03;null;null;null;null;null;null;null;null;
1967-12-04;null;null;null;null;null;null;null;null;
1967-12-05;null;null;null;null;null;null;null;null;
1967-12-06;null;null;null;null;null;null;null;null;
1967-12-07;null;null;null;null;null;null;null;null;
1967-12-08;null;null;null;null;null;null;null;null;
1967-12-09;null;null;null;null;null;null;null;null;
1967-12-10;null;null;null;null;null;null;null;null;
1967-12-11;null;null;null;null;null;null;null;null;
1967-12-12;null;null;null;null;null;null;null;null;
1967-12-13;null;null;null;null;null;null;null;null;
1967-12-14;null;null;null;null;null;null;null;null;
1967-12-15;null;null;null;null;null;null;null;null;
1967-12-16;null;null;null;null;null;null;null;null;
1967-12-17;null;null;null;null;null;null;null;null;
1967-12-18;null;null;null;null;null;null;null;null;
1967-12-19;null;null;null;null;null;null;null;null;
1967-12-20;null;null;null;null;null;null;null;null;
1967-12-21;null;null;null;null;null;null;null;null;
1967-12-22;null;null;null;null;null;null;null;null;
1967-12-23;null;null;null;null;null;null;null;null;
1967-12-24;null;null;null;null;null;null;null;null;
1967-12-25;null;null;null;null;null;null;null;null;
1967-12-26;null;null;null;null;null;null;null;null;
1967-12-27;null;null;null;null;null;null;null;null;
1967-12-28;null;null;null;null;null;null;null;null;
1967-12-29;null;null;null;null;null;null;null;null;
1967-12-30;null;null;null;null;null;null;null;null;
1967-12-31;null;null;null;null;null;null;null;null;
1968-01-01;null;null;null;null;null;null;null;null;
1968-01-02;null;null;null;null;null;null;null;null;
1968-01-03;null;null;null;null;null;null;null;null;
1968-01-04;null;null;null;null;null;null;null;null;
1968-01-05;null;null;null;null;null;null;null;null;
1968-01-06;null;null;null;null;null;null;null;null;
1968-01-07;null;null;null;null;null;null;null;null;
1968-01-08;null;null;null;null;null;null;null;null;
1968-01-09;null;null;null;null;null;null;null;null;
1968-01-10;null;null;null;34,1;28,38;22,9;48,75;,666667;
1968-01-11;null;null;0;36,3;26,14;18,5;63,5;1,333333;
1968-01-12;null;null;0;31,1;23,84;18,2;73,5;2;
1968-01-13;null;null;3,3;34;25,32;17,6;60,25;,333333;
1968-01-14;null;null;0;34,5;25,94;18,9;58,25;,666667;
1968-01-15;null;null;0;34,4;25,86;17,3;42;1;
1968-01-16;null;null;0;34,3;25,58;18;45,5;,333333;
1968-01-17;null;null;0;37,4;27,78;17,8;49,5;,666667;
1968-01-18;null;null;0;34,8;26,32;21,4;61,25;0;
1968-01-19;null;null;0;36,1;26,54;18,6;54;,333333;
1968-01-20;null;null;0;29;25,32;21,3;73;2,333333;
1968-01-21;null;null;2,6;32,2;25,26;18,8;53,75;1,333333;
1968-01-22;null;null;0;31,4;23,04;15,8;48,75;2,333333;
1968-01-23;null;null;0;29;21,7;13,5;53,75;1,666667;
1968-01-24;null;null;0;30,6;23,08;14,8;64,75;1,666667;
1968-01-25;null;null;0;24,7;22,3;19,6;88,5;,666667;
1968-01-26;null;null;9,8;30,8;24,76;20,4;80,75;0;
1968-01-27;null;null;34,5;28,8;24,14;19;83,5;,333333;
1968-01-28;null;null;0;30,7;25,82;21,8;71,75;2;
1968-01-29;null;null;0;32,5;27,34;21,5;60,25;1;
1968-01-30;null;null;0;29,5;23,12;19,3;65,25;1;
1968-01-31;null;null;0;27,6;21,26;15,3;55,5;3;
1968-02-01;null;null;0;29,8;22,06;14,3;54,25;1;
1968-02-02;null;null;0;31,8;23,58;16,9;60;,666667;
1968-02-03;null;null;0;33,8;25,32;16,9;55;,666667;
1968-02-04;null;null;0;35,1;26,52;19,8;55;0;
1968-02-05;null;null;0;35,5;25,16;20;69,5;0;
1968-02-06;null;null;0;33,7;24,9;21,3;77,75;0;
1968-02-07;null;null;6,5;34,1;26,78;20,8;71;,666667;
1968-02-08;null;null;0;36,5;28,3;21,1;60,5;,666667;
1968-02-09;null;null;0;37,5;28,68;23,4;61,75;2,333333;
1968-02-10;null;null;30,5;27,5;22,6;19,8;92,25;,333333;
1968-02-11;null;null;15,6;31,2;25,04;18,5;77;1,333333;
1968-02-12;null;null;3,6;28,1;22,94;20,6;74,5;,666667;
1968-02-13;null;null;0;30,5;22,9;16;76;0;
1968-02-14;null;null;1,7;27;20,8;16,5;64;1,333333;
1968-02-15;null;null;0;27,7;20,94;13;49;0;
1968-02-16;null;null;0;31,7;23,3;15,2;54,25;,333333;
1968-02-17;null;null;0;34,6;24,74;15,5;53,25;,666667;
1968-02-18;null;null;0;35,6;26,58;18,9;46;1,333333;
1968-02-19;null;null;0;35,6;25,84;18,3;48;1;
1968-02-20;null;null;0;35,7;25,8;17,7;52,25;,666667;
1968-02-21;null;null;0;35,4;27,16;19,1;51;0;
1968-02-22;null;null;0;30,2;23,24;18,4;65,25;,333333;
1968-02-23;null;null;0;26;20,12;15,1;47;1,333333;
1968-02-24;null;null;0;28,7;19,66;12;51;,333333;
1968-02-25;null;null;0;31;20,82;11,5;52;,666667;
1968-02-26;null;null;0;32,7;22,28;12,5;53,75;,666667;
1968-02-27;null;null;0;34,5;24,66;15,5;48,25;,333333;
1968-02-28;null;null;0;30;22,78;16,4;60;1,666667;
1968-02-29;null;null;0;33,9;24,66;15,9;61,25;,333333;
1968-03-01;null;null;0;35,5;26,72;18,1;52,25;1;
1968-03-02;null;null;0;33,4;24,94;17,6;58;,666667;
1968-03-03;null;null;0;34,7;25,98;17,9;61,75;1,666667;
1968-03-04;null;null;0;37,6;26,74;18,8;57,25;,666667;
1968-03-05;null;null;0;37,7;28,06;19,6;55,5;,333333;
1968-03-06;null;null;0;35,9;28,22;23,2;54,75;2,333333;
1968-03-07;null;null;0;33,1;25,8;20,1;67,5;1,333333;
1968-03-08;null;null;0;33,6;25,4;20,1;68,5;1;
1968-03-09;null;null;0;33,6;24,5;20,1;70,75;1,666667;
1968-03-10;null;null;0;29,7;23,46;17,8;57,5;1;
1968-03-11;null;null;0;28,9;21,82;15,5;51,75;,333333;
1968-03-12;null;null;0;31,6;22,64;13,6;58,25;0;
1968-03-13;null;null;0;34;24,64;15,2;60,25;,333333;
1968-03-14;null;null;0;34,7;26,52;21,1;69,5;2;
1968-03-15;null;null;43,6;26,2;19,54;16,6;76;3;
1968-03-16;null;null;0;21,6;16;10,9;58,5;2,333333;
1968-03-17;null;null;0;24,5;17,06;9,2;56,5;1;
1968-03-18;null;null;0;27,8;20,36;11,8;74,75;,333333;
1968-03-19;null;null;1,1;23,1;18,84;15,5;93,75;,666667;
1968-03-20;null;null;21,1;20;17,9;15,1;94,5;,333333;
1968-03-21;null;null;1,2;26,5;20,82;15,3;78,75;,333333;
1968-03-22;null;null;0;27,7;20,98;15,1;76,75;0;
1968-03-23;null;null;0;29,7;22,4;14,9;71,75;,666667;
1968-03-24;null;null;0;32,5;25,5;18,5;75,25;1;
1968-03-25;null;null;41,1;27,5;19,36;15,4;95;,666667;
1968-03-26;null;null;39,7;16,2;13,84;12,2;94,25;2,333333;
1968-03-27;null;null;30,7;22,8;16,22;9,8;69,75;,666667;
1968-03-28;null;null;0;23,1;17,58;12,1;88,75;1;
1968-03-29;null;null;12,7;25,2;19,82;16,8;88;,333333;
1968-03-30;null;null;0;26,1;19,88;14,5;92,75;0;
1968-03-31;null;null;1;20,6;15,64;13,5;69,5;1;
1968-04-01;null;null;0;20,7;15,6;8,2;69,5;1;
1968-04-02;null;null;0;22,8;16,8;12,6;68,25;,666667;
1968-04-03;null;null;0;22,8;15,88;9,3;69,25;1,333333;
1968-04-04;null;null;0;17,7;13,06;9;60,75;,666667;
1968-04-05;null;null;0;17,1;11,64;6;65,5;,666667;
1968-04-06;null;null;0;20,7;14,9;10,5;72;,666667;
1968-04-07;null;null;0;24,1;15,46;8,1;69,25;,333333;
1968-04-08;null;null;0;26;16,08;9,5;72,25;0;
1968-04-09;null;null;0;27,6;17,74;9,6;70,75;0;
1968-04-10;null;null;0;29,4;19,02;9,8;68,25;0;
1968-04-11;null;null;0;29;20,46;12,3;67;0;
1968-04-12;null;null;0;21,8;16,22;13,2;55,75;1,333333;
1968-04-13;null;null;0;19,2;12,24;5,7;63,75;,333333;
1968-04-14;null;null;0;22,3;13,62;5,3;73,75;0;
1968-04-15;null;null;0;23,6;16,58;10,9;60,5;,333333;
1968-04-16;null;null;0;23,2;16,4;9,5;70,75;1;
1968-04-17;null;null;0;22,7;17,2;9,6;54,25;0;
1968-04-18;null;null;0;25,3;17,92;9,4;73,25;0;
1968-04-19;null;null;32,6;20;14,58;12;88,75;0;
1968-04-20;null;null;0;18,8;12,26;7,1;66,75;,333333;
1968-04-21;null;null;0;19,4;11,2;4,7;82;,333333;
1968-04-22;null;null;0;21,6;13,38;6,4;76,25;,333333;
1968-04-23;null;null;0;19,5;13,96;10,4;69,75;,666667;
1968-04-24;null;null;0;19,4;10,64;4,8;81;0;
1968-04-25;null;null;0;23,1;13,32;6,4;80,75;,333333;
1968-04-26;null;null;0;25,5;16,94;8,2;73,75;,333333;
1968-04-27;null;null;11,1;19,5;15,96;13,3;97,75;,333333;
1968-04-28;null;null;16,5;16,3;14,08;12,6;93;1;
1968-04-29;null;null;2,1;17,7;12,28;7,4;66,75;1;
1968-04-30;null;null;0;14;9,74;7;73;1,333333;
1968-05-01;null;null;null;null;null;null;null;null;
1968-05-02;null;null;null;null;null;null;null;null;
1968-05-03;null;null;null;null;null;null;null;null;
1968-05-04;null;null;null;null;null;null;null;null;
1968-05-05;null;null;null;null;null;null;null;null;
1968-05-06;null;null;null;null;null;null;null;null;
1968-05-07;null;null;null;null;null;null;null;null;
1968-05-08;null;null;null;null;null;null;null;null;
1968-05-09;null;null;null;null;null;null;null;null;
1968-05-10;null;null;null;null;null;null;null;null;
1968-05-11;null;null;null;null;null;null;null;null;
1968-05-12;null;null;null;null;null;null;null;null;
1968-05-13;null;null;null;null;null;null;null;null;
1968-05-14;null;null;null;null;null;null;null;null;
1968-05-15;null;null;null;null;null;null;null;null;
1968-05-16;null;null;null;null;null;null;null;null;
1968-05-17;null;null;null;null;null;null;null;null;
1968-05-18;null;null;null;null;null;null;null;null;
1968-05-19;null;null;null;null;null;null;null;null;
1968-05-20;null;null;null;null;null;null;null;null;
1968-05-21;null;null;null;null;null;null;null;null;
1968-05-22;null;null;null;null;null;null;null;null;
1968-05-23;null;null;null;null;null;null;null;null;
1968-05-24;null;null;null;null;null;null;null;null;
1968-05-25;null;null;null;null;null;null;null;null;
1968-05-26;null;null;null;null;null;null;null;null;
1968-05-27;null;null;null;null;null;null;null;null;
1968-05-28;null;null;null;null;null;null;null;null;
1968-05-29;null;null;null;null;null;null;null;null;
1968-05-30;null;null;null;null;null;null;null;null;
1968-05-31;null;null;null;null;null;null;null;null;
1968-06-01;null;null;null;null;null;null;null;null;
1968-06-02;null;null;null;null;null;null;null;null;
1968-06-03;null;null;null;null;null;null;null;null;
1968-06-04;null;null;null;null;null;null;null;null;
1968-06-05;null;null;null;null;null;null;null;null;
1968-06-06;null;null;null;null;null;null;null;null;
1968-06-07;null;null;null;null;null;null;null;null;
1968-06-08;null;null;null;null;null;null;null;null;
1968-06-09;null;null;null;null;null;null;null;null;
1968-06-10;null;null;null;null;null;null;null;null;
1968-06-11;null;null;null;null;null;null;null;null;
1968-06-12;null;null;null;null;null;null;null;null;
1968-06-13;null;null;null;null;null;null;null;null;
1968-06-14;null;null;null;null;null;null;null;null;
1968-06-15;null;null;null;null;null;null;null;null;
1968-06-16;null;null;null;null;null;null;null;null;
1968-06-17;null;null;null;null;null;null;null;null;
1968-06-18;null;null;null;null;null;null;null;null;
1968-06-19;null;null;null;null;null;null;null;null;
1968-06-20;null;null;null;null;null;null;null;null;
1968-06-21;null;null;null;null;null;null;null;null;
1968-06-22;null;null;null;null;null;null;null;null;
1968-06-23;null;null;null;null;null;null;null;null;
1968-06-24;null;null;null;null;null;null;null;null;
1968-06-25;null;null;null;null;null;null;null;null;
1968-06-26;null;null;null;null;null;null;null;null;
1968-06-27;null;null;null;null;null;null;null;null;
1968-06-28;null;null;null;null;null;null;null;null;
1968-06-29;null;null;null;null;null;null;null;null;
1968-06-30;null;null;null;null;null;null;null;null;
1968-07-01;null;null;null;null;null;null;null;null;
1968-07-02;null;null;null;null;null;null;null;null;
1968-07-03;null;null;null;null;null;null;null;null;
1968-07-04;null;null;null;null;null;null;null;null;
1968-07-05;null;null;null;null;null;null;null;null;
1968-07-06;null;null;null;null;null;null;null;null;
1968-07-07;null;null;null;null;null;null;null;null;
1968-07-08;null;null;null;null;null;null;null;null;
1968-07-09;null;null;null;null;null;null;null;null;
1968-07-10;null;null;null;null;null;null;null;null;
1968-07-11;null;null;null;null;null;null;null;null;
1968-07-12;null;null;null;null;null;null;null;null;
1968-07-13;null;null;null;null;null;null;null;null;
1968-07-14;null;null;null;null;null;null;null;null;
1968-07-15;null;null;null;null;null;null;null;null;
1968-07-16;null;null;null;null;null;null;null;null;
1968-07-17;null;null;null;null;null;null;null;null;
1968-07-18;null;null;null;null;null;null;null;null;
1968-07-19;null;null;null;null;null;null;null;null;
1968-07-20;null;null;null;null;null;null;null;null;
1968-07-21;null;null;null;null;null;null;null;null;
1968-07-22;null;null;null;null;null;null;null;null;
1968-07-23;null;null;null;null;null;null;null;null;
1968-07-24;null;null;null;null;null;null;null;null;
1968-07-25;null;null;null;null;null;null;null;null;
1968-07-26;null;null;null;null;null;null;null;null;
1968-07-27;null;null;null;null;null;null;null;null;
1968-07-28;null;null;null;null;null;null;null;null;
1968-07-29;null;null;null;null;null;null;null;null;
1968-07-30;null;null;null;null;null;null;null;null;
1968-07-31;null;null;null;null;null;null;null;null;
1968-08-01;null;null;null;null;null;null;null;null;
1968-08-02;null;null;null;null;null;null;null;null;
1968-08-03;null;null;null;null;null;null;null;null;
1968-08-04;null;null;null;null;null;null;null;null;
1968-08-05;null;null;null;null;null;null;null;null;
1968-08-06;null;null;null;null;null;null;null;null;
1968-08-07;null;null;null;null;null;null;null;null;
1968-08-08;null;null;null;null;null;null;null;null;
1968-08-09;null;null;null;null;null;null;null;null;
1968-08-10;null;null;null;null;null;null;null;null;
1968-08-11;null;null;null;null;null;null;null;null;
1968-08-12;null;null;null;null;null;null;null;null;
1968-08-13;null;null;null;null;null;null;null;null;
1968-08-14;null;null;null;null;null;null;null;null;
1968-08-15;null;null;null;null;null;null;null;null;
1968-08-16;null;null;null;null;null;null;null;null;
1968-08-17;null;null;null;null;null;null;null;null;
1968-08-18;null;null;null;null;null;null;null;null;
1968-08-19;null;null;null;null;null;null;null;null;
1968-08-20;null;null;null;null;null;null;null;null;
1968-08-21;null;null;null;null;null;null;null;null;
1968-08-22;null;null;null;null;null;null;null;null;
1968-08-23;null;null;null;null;null;null;null;null;
1968-08-24;null;null;null;null;null;null;null;null;
1968-08-25;null;null;null;null;null;null;null;null;
1968-08-26;null;null;null;null;null;null;null;null;
1968-08-27;null;null;null;null;null;null;null;null;
1968-08-28;null;null;null;null;null;null;null;null;
1968-08-29;null;null;null;null;null;null;null;null;
1968-08-30;null;null;null;null;null;null;null;null;
1968-08-31;null;null;null;null;null;null;null;null;
1968-09-01;null;null;null;null;null;null;null;null;
1968-09-02;null;null;null;null;null;null;null;null;
1968-09-03;null;null;null;null;null;null;null;null;
1968-09-04;null;null;null;null;null;null;null;null;
1968-09-05;null;null;null;null;null;null;null;null;
1968-09-06;null;null;null;null;null;null;null;null;
1968-09-07;null;null;null;null;null;null;null;null;
1968-09-08;null;null;null;null;null;null;null;null;
1968-09-09;null;null;null;null;null;null;null;null;
1968-09-10;null;null;null;null;null;null;null;null;
1968-09-11;null;null;null;null;null;null;null;null;
1968-09-12;null;null;null;null;null;null;null;null;
1968-09-13;null;null;null;null;null;null;null;null;
1968-09-14;null;null;null;null;null;null;null;null;
1968-09-15;null;null;null;null;null;null;null;null;
1968-09-16;null;null;null;null;null;null;null;null;
1968-09-17;null;null;null;null;null;null;null;null;
1968-09-18;null;null;null;null;null;null;null;null;
1968-09-19;null;null;null;null;null;null;null;null;
1968-09-20;null;null;null;null;null;null;null;null;
1968-09-21;null;null;null;null;null;null;null;null;
1968-09-22;null;null;null;null;null;null;null;null;
1968-09-23;null;null;null;null;null;null;null;null;
1968-09-24;null;null;null;null;null;null;null;null;
1968-09-25;null;null;null;null;null;null;null;null;
1968-09-26;null;null;null;null;null;null;null;null;
1968-09-27;null;null;null;null;null;null;null;null;
1968-09-28;null;null;null;null;null;null;null;null;
1968-09-29;null;null;null;null;null;null;null;null;
1968-09-30;null;null;null;null;null;null;null;null;
1968-10-01;null;null;null;null;null;null;null;null;
1968-10-02;null;null;null;null;null;null;null;null;
1968-10-03;null;null;null;null;null;null;null;null;
1968-10-04;null;null;null;null;null;null;null;null;
1968-10-05;null;null;null;null;null;null;null;null;
1968-10-06;null;null;null;null;null;null;null;null;
1968-10-07;null;null;null;null;null;null;null;null;
1968-10-08;null;null;null;null;null;null;null;null;
1968-10-09;null;null;null;null;null;null;null;null;
1968-10-10;null;null;null;null;null;null;null;null;
1968-10-11;null;null;null;null;null;null;null;null;
1968-10-12;null;null;null;null;null;null;null;null;
1968-10-13;null;null;null;null;null;null;null;null;
1968-10-14;null;null;null;null;null;null;null;null;
1968-10-15;null;null;null;null;null;null;null;null;
1968-10-16;null;null;null;null;null;null;null;null;
1968-10-17;null;null;null;null;null;null;null;null;
1968-10-18;null;null;null;null;null;null;null;null;
1968-10-19;null;null;null;null;null;null;null;null;
1968-10-20;null;null;null;null;null;null;null;null;
1968-10-21;null;null;null;null;null;null;null;null;
1968-10-22;null;null;null;null;null;null;null;null;
1968-10-23;null;null;null;null;null;null;null;null;
1968-10-24;null;null;null;null;null;null;null;null;
1968-10-25;null;null;null;null;null;null;null;null;
1968-10-26;null;null;null;null;null;null;null;null;
1968-10-27;null;null;null;null;null;null;null;null;
1968-10-28;null;null;null;null;null;null;null;null;
1968-10-29;null;null;null;null;null;null;null;null;
1968-10-30;null;null;null;null;null;null;null;null;
1968-10-31;null;null;null;null;null;null;null;null;
1968-11-01;null;null;null;null;null;null;null;null;
1968-11-02;null;null;null;null;null;null;null;null;
1968-11-03;null;null;null;null;null;null;null;null;
1968-11-04;null;null;null;null;null;null;null;null;
1968-11-05;null;null;null;null;null;null;null;null;
1968-11-06;null;null;null;null;null;null;null;null;
1968-11-07;null;null;null;null;null;null;null;null;
1968-11-08;null;null;null;null;null;null;null;null;
1968-11-09;null;null;null;null;null;null;null;null;
1968-11-10;null;null;null;null;null;null;null;null;
1968-11-11;null;null;null;null;null;null;null;null;
1968-11-12;null;null;null;null;null;null;null;null;
1968-11-13;null;null;null;null;null;null;null;null;
1968-11-14;null;null;null;null;null;null;null;null;
1968-11-15;null;null;null;null;null;null;null;null;
1968-11-16;null;null;null;null;null;null;null;null;
1968-11-17;null;null;null;null;null;null;null;null;
1968-11-18;null;null;null;null;null;null;null;null;
1968-11-19;null;null;null;null;null;null;null;null;
1968-11-20;null;null;null;null;null;null;null;null;
1968-11-21;null;null;null;null;null;null;null;null;
1968-11-22;null;null;null;null;null;null;null;null;
1968-11-23;null;null;null;null;null;null;null;null;
1968-11-24;null;null;null;null;null;null;null;null;
1968-11-25;null;null;null;null;null;null;null;null;
1968-11-26;null;null;null;null;null;null;null;null;
1968-11-27;null;null;null;null;null;null;null;null;
1968-11-28;null;null;null;null;null;null;null;null;
1968-11-29;null;null;null;null;null;null;null;null;
1968-11-30;null;null;null;null;null;null;null;null;
1968-12-01;null;null;null;null;null;null;null;null;
1968-12-02;null;null;null;null;null;null;null;null;
1968-12-03;null;null;null;null;null;null;null;null;
1968-12-04;null;null;null;null;null;null;null;null;
1968-12-05;null;null;null;null;null;null;null;null;
1968-12-06;null;null;null;null;null;null;null;null;
1968-12-07;null;null;null;null;null;null;null;null;
1968-12-08;null;null;null;null;null;null;null;null;
1968-12-09;null;null;null;null;null;null;null;null;
1968-12-10;null;null;null;null;null;null;null;null;
1968-12-11;null;null;null;null;null;null;null;null;
1968-12-12;null;null;null;null;null;null;null;null;
1968-12-13;null;null;null;null;null;null;null;null;
1968-12-14;null;null;null;null;null;null;null;null;
1968-12-15;null;null;null;null;null;null;null;null;
1968-12-16;null;null;null;null;null;null;null;null;
1968-12-17;null;null;null;null;null;null;null;null;
1968-12-18;null;null;null;null;null;null;null;null;
1968-12-19;null;null;null;null;null;null;null;null;
1968-12-20;null;null;null;null;null;null;null;null;
1968-12-21;null;null;null;null;null;null;null;null;
1968-12-22;null;null;null;null;null;null;null;null;
1968-12-23;null;null;null;null;null;null;null;null;
1968-12-24;null;null;null;null;null;null;null;null;
1968-12-25;null;null;null;null;null;null;null;null;
1968-12-26;null;null;null;null;null;null;null;null;
1968-12-27;null;null;null;null;null;null;null;null;
1968-12-28;null;null;null;null;null;null;null;null;
1968-12-29;null;null;null;null;null;null;null;null;
1968-12-30;null;null;null;null;null;null;null;null;
1968-12-31;null;null;null;null;null;null;null;null;
1969-01-01;null;null;null;null;null;null;null;null;
1969-01-02;null;null;null;null;null;null;null;null;
1969-01-03;null;null;null;null;null;null;null;null;
1969-01-04;null;null;null;null;null;null;null;null;
1969-01-05;null;null;null;null;null;null;null;null;
1969-01-06;null;null;null;null;null;null;null;null;
1969-01-07;null;null;null;null;null;null;null;null;
1969-01-08;null;null;null;null;null;null;null;null;
1969-01-09;null;null;null;null;null;null;null;null;
1969-01-10;null;null;null;null;null;null;null;null;
1969-01-11;null;null;null;25,1;18,64;11,8;76,75;0;
1969-01-12;null;null;0;29,7;21,32;11,8;68,25;,333333;
1969-01-13;null;null;0;33,5;24,56;14,5;66,25;,666667;
1969-01-14;null;null;0;26,7;22,86;19,8;84,5;,333333;
1969-01-15;null;null;0;27,6;22,66;17,5;72;,333333;
1969-01-16;null;null;0;28,9;23,48;18,1;67,25;,333333;
1969-01-17;null;null;0;30,2;23,4;16,6;68;0;
1969-01-18;null;null;0;29,6;23,14;16,5;73,75;,666667;
1969-01-19;null;null;0;29,5;23,48;17,5;73,5;1;
1969-01-20;null;null;0;28,9;23;16,6;67,5;,666667;
1969-01-21;null;null;0;29,4;22,38;14,8;68,25;0;
1969-01-22;null;null;0;30;22,38;16,5;61,75;,333333;
1969-01-23;null;null;0;31;23,18;14,6;65,25;,333333;
1969-01-24;null;null;0;29,3;23,54;19,4;73,5;1,666667;
1969-01-25;null;null;0;28,7;22,28;16,3;64,25;2;
1969-01-26;null;null;0;30,9;22,48;15,1;72,75;1;
1969-01-27;null;null;0;32;25,08;17,3;70,25;1;
1969-01-28;null;null;0;34,1;26,56;19,5;70;,333333;
1969-01-29;null;null;0;33,4;26,42;20,6;74,5;,333333;
1969-01-30;null;null;0;34,3;26,04;21,6;80;,333333;
1969-01-31;null;null;0;32;26,24;20,6;72,25;,666667;
1969-02-01;null;null;0;27,7;24,32;22;82;,666667;
1969-02-02;null;null;0;29,5;21,78;12,8;63,25;1;
1969-02-03;null;null;0;32,5;23,88;14,8;67;,333333;
1969-02-04;null;null;0;37,1;27,32;17,8;62,25;0;
1969-02-05;null;null;0;33,1;27,2;24,1;73,75;,333333;
1969-02-06;null;null;0;29,6;26,08;22,8;81,75;1,333333;
1969-02-07;null;null;0;33,4;25,28;21,6;91,25;,666667;
1969-02-08;null;null;42,5;25,6;22,18;19,3;88;,666667;
1969-02-09;null;null;12;30,1;24,64;18,6;74,75;1;
1969-02-10;null;null;0;33,6;26,9;20,6;80;0;
1969-02-11;null;null;0;33,7;27,04;21,3;84,5;,333333;
1969-02-12;null;null;48,4;27,4;22,02;19,4;63,5;1,666667;
1969-02-13;null;null;0;30,1;21,4;12,8;70,5;,333333;
1969-02-14;null;null;0;35;25,28;17,5;78,75;0;
1969-02-15;null;null;9,4;32,6;26,3;22,5;84,25;,666667;
1969-02-16;null;null;0;30,2;25,02;21,1;84,5;1;
1969-02-17;null;null;68,5;17,5;16;14;91,25;1,666667;
1969-02-18;null;null;25,3;21,7;16,7;13,8;54;2,333333;
1969-02-19;null;null;0;23,4;16,48;9,4;64,25;1,333333;
1969-02-20;null;null;0;26,1;18,54;11,1;68,25;,666667;
1969-02-21;null;null;0;29,5;20,4;13,1;80,5;,333333;
1969-02-22;null;null;0;30,4;22,16;15,8;73,5;0;
1969-02-23;null;null;0;33,2;24,48;17,2;78,75;0;
1969-02-24;null;null;0;34,1;25,68;19,4;73;,666667;
1969-02-25;null;null;0;29;22,3;17,6;87,75;0;
1969-02-26;null;null;19,1;29;23,5;18,1;86,25;0;
1969-02-27;null;null;0;31,6;24,72;19,2;74,25;0;
1969-02-28;null;null;0;30,7;24,48;19,5;68,75;0;
1969-03-01;null;null;0;30,5;23,22;17,8;62,75;,666667;
1969-03-02;null;null;0;30,1;23;14,3;77;0;
1969-03-03;null;null;0;31,1;23;15,6;79,5;0;
1969-03-04;null;null;0;33,4;25,22;17,8;67,75;,666667;
1969-03-05;null;null;1;29;22,86;18,6;63,25;,666667;
1969-03-06;null;null;0;29,5;21,08;13,5;76;,333333;
1969-03-07;null;null;0;29;20,76;13;76;0;
1969-03-08;null;null;0;30,4;22,6;15,3;76,75;,333333;
1969-03-09;null;null;0;30,5;22,6;15,8;77;,333333;
1969-03-10;null;null;0;31;24,78;17,4;70,5;1,666667;
1969-03-11;null;null;0;32,6;24,4;16,9;74,5;1,666667;
1969-03-12;null;null;0;32,1;24,52;17,5;76;,666667;
1969-03-13;null;null;0;33;25,16;18,6;72;,666667;
1969-03-14;null;null;0;33,2;25,76;18,8;72,25;,333333;
1969-03-15;null;null;0;33,2;26,96;19,1;70,25;0;
1969-03-16;null;null;0;34;23,82;19,6;78,75;1;
1969-03-17;null;null;null;null;null;null;null;null;
1969-03-18;null;null;null;null;null;null;null;null;
1969-03-19;null;null;null;null;null;null;null;null;
1969-03-20;null;null;null;null;null;null;null;null;
1969-03-21;null;null;null;null;null;null;null;null;
1969-03-22;null;null;null;null;null;null;null;null;
1969-03-23;null;null;null;null;null;null;null;null;
1969-03-24;null;null;null;null;null;null;null;null;
1969-03-25;null;null;null;null;null;null;null;null;
1969-03-26;null;null;null;null;null;null;null;null;
1969-03-27;null;null;null;null;null;null;null;null;
1969-03-28;null;null;null;null;null;null;null;null;
1969-03-29;null;null;null;null;null;null;null;null;
1969-03-30;null;null;null;null;null;null;null;null;
1969-03-31;null;null;null;null;null;null;null;null;
1969-04-01;null;null;null;null;null;null;null;null;
1969-04-02;null;null;null;null;null;null;null;null;
1969-04-03;null;null;null;null;null;null;null;null;
1969-04-04;null;null;null;null;null;null;null;null;
1969-04-05;null;null;null;null;null;null;null;null;
1969-04-06;null;null;null;null;null;null;null;null;
1969-04-07;null;null;null;null;null;null;null;null;
1969-04-08;null;null;null;null;null;null;null;null;
1969-04-09;null;null;null;null;null;null;null;null;
1969-04-10;null;null;null;null;null;null;null;null;
1969-04-11;null;null;null;null;null;null;null;null;
1969-04-12;null;null;null;null;null;null;null;null;
1969-04-13;null;null;null;null;null;null;null;null;
1969-04-14;null;null;null;null;null;null;null;null;
1969-04-15;null;null;null;null;null;null;null;null;
1969-04-16;null;null;null;null;null;null;null;null;
1969-04-17;null;null;null;null;null;null;null;null;
1969-04-18;null;null;null;null;null;null;null;null;
1969-04-19;null;null;null;null;null;null;null;null;
1969-04-20;null;null;null;null;null;null;null;null;
1969-04-21;null;null;null;null;null;null;null;null;
1969-04-22;null;null;null;null;null;null;null;null;
1969-04-23;null;null;null;null;null;null;null;null;
1969-04-24;null;null;null;null;null;null;null;null;
1969-04-25;null;null;null;null;null;null;null;null;
1969-04-26;null;null;null;null;null;null;null;null;
1969-04-27;null;null;null;null;null;null;null;null;
1969-04-28;null;null;null;null;null;null;null;null;
1969-04-29;null;null;null;null;null;null;null;null;
1969-04-30;null;null;null;null;null;null;null;null;
1969-05-01;null;null;null;null;null;null;null;null;
1969-05-02;null;null;null;null;null;null;null;null;
1969-05-03;null;null;null;null;null;null;null;null;
1969-05-04;null;null;null;null;null;null;null;null;
1969-05-05;null;null;null;null;null;null;null;null;
1969-05-06;null;null;null;null;null;null;null;null;
1969-05-07;null;null;null;null;null;null;null;null;
1969-05-08;null;null;null;null;null;null;null;null;
1969-05-09;null;null;null;null;null;null;null;null;
1969-05-10;null;null;null;null;null;null;null;null;
1969-05-11;null;null;null;null;null;null;null;null;
1969-05-12;null;null;null;null;null;null;null;null;
1969-05-13;null;null;null;null;null;null;null;null;
1969-05-14;null;null;null;null;null;null;null;null;
1969-05-15;null;null;null;null;null;null;null;null;
1969-05-16;null;null;null;null;null;null;null;null;
1969-05-17;null;null;null;null;null;null;null;null;
1969-05-18;null;null;null;null;null;null;null;null;
1969-05-19;null;null;null;null;null;null;null;null;
1969-05-20;null;null;null;null;null;null;null;null;
1969-05-21;null;null;null;null;null;null;null;null;
1969-05-22;null;null;null;null;null;null;null;null;
1969-05-23;null;null;null;null;null;null;null;null;
1969-05-24;null;null;null;null;null;null;null;null;
1969-05-25;null;null;null;null;null;null;null;null;
1969-05-26;null;null;null;null;null;null;null;null;
1969-05-27;null;null;null;null;null;null;null;null;
1969-05-28;null;null;null;null;null;null;null;null;
1969-05-29;null;null;null;null;null;null;null;null;
1969-05-30;null;null;null;null;null;null;null;null;
1969-05-31;null;null;null;null;null;null;null;null;
1969-06-01;null;null;null;null;null;null;null;null;
1969-06-02;null;null;null;null;null;null;null;null;
1969-06-03;null;null;null;null;null;null;null;null;
1969-06-04;null;null;null;null;null;null;null;null;
1969-06-05;null;null;null;null;null;null;null;null;
1969-06-06;null;null;null;null;null;null;null;null;
1969-06-07;null;null;null;null;null;null;null;null;
1969-06-08;null;null;null;null;null;null;null;null;
1969-06-09;null;null;null;null;null;null;null;null;
1969-06-10;null;null;null;null;null;null;null;null;
1969-06-11;null;null;null;null;null;null;null;null;
1969-06-12;null;null;null;null;null;null;null;null;
1969-06-13;null;null;null;null;null;null;null;null;
1969-06-14;null;null;null;null;null;null;null;null;
1969-06-15;null;null;null;null;null;null;null;null;
1969-06-16;null;null;null;null;null;null;null;null;
1969-06-17;null;null;null;null;null;null;null;null;
1969-06-18;null;null;null;null;null;null;null;null;
1969-06-19;null;null;null;null;null;null;null;null;
1969-06-20;null;null;null;null;null;null;null;null;
1969-06-21;null;null;null;null;null;null;null;null;
1969-06-22;null;null;null;null;null;null;null;null;
1969-06-23;null;null;null;null;null;null;null;null;
1969-06-24;null;null;null;null;null;null;null;null;
1969-06-25;null;null;null;null;null;null;null;null;
1969-06-26;null;null;null;null;null;null;null;null;
1969-06-27;null;null;null;null;null;null;null;null;
1969-06-28;null;null;null;null;null;null;null;null;
1969-06-29;null;null;null;null;null;null;null;null;
1969-06-30;null;null;null;null;null;null;null;null;
1969-07-01;null;null;null;null;null;null;null;null;
1969-07-02;null;null;null;null;null;null;null;null;
1969-07-03;null;null;null;null;null;null;null;null;
1969-07-04;null;null;null;null;null;null;null;null;
1969-07-05;null;null;null;null;null;null;null;null;
1969-07-06;null;null;null;null;null;null;null;null;
1969-07-07;null;null;null;null;null;null;null;null;
1969-07-08;null;null;null;null;null;null;null;null;
1969-07-09;null;null;null;null;null;null;null;null;
1969-07-10;null;null;null;null;null;null;null;null;
1969-07-11;null;null;null;null;null;null;null;null;
1969-07-12;null;null;null;null;null;null;null;null;
1969-07-13;null;null;null;null;null;null;null;null;
1969-07-14;null;null;null;null;null;null;null;null;
1969-07-15;null;null;null;null;null;null;null;null;
1969-07-16;null;null;null;null;null;null;null;null;
1969-07-17;null;null;null;null;null;null;null;null;
1969-07-18;null;null;null;null;null;null;null;null;
1969-07-19;null;null;null;null;null;null;null;null;
1969-07-20;null;null;null;null;null;null;null;null;
1969-07-21;null;null;null;null;null;null;null;null;
1969-07-22;null;null;null;null;null;null;null;null;
1969-07-23;null;null;null;null;null;null;null;null;
1969-07-24;null;null;null;null;null;null;null;null;
1969-07-25;null;null;null;null;null;null;null;null;
1969-07-26;null;null;null;null;null;null;null;null;
1969-07-27;null;null;null;null;null;null;null;null;
1969-07-28;null;null;null;null;null;null;null;null;
1969-07-29;null;null;null;null;null;null;null;null;
1969-07-30;null;null;null;null;null;null;null;null;
1969-07-31;null;null;null;null;null;null;null;null;
1969-08-01;null;null;null;null;null;null;null;null;
1969-08-02;null;null;null;null;null;null;null;null;
1969-08-03;null;null;null;null;null;null;null;null;
1969-08-04;null;null;null;null;null;null;null;null;
1969-08-05;null;null;null;null;null;null;null;null;
1969-08-06;null;null;null;null;null;null;null;null;
1969-08-07;null;null;null;null;null;null;null;null;
1969-08-08;null;null;null;null;null;null;null;null;
1969-08-09;null;null;null;null;null;null;null;null;
1969-08-10;null;null;null;null;null;null;null;null;
1969-08-11;null;null;null;null;null;null;null;null;
1969-08-12;null;null;null;null;null;null;null;null;
1969-08-13;null;null;null;null;null;null;null;null;
1969-08-14;null;null;null;null;null;null;null;null;
1969-08-15;null;null;null;null;null;null;null;null;
1969-08-16;null;null;null;null;null;null;null;null;
1969-08-17;null;null;null;null;null;null;null;null;
1969-08-18;null;null;null;null;null;null;null;null;
1969-08-19;null;null;null;null;null;null;null;null;
1969-08-20;null;null;null;null;null;null;null;null;
1969-08-21;null;null;null;null;null;null;null;null;
1969-08-22;null;null;null;null;null;null;null;null;
1969-08-23;null;null;null;null;null;null;null;null;
1969-08-24;null;null;null;null;null;null;null;null;
1969-08-25;null;null;null;null;null;null;null;null;
1969-08-26;null;null;null;null;null;null;null;null;
1969-08-27;null;null;null;null;null;null;null;null;
1969-08-28;null;null;null;null;null;null;null;null;
1969-08-29;null;null;null;null;null;null;null;null;
1969-08-30;null;null;null;null;null;null;null;null;
1969-08-31;null;null;null;null;null;null;null;null;
1969-09-01;null;null;null;null;null;null;null;null;
1969-09-02;null;null;null;null;null;null;null;null;
1969-09-03;null;null;null;null;null;null;null;null;
1969-09-04;null;null;null;null;null;null;null;null;
1969-09-05;null;null;null;null;null;null;null;null;
1969-09-06;null;null;null;null;null;null;null;null;
1969-09-07;null;null;null;null;null;null;null;null;
1969-09-08;null;null;null;null;null;null;null;null;
1969-09-09;null;null;null;null;null;null;null;null;
1969-09-10;null;null;null;null;null;null;null;null;
1969-09-11;null;null;null;null;null;null;null;null;
1969-09-12;null;null;null;null;null;null;null;null;
1969-09-13;null;null;null;null;null;null;null;null;
1969-09-14;null;null;null;null;null;null;null;null;
1969-09-15;null;null;null;null;null;null;null;null;
1969-09-16;null;null;null;null;null;null;null;null;
1969-09-17;null;null;null;null;null;null;null;null;
1969-09-18;null;null;null;null;null;null;null;null;
1969-09-19;null;null;null;null;null;null;null;null;
1969-09-20;null;null;null;null;null;null;null;null;
1969-09-21;null;null;null;null;null;null;null;null;
1969-09-22;null;null;null;null;null;null;null;null;
1969-09-23;null;null;null;null;null;null;null;null;
1969-09-24;null;null;null;null;null;null;null;null;
1969-09-25;null;null;null;null;null;null;null;null;
1969-09-26;null;null;null;null;null;null;null;null;
1969-09-27;null;null;null;null;null;null;null;null;
1969-09-28;null;null;null;null;null;null;null;null;
1969-09-29;null;null;null;null;null;null;null;null;
1969-09-30;null;null;null;null;null;null;null;null;
1969-10-01;null;null;null;null;null;null;null;null;
1969-10-02;null;null;null;null;null;null;null;null;
1969-10-03;null;null;null;null;null;null;null;null;
1969-10-04;null;null;null;null;null;null;null;null;
1969-10-05;null;null;null;null;null;null;null;null;
1969-10-06;null;null;null;null;null;null;null;null;
1969-10-07;null;null;null;null;null;null;null;null;
1969-10-08;null;null;null;null;null;null;null;null;
1969-10-09;null;null;null;null;null;null;null;null;
1969-10-10;null;null;null;null;null;null;null;null;
1969-10-11;null;null;null;null;null;null;null;null;
1969-10-12;null;null;null;null;null;null;null;null;
1969-10-13;null;null;null;null;null;null;null;null;
1969-10-14;null;null;null;null;null;null;null;null;
1969-10-15;null;null;null;null;null;null;null;null;
1969-10-16;null;null;null;null;null;null;null;null;
1969-10-17;null;null;null;null;null;null;null;null;
1969-10-18;null;null;null;null;null;null;null;null;
1969-10-19;null;null;null;null;null;null;null;null;
1969-10-20;null;null;null;null;null;null;null;null;
1969-10-21;null;null;null;null;null;null;null;null;
1969-10-22;null;null;null;null;null;null;null;null;
1969-10-23;null;null;null;null;null;null;null;null;
1969-10-24;null;null;null;null;null;null;null;null;
1969-10-25;null;null;null;null;null;null;null;null;
1969-10-26;null;null;null;null;null;null;null;null;
1969-10-27;null;null;null;null;null;null;null;null;
1969-10-28;null;null;null;null;null;null;null;null;
1969-10-29;null;null;null;null;null;null;null;null;
1969-10-30;null;null;null;null;null;null;null;null;
1969-10-31;null;null;null;null;null;null;null;null;
1969-11-01;null;null;null;null;null;null;null;null;
1969-11-02;null;null;null;null;null;null;null;null;
1969-11-03;null;null;null;null;null;null;null;null;
1969-11-04;null;null;null;null;null;null;null;null;
1969-11-05;null;null;null;null;null;null;null;null;
1969-11-06;null;null;null;null;null;null;null;null;
1969-11-07;null;null;null;null;null;null;null;null;
1969-11-08;null;null;null;null;null;null;null;null;
1969-11-09;null;null;null;null;null;null;null;null;
1969-11-10;null;null;null;null;null;null;null;null;
1969-11-11;null;null;null;null;null;null;null;null;
1969-11-12;null;null;null;null;null;null;null;null;
1969-11-13;null;null;null;null;null;null;null;null;
1969-11-14;null;null;null;null;null;null;null;null;
1969-11-15;null;null;null;null;null;null;null;null;
1969-11-16;null;null;null;null;null;null;null;null;
1969-11-17;null;null;null;null;null;null;null;null;
1969-11-18;null;null;null;null;null;null;null;null;
1969-11-19;null;null;null;null;null;null;null;null;
1969-11-20;null;null;null;null;null;null;null;null;
1969-11-21;null;null;null;null;null;null;null;null;
1969-11-22;null;null;null;null;null;null;null;null;
1969-11-23;null;null;null;null;null;null;null;null;
1969-11-24;null;null;null;null;null;null;null;null;
1969-11-25;null;null;null;null;null;null;null;null;
1969-11-26;null;null;null;null;null;null;null;null;
1969-11-27;null;null;null;null;null;null;null;null;
1969-11-28;null;null;null;null;null;null;null;null;
1969-11-29;null;null;null;null;null;null;null;null;
1969-11-30;null;null;null;null;null;null;null;null;
1969-12-01;null;null;null;null;null;null;null;null;
1969-12-02;null;null;null;null;null;null;null;null;
1969-12-03;null;null;null;null;null;null;null;null;
1969-12-04;null;null;null;null;null;null;null;null;
1969-12-05;null;null;null;null;null;null;null;null;
1969-12-06;null;null;null;null;null;null;null;null;
1969-12-07;null;null;null;null;null;null;null;null;
1969-12-08;null;null;null;null;null;null;null;null;
1969-12-09;null;null;null;null;null;null;null;null;
1969-12-10;null;null;null;null;null;null;null;null;
1969-12-11;null;null;null;null;null;null;null;null;
1969-12-12;null;null;null;null;null;null;null;null;
1969-12-13;null;null;null;null;null;null;null;null;
1969-12-14;null;null;null;null;null;null;null;null;
1969-12-15;null;null;null;null;null;null;null;null;
1969-12-16;null;null;null;null;null;null;null;null;
1969-12-17;null;null;null;null;null;null;null;null;
1969-12-18;null;null;null;null;null;null;null;null;
1969-12-19;null;null;null;null;null;null;null;null;
1969-12-20;null;null;null;null;null;null;null;null;
1969-12-21;null;null;null;null;null;null;null;null;
1969-12-22;null;null;null;null;null;null;null;null;
1969-12-23;null;null;null;null;null;null;null;null;
1969-12-24;null;null;null;null;null;null;null;null;
1969-12-25;null;null;null;null;null;null;null;null;
1969-12-26;null;null;null;null;null;null;null;null;
1969-12-27;null;null;null;null;null;null;null;null;
1969-12-28;null;null;null;null;null;null;null;null;
1969-12-29;null;null;null;null;null;null;null;null;
1969-12-30;null;null;null;null;null;null;null;null;
1969-12-31;null;null;null;null;null;null;null;null;
1970-01-01;null;null;null;null;null;null;null;null;
1970-01-02;null;null;null;null;null;null;null;null;
1970-01-03;null;null;null;null;null;null;null;null;
1970-01-04;null;null;null;null;null;null;null;null;
1970-01-05;null;null;null;null;null;null;null;null;
1970-01-06;null;null;null;null;null;null;null;null;
1970-01-07;null;null;null;null;null;null;null;null;
1970-01-08;null;null;null;null;null;null;null;null;
1970-01-09;null;null;null;null;null;null;null;null;
1970-01-10;null;null;null;null;null;null;null;null;
1970-01-11;null;null;null;null;null;null;null;null;
1970-01-12;null;null;null;null;null;null;null;null;
1970-01-13;null;null;null;null;null;null;null;null;
1970-01-14;null;null;null;null;null;null;null;null;
1970-01-15;null;null;null;null;null;null;null;null;
1970-01-16;null;null;null;null;null;null;null;null;
1970-01-17;null;null;null;null;null;null;null;null;
1970-01-18;null;null;null;null;null;null;null;null;
1970-01-19;null;null;null;null;null;null;null;null;
1970-01-20;null;null;null;null;null;null;null;null;
1970-01-21;null;null;null;null;null;null;null;null;
1970-01-22;null;null;null;null;null;null;null;null;
1970-01-23;null;null;null;null;null;null;null;null;
1970-01-24;null;null;null;null;null;null;null;null;
1970-01-25;null;null;null;null;null;null;null;null;
1970-01-26;null;null;null;null;null;null;null;null;
1970-01-27;null;null;null;null;null;null;null;null;
1970-01-28;null;null;null;null;null;null;null;null;
1970-01-29;null;null;null;null;null;null;null;null;
1970-01-30;null;null;null;null;null;null;null;null;
1970-01-31;null;null;null;null;null;null;null;null;
1970-02-01;null;null;null;null;null;null;null;null;
1970-02-02;null;null;null;null;null;null;null;null;
1970-02-03;null;null;null;null;null;null;null;null;
1970-02-04;null;null;null;null;null;null;null;null;
1970-02-05;null;null;null;null;null;null;null;null;
1970-02-06;null;null;null;null;null;null;null;null;
1970-02-07;null;null;null;null;null;null;null;null;
1970-02-08;null;null;null;null;null;null;null;null;
1970-02-09;null;null;null;null;null;null;null;null;
1970-02-10;null;null;null;null;null;null;null;null;
1970-02-11;null;null;null;null;null;null;null;null;
1970-02-12;null;null;null;null;null;null;null;null;
1970-02-13;null;null;null;null;null;null;null;null;
1970-02-14;null;null;null;null;null;null;null;null;
1970-02-15;null;null;null;null;null;null;null;null;
1970-02-16;null;null;null;null;null;null;null;null;
1970-02-17;null;null;null;null;null;null;null;null;
1970-02-18;null;null;null;null;null;null;null;null;
1970-02-19;null;null;null;null;null;null;null;null;
1970-02-20;null;null;null;null;null;null;null;null;
1970-02-21;null;null;null;null;null;null;null;null;
1970-02-22;null;null;null;null;null;null;null;null;
1970-02-23;null;null;null;null;null;null;null;null;
1970-02-24;null;null;null;null;null;null;null;null;
1970-02-25;null;null;null;null;null;null;null;null;
1970-02-26;null;null;null;null;null;null;null;null;
1970-02-27;null;null;null;null;null;null;null;null;
1970-02-28;null;null;null;null;null;null;null;null;
1970-03-01;null;null;null;null;null;null;null;null;
1970-03-02;null;null;null;null;null;null;null;null;
1970-03-03;null;null;null;null;null;null;null;null;
1970-03-04;null;null;null;null;null;null;null;null;
1970-03-05;null;null;null;null;null;null;null;null;
1970-03-06;null;null;null;null;null;null;null;null;
1970-03-07;null;null;null;null;null;null;null;null;
1970-03-08;null;null;null;null;null;null;null;null;
1970-03-09;null;null;null;null;null;null;null;null;
1970-03-10;null;null;null;null;null;null;null;null;
1970-03-11;null;null;null;null;null;null;null;null;
1970-03-12;null;null;null;null;null;null;null;null;
1970-03-13;null;null;null;null;null;null;null;null;
1970-03-14;null;null;null;null;null;null;null;null;
1970-03-15;null;null;null;null;null;null;null;null;
1970-03-16;null;null;null;null;null;null;null;null;
1970-03-17;null;null;null;null;null;null;null;null;
1970-03-18;null;null;null;null;null;null;null;null;
1970-03-19;null;null;null;null;null;null;null;null;
1970-03-20;null;null;null;null;null;null;null;null;
1970-03-21;null;null;null;null;null;null;null;null;
1970-03-22;null;null;null;null;null;null;null;null;
1970-03-23;null;null;null;null;null;null;null;null;
1970-03-24;null;null;null;null;null;null;null;null;
1970-03-25;null;null;null;null;null;null;null;null;
1970-03-26;null;null;null;null;null;null;null;null;
1970-03-27;null;null;null;null;null;null;null;null;
1970-03-28;null;null;null;null;null;null;null;null;
1970-03-29;null;null;null;null;null;null;null;null;
1970-03-30;null;null;null;null;null;null;null;null;
1970-03-31;null;null;null;null;null;null;null;null;
1970-04-01;null;null;null;null;null;null;null;null;
1970-04-02;null;null;null;null;null;null;null;null;
1970-04-03;null;null;null;null;null;null;null;null;
1970-04-04;null;null;null;null;null;null;null;null;
1970-04-05;null;null;null;null;null;null;null;null;
1970-04-06;null;null;null;null;null;null;null;null;
1970-04-07;null;null;null;null;null;null;null;null;
1970-04-08;null;null;null;null;null;null;null;null;
1970-04-09;null;null;null;null;null;null;null;null;
1970-04-10;null;null;null;null;null;null;null;null;
1970-04-11;null;null;null;null;null;null;null;null;
1970-04-12;null;null;null;null;null;null;null;null;
1970-04-13;null;null;null;null;null;null;null;null;
1970-04-14;null;null;null;null;null;null;null;null;
1970-04-15;null;null;null;null;null;null;null;null;
1970-04-16;null;null;null;null;null;null;null;null;
1970-04-17;null;null;null;null;null;null;null;null;
1970-04-18;null;null;null;null;null;null;null;null;
1970-04-19;null;null;null;null;null;null;null;null;
1970-04-20;null;null;null;null;null;null;null;null;
1970-04-21;null;null;null;null;null;null;null;null;
1970-04-22;null;null;null;null;null;null;null;null;
1970-04-23;null;null;null;null;null;null;null;null;
1970-04-24;null;null;null;null;null;null;null;null;
1970-04-25;null;null;null;null;null;null;null;null;
1970-04-26;null;null;null;null;null;null;null;null;
1970-04-27;null;null;null;null;null;null;null;null;
1970-04-28;null;null;null;null;null;null;null;null;
1970-04-29;null;null;null;null;null;null;null;null;
1970-04-30;null;null;null;null;null;null;null;null;
1970-05-01;null;null;null;null;null;null;null;null;
1970-05-02;null;null;null;null;null;null;null;null;
1970-05-03;null;null;null;null;null;null;null;null;
1970-05-04;null;null;null;null;null;null;null;null;
1970-05-05;null;null;null;null;null;null;null;null;
1970-05-06;null;null;null;null;null;null;null;null;
1970-05-07;null;null;null;null;null;null;null;null;
1970-05-08;null;null;null;null;null;null;null;null;
1970-05-09;null;null;null;null;null;null;null;null;
1970-05-10;null;null;null;null;null;null;null;null;
1970-05-11;null;null;null;null;null;null;null;null;
1970-05-12;null;null;null;null;null;null;null;null;
1970-05-13;null;null;null;null;null;null;null;null;
1970-05-14;null;null;null;null;null;null;null;null;
1970-05-15;null;null;null;null;null;null;null;null;
1970-05-16;null;null;null;null;null;null;null;null;
1970-05-17;null;null;null;null;null;null;null;null;
1970-05-18;null;null;null;null;null;null;null;null;
1970-05-19;null;null;null;null;null;null;null;null;
1970-05-20;null;null;null;null;null;null;null;null;
1970-05-21;null;null;null;null;null;null;null;null;
1970-05-22;null;null;null;null;null;null;null;null;
1970-05-23;null;null;null;null;null;null;null;null;
1970-05-24;null;null;null;null;null;null;null;null;
1970-05-25;null;null;null;null;null;null;null;null;
1970-05-26;null;null;null;null;null;null;null;null;
1970-05-27;null;null;null;null;null;null;null;null;
1970-05-28;null;null;null;null;null;null;null;null;
1970-05-29;null;null;null;null;null;null;null;null;
1970-05-30;null;null;null;null;null;null;null;null;
1970-05-31;null;null;null;null;null;null;null;null;
1970-06-01;null;null;null;null;null;null;null;null;
1970-06-02;null;null;null;null;null;null;null;null;
1970-06-03;null;null;null;null;null;null;null;null;
1970-06-04;null;null;null;null;null;null;null;null;
1970-06-05;null;null;null;null;null;null;null;null;
1970-06-06;null;null;null;null;null;null;null;null;
1970-06-07;null;null;null;null;null;null;null;null;
1970-06-08;null;null;null;null;null;null;null;null;
1970-06-09;null;null;null;null;null;null;null;null;
1970-06-10;null;null;null;null;null;null;null;null;
1970-06-11;null;null;null;null;null;null;null;null;
1970-06-12;null;null;null;null;null;null;null;null;
1970-06-13;null;null;null;null;null;null;null;null;
1970-06-14;null;null;null;null;null;null;null;null;
1970-06-15;null;null;null;null;null;null;null;null;
1970-06-16;null;null;null;null;null;null;null;null;
1970-06-17;null;null;null;null;null;null;null;null;
1970-06-18;null;null;null;null;null;null;null;null;
1970-06-19;null;null;null;null;null;null;null;null;
1970-06-20;null;null;null;null;null;null;null;null;
1970-06-21;null;null;null;null;null;null;null;null;
1970-06-22;null;null;null;null;null;null;null;null;
1970-06-23;null;null;null;null;null;null;null;null;
1970-06-24;null;null;null;null;null;null;null;null;
1970-06-25;null;null;null;null;null;null;null;null;
1970-06-26;null;null;null;null;null;null;null;null;
1970-06-27;null;null;null;null;null;null;null;null;
1970-06-28;null;null;null;null;null;null;null;null;
1970-06-29;null;null;null;null;null;null;null;null;
1970-06-30;null;null;null;null;null;null;null;null;
1970-07-01;null;null;null;null;null;null;null;null;
1970-07-02;null;null;null;null;null;null;null;null;
1970-07-03;null;null;null;null;null;null;null;null;
1970-07-04;null;null;null;null;null;null;null;null;
1970-07-05;null;null;null;null;null;null;null;null;
1970-07-06;null;null;null;null;null;null;null;null;
1970-07-07;null;null;null;null;null;null;null;null;
1970-07-08;null;null;null;null;null;null;null;null;
1970-07-09;null;null;null;null;null;null;null;null;
1970-07-10;null;null;null;null;null;null;null;null;
1970-07-11;null;null;null;null;null;null;null;null;
1970-07-12;null;null;null;null;null;null;null;null;
1970-07-13;null;null;null;null;null;null;null;null;
1970-07-14;null;null;null;null;null;null;null;null;
1970-07-15;null;null;null;null;null;null;null;null;
1970-07-16;null;null;null;null;null;null;null;null;
1970-07-17;null;null;null;null;null;null;null;null;
1970-07-18;null;null;null;null;null;null;null;null;
1970-07-19;null;null;null;null;null;null;null;null;
1970-07-20;null;null;null;null;null;null;null;null;
1970-07-21;null;null;null;null;null;null;null;null;
1970-07-22;null;null;null;null;null;null;null;null;
1970-07-23;null;null;null;null;null;null;null;null;
1970-07-24;null;null;null;null;null;null;null;null;
1970-07-25;null;null;null;null;null;null;null;null;
1970-07-26;null;null;null;null;null;null;null;null;
1970-07-27;null;null;null;null;null;null;null;null;
1970-07-28;null;null;null;null;null;null;null;null;
1970-07-29;null;null;null;null;null;null;null;null;
1970-07-30;null;null;null;null;null;null;null;null;
1970-07-31;null;null;null;null;null;null;null;null;
1970-08-01;null;null;null;null;null;null;null;null;
1970-08-02;null;null;null;null;null;null;null;null;
1970-08-03;null;null;null;null;null;null;null;null;
1970-08-04;null;null;null;null;null;null;null;null;
1970-08-05;null;null;null;null;null;null;null;null;
1970-08-06;null;null;null;null;null;null;null;null;
1970-08-07;null;null;null;null;null;null;null;null;
1970-08-08;null;null;null;null;null;null;null;null;
1970-08-09;null;null;null;null;null;null;null;null;
1970-08-10;null;null;null;null;null;null;null;null;
1970-08-11;null;null;null;null;null;null;null;null;
1970-08-12;null;null;null;null;null;null;null;null;
1970-08-13;null;null;null;null;null;null;null;null;
1970-08-14;null;null;null;null;null;null;null;null;
1970-08-15;null;null;null;null;null;null;null;null;
1970-08-16;null;null;null;null;null;null;null;null;
1970-08-17;null;null;null;null;null;null;null;null;
1970-08-18;null;null;null;null;null;null;null;null;
1970-08-19;null;null;null;null;null;null;null;null;
1970-08-20;null;null;null;null;null;null;null;null;
1970-08-21;null;null;null;null;null;null;null;null;
1970-08-22;null;null;null;null;null;null;null;null;
1970-08-23;null;null;null;null;null;null;null;null;
1970-08-24;null;null;null;null;null;null;null;null;
1970-08-25;null;null;null;null;null;null;null;null;
1970-08-26;null;null;null;null;null;null;null;null;
1970-08-27;null;null;null;null;null;null;null;null;
1970-08-28;null;null;null;null;null;null;null;null;
1970-08-29;null;null;null;null;null;null;null;null;
1970-08-30;null;null;null;null;null;null;null;null;
1970-08-31;null;null;null;null;null;null;null;null;
1970-09-01;null;null;null;null;null;null;null;null;
1970-09-02;null;null;null;null;null;null;null;null;
1970-09-03;null;null;null;null;null;null;null;null;
1970-09-04;null;null;null;null;null;null;null;null;
1970-09-05;null;null;null;null;null;null;null;null;
1970-09-06;null;null;null;null;null;null;null;null;
1970-09-07;null;null;null;null;null;null;null;null;
1970-09-08;null;null;null;null;null;null;null;null;
1970-09-09;null;null;null;null;null;null;null;null;
1970-09-10;null;null;null;null;null;null;null;null;
1970-09-11;null;null;null;null;null;null;null;null;
1970-09-12;null;null;null;null;null;null;null;null;
1970-09-13;null;null;null;null;null;null;null;null;
1970-09-14;null;null;null;null;null;null;null;null;
1970-09-15;null;null;null;null;null;null;null;null;
1970-09-16;null;null;null;null;null;null;null;null;
1970-09-17;null;null;null;null;null;null;null;null;
1970-09-18;null;null;null;null;null;null;null;null;
1970-09-19;null;null;null;null;null;null;null;null;
1970-09-20;null;null;null;null;null;null;null;null;
1970-09-21;null;null;null;null;null;null;null;null;
1970-09-22;null;null;null;null;null;null;null;null;
1970-09-23;null;null;null;null;null;null;null;null;
1970-09-24;null;null;null;null;null;null;null;null;
1970-09-25;null;null;null;null;null;null;null;null;
1970-09-26;null;null;null;null;null;null;null;null;
1970-09-27;null;null;null;null;null;null;null;null;
1970-09-28;null;null;null;null;null;null;null;null;
1970-09-29;null;null;null;null;null;null;null;null;
1970-09-30;null;null;null;null;null;null;null;null;
1970-10-01;null;null;null;null;null;null;null;null;
1970-10-02;null;null;null;null;null;null;null;null;
1970-10-03;null;null;null;null;null;null;null;null;
1970-10-04;null;null;null;null;null;null;null;null;
1970-10-05;null;null;null;null;null;null;null;null;
1970-10-06;null;null;null;null;null;null;null;null;
1970-10-07;null;null;null;null;null;null;null;null;
1970-10-08;null;null;null;null;null;null;null;null;
1970-10-09;null;null;null;null;null;null;null;null;
1970-10-10;null;null;null;null;null;null;null;null;
1970-10-11;null;null;null;null;null;null;null;null;
1970-10-12;null;null;null;null;null;null;null;null;
1970-10-13;null;null;null;null;null;null;null;null;
1970-10-14;null;null;null;null;null;null;null;null;
1970-10-15;null;null;null;null;null;null;null;null;
1970-10-16;null;null;null;null;null;null;null;null;
1970-10-17;null;null;null;null;null;null;null;null;
1970-10-18;null;null;null;null;null;null;null;null;
1970-10-19;null;null;null;null;null;null;null;null;
1970-10-20;null;null;null;null;null;null;null;null;
1970-10-21;null;null;null;null;null;null;null;null;
1970-10-22;null;null;null;null;null;null;null;null;
1970-10-23;null;null;null;null;null;null;null;null;
1970-10-24;null;null;null;null;null;null;null;null;
1970-10-25;null;null;null;null;null;null;null;null;
1970-10-26;null;null;null;null;null;null;null;null;
1970-10-27;null;null;null;null;null;null;null;null;
1970-10-28;null;null;null;null;null;null;null;null;
1970-10-29;null;null;null;null;null;null;null;null;
1970-10-30;null;null;null;null;null;null;null;null;
1970-10-31;null;null;null;null;null;null;null;null;
1970-11-01;null;null;null;null;null;null;null;null;
1970-11-02;null;null;null;null;null;null;null;null;
1970-11-03;null;null;null;null;null;null;null;null;
1970-11-04;null;null;null;null;null;null;null;null;
1970-11-05;null;null;null;null;null;null;null;null;
1970-11-06;null;null;null;null;null;null;null;null;
1970-11-07;null;null;null;null;null;null;null;null;
1970-11-08;null;null;null;null;null;null;null;null;
1970-11-09;null;null;null;null;null;null;null;null;
1970-11-10;null;null;null;null;null;null;null;null;
1970-11-11;null;null;null;null;null;null;null;null;
1970-11-12;null;null;null;null;null;null;null;null;
1970-11-13;null;null;null;null;null;null;null;null;
1970-11-14;null;null;null;null;null;null;null;null;
1970-11-15;null;null;null;null;null;null;null;null;
1970-11-16;null;null;null;null;null;null;null;null;
1970-11-17;null;null;null;null;null;null;null;null;
1970-11-18;null;null;null;null;null;null;null;null;
1970-11-19;null;null;null;null;null;null;null;null;
1970-11-20;null;null;null;null;null;null;null;null;
1970-11-21;null;null;null;null;null;null;null;null;
1970-11-22;null;null;null;null;null;null;null;null;
1970-11-23;null;null;null;null;null;null;null;null;
1970-11-24;null;null;null;null;null;null;null;null;
1970-11-25;null;null;null;null;null;null;null;null;
1970-11-26;null;null;null;null;null;null;null;null;
1970-11-27;null;null;null;null;null;null;null;null;
1970-11-28;null;null;null;null;null;null;null;null;
1970-11-29;null;null;null;null;null;null;null;null;
1970-11-30;null;null;null;null;null;null;null;null;
1970-12-01;null;null;null;null;null;null;null;null;
1970-12-02;null;null;null;null;null;null;null;null;
1970-12-03;null;null;null;null;null;null;null;null;
1970-12-04;null;null;null;null;null;null;null;null;
1970-12-05;null;null;null;null;null;null;null;null;
1970-12-06;null;null;null;null;null;null;null;null;
1970-12-07;null;null;null;null;null;null;null;null;
1970-12-08;null;null;null;null;null;null;null;null;
1970-12-09;null;null;null;null;null;null;null;null;
1970-12-10;null;null;null;null;null;null;null;null;
1970-12-11;null;null;null;null;null;null;null;null;
1970-12-12;null;null;null;null;null;null;null;null;
1970-12-13;null;null;null;null;null;null;null;null;
1970-12-14;null;null;null;null;null;null;null;null;
1970-12-15;null;null;null;null;null;null;null;null;
1970-12-16;null;null;null;null;null;null;null;null;
1970-12-17;null;null;null;null;null;null;null;null;
1970-12-18;null;null;null;null;null;null;null;null;
1970-12-19;null;null;null;null;null;null;null;null;
1970-12-20;null;null;null;null;null;null;null;null;
1970-12-21;null;null;null;null;null;null;null;null;
1970-12-22;null;null;null;null;null;null;null;null;
1970-12-23;null;null;null;null;null;null;null;null;
1970-12-24;null;null;null;null;null;null;null;null;
1970-12-25;null;null;null;null;null;null;null;null;
1970-12-26;null;null;null;null;null;null;null;null;
1970-12-27;null;null;null;null;null;null;null;null;
1970-12-28;null;null;null;null;null;null;null;null;
1970-12-29;null;null;null;null;null;null;null;null;
1970-12-30;null;null;null;null;null;null;null;null;
1970-12-31;null;null;null;null;null;null;null;null;
1971-01-01;null;null;null;null;null;null;null;null;
1971-01-02;null;null;null;null;null;null;null;null;
1971-01-03;null;null;null;null;null;null;null;null;
1971-01-04;null;null;null;null;null;null;null;null;
1971-01-05;null;null;null;null;null;null;null;null;
1971-01-06;null;null;null;null;null;null;null;null;
1971-01-07;null;null;null;null;null;null;null;null;
1971-01-08;null;null;null;null;null;null;null;null;
1971-01-09;null;null;null;null;null;null;null;null;
1971-01-10;null;null;null;null;null;null;null;null;
1971-01-11;null;null;null;null;null;null;null;null;
1971-01-12;null;null;null;null;null;null;null;null;
1971-01-13;null;null;null;null;null;null;null;null;
1971-01-14;null;null;null;null;null;null;null;null;
1971-01-15;null;null;null;null;null;null;null;null;
1971-01-16;null;null;null;null;null;null;null;null;
1971-01-17;null;null;null;null;null;null;null;null;
1971-01-18;null;null;null;null;null;null;null;null;
1971-01-19;null;null;null;null;null;null;null;null;
1971-01-20;null;null;null;null;null;null;null;null;
1971-01-21;null;null;null;null;null;null;null;null;
1971-01-22;null;null;null;null;null;null;null;null;
1971-01-23;null;null;null;null;null;null;null;null;
1971-01-24;null;null;null;null;null;null;null;null;
1971-01-25;null;null;null;null;null;null;null;null;
1971-01-26;null;null;null;null;null;null;null;null;
1971-01-27;null;null;null;null;null;null;null;null;
1971-01-28;null;null;null;null;null;null;null;null;
1971-01-29;null;null;null;null;null;null;null;null;
1971-01-30;null;null;null;null;null;null;null;null;
1971-01-31;null;null;null;null;null;null;null;null;
1971-02-01;null;null;null;null;null;null;null;null;
1971-02-02;null;null;null;null;null;null;null;null;
1971-02-03;null;null;null;null;null;null;null;null;
1971-02-04;null;null;null;null;null;null;null;null;
1971-02-05;null;null;null;null;null;null;null;null;
1971-02-06;null;null;null;null;null;null;null;null;
1971-02-07;null;null;null;null;null;null;null;null;
1971-02-08;null;null;null;null;null;null;null;null;
1971-02-09;null;null;null;null;null;null;null;null;
1971-02-10;null;null;null;null;null;null;null;null;
1971-02-11;null;null;null;null;null;null;null;null;
1971-02-12;null;null;null;null;null;null;null;null;
1971-02-13;null;null;null;null;null;null;null;null;
1971-02-14;null;null;null;null;null;null;null;null;
1971-02-15;null;null;null;null;null;null;null;null;
1971-02-16;null;null;null;null;null;null;null;null;
1971-02-17;null;null;null;null;null;null;null;null;
1971-02-18;null;null;null;null;null;null;null;null;
1971-02-19;null;null;null;null;null;null;null;null;
1971-02-20;null;null;null;null;null;null;null;null;
1971-02-21;null;null;null;null;null;null;null;null;
1971-02-22;null;null;null;null;null;null;null;null;
1971-02-23;null;null;null;null;null;null;null;null;
1971-02-24;null;null;null;null;null;null;null;null;
1971-02-25;null;null;null;null;null;null;null;null;
1971-02-26;null;null;null;null;null;null;null;null;
1971-02-27;null;null;null;null;null;null;null;null;
1971-02-28;null;null;null;null;null;null;null;null;
1971-03-01;null;null;null;null;null;null;null;null;
1971-03-02;null;null;null;null;null;null;null;null;
1971-03-03;null;null;null;null;null;null;null;null;
1971-03-04;null;null;null;null;null;null;null;null;
1971-03-05;null;null;null;null;null;null;null;null;
1971-03-06;null;null;null;null;null;null;null;null;
1971-03-07;null;null;null;null;null;null;null;null;
1971-03-08;null;null;null;null;null;null;null;null;
1971-03-09;null;null;null;null;null;null;null;null;
1971-03-10;null;null;null;null;null;null;null;null;
1971-03-11;null;null;null;null;null;null;null;null;
1971-03-12;null;null;null;null;null;null;null;null;
1971-03-13;null;null;null;null;null;null;null;null;
1971-03-14;null;null;null;null;null;null;null;null;
1971-03-15;null;null;null;null;null;null;null;null;
1971-03-16;null;null;null;null;null;null;null;null;
1971-03-17;null;null;null;null;null;null;null;null;
1971-03-18;null;null;null;null;null;null;null;null;
1971-03-19;null;null;null;null;null;null;null;null;
1971-03-20;null;null;null;null;null;null;null;null;
1971-03-21;null;null;null;null;null;null;null;null;
1971-03-22;null;null;null;null;null;null;null;null;
1971-03-23;null;null;null;null;null;null;null;null;
1971-03-24;null;null;null;null;null;null;null;null;
1971-03-25;null;null;null;null;null;null;null;null;
1971-03-26;null;null;null;null;null;null;null;null;
1971-03-27;null;null;null;null;null;null;null;null;
1971-03-28;null;null;null;null;null;null;null;null;
1971-03-29;null;null;null;null;null;null;null;null;
1971-03-30;null;null;null;null;null;null;null;null;
1971-03-31;null;null;null;null;null;null;null;null;
1971-04-01;null;null;null;null;null;null;null;null;
1971-04-02;null;null;null;null;null;null;null;null;
1971-04-03;null;null;null;null;null;null;null;null;
1971-04-04;null;null;null;null;null;null;null;null;
1971-04-05;null;null;null;null;null;null;null;null;
1971-04-06;null;null;null;null;null;null;null;null;
1971-04-07;null;null;null;null;null;null;null;null;
1971-04-08;null;null;null;null;null;null;null;null;
1971-04-09;null;null;null;null;null;null;null;null;
1971-04-10;null;null;null;null;null;null;null;null;
1971-04-11;null;null;null;null;null;null;null;null;
1971-04-12;null;null;null;null;null;null;null;null;
1971-04-13;null;null;null;null;null;null;null;null;
1971-04-14;null;null;null;null;null;null;null;null;
1971-04-15;null;null;null;null;null;null;null;null;
1971-04-16;null;null;null;null;null;null;null;null;
1971-04-17;null;null;null;null;null;null;null;null;
1971-04-18;null;null;null;null;null;null;null;null;
1971-04-19;null;null;null;null;null;null;null;null;
1971-04-20;null;null;null;null;null;null;null;null;
1971-04-21;null;null;null;null;null;null;null;null;
1971-04-22;null;null;null;null;null;null;null;null;
1971-04-23;null;null;null;null;null;null;null;null;
1971-04-24;null;null;null;null;null;null;null;null;
1971-04-25;null;null;null;null;null;null;null;null;
1971-04-26;null;null;null;null;null;null;null;null;
1971-04-27;null;null;null;null;null;null;null;null;
1971-04-28;null;null;null;null;null;null;null;null;
1971-04-29;null;null;null;null;null;null;null;null;
1971-04-30;null;null;null;null;null;null;null;null;
1971-05-01;null;null;null;null;null;null;null;null;
1971-05-02;null;null;null;null;null;null;null;null;
1971-05-03;null;null;null;null;null;null;null;null;
1971-05-04;null;null;null;null;null;null;null;null;
1971-05-05;null;null;null;null;null;null;null;null;
1971-05-06;null;null;null;null;null;null;null;null;
1971-05-07;null;null;null;null;null;null;null;null;
1971-05-08;null;null;null;null;null;null;null;null;
1971-05-09;null;null;null;null;null;null;null;null;
1971-05-10;null;null;null;null;null;null;null;null;
1971-05-11;null;null;null;null;null;null;null;null;
1971-05-12;null;null;null;null;null;null;null;null;
1971-05-13;null;null;null;null;null;null;null;null;
1971-05-14;null;null;null;null;null;null;null;null;
1971-05-15;null;null;null;null;null;null;null;null;
1971-05-16;null;null;null;null;null;null;null;null;
1971-05-17;null;null;null;null;null;null;null;null;
1971-05-18;null;null;null;null;null;null;null;null;
1971-05-19;null;null;null;null;null;null;null;null;
1971-05-20;null;null;null;null;null;null;null;null;
1971-05-21;null;null;null;null;null;null;null;null;
1971-05-22;null;null;null;null;null;null;null;null;
1971-05-23;null;null;null;null;null;null;null;null;
1971-05-24;null;null;null;null;null;null;null;null;
1971-05-25;null;null;null;null;null;null;null;null;
1971-05-26;null;null;null;null;null;null;null;null;
1971-05-27;null;null;null;null;null;null;null;null;
1971-05-28;null;null;null;null;null;null;null;null;
1971-05-29;null;null;null;null;null;null;null;null;
1971-05-30;null;null;null;null;null;null;null;null;
1971-05-31;null;null;null;null;null;null;null;null;
1971-06-01;null;null;null;null;null;null;null;null;
1971-06-02;null;null;null;null;null;null;null;null;
1971-06-03;null;null;null;null;null;null;null;null;
1971-06-04;null;null;null;null;null;null;null;null;
1971-06-05;null;null;null;null;null;null;null;null;
1971-06-06;null;null;null;null;null;null;null;null;
1971-06-07;null;null;null;null;null;null;null;null;
1971-06-08;null;null;null;null;null;null;null;null;
1971-06-09;null;null;null;null;null;null;null;null;
1971-06-10;null;null;null;null;null;null;null;null;
1971-06-11;null;null;null;null;null;null;null;null;
1971-06-12;null;null;null;null;null;null;null;null;
1971-06-13;null;null;null;null;null;null;null;null;
1971-06-14;null;null;null;null;null;null;null;null;
1971-06-15;null;null;null;null;null;null;null;null;
1971-06-16;null;null;null;null;null;null;null;null;
1971-06-17;null;null;null;null;null;null;null;null;
1971-06-18;null;null;null;null;null;null;null;null;
1971-06-19;null;null;null;null;null;null;null;null;
1971-06-20;null;null;null;null;null;null;null;null;
1971-06-21;null;null;null;null;null;null;null;null;
1971-06-22;null;null;null;null;null;null;null;null;
1971-06-23;null;null;null;null;null;null;null;null;
1971-06-24;null;null;null;null;null;null;null;null;
1971-06-25;null;null;null;null;null;null;null;null;
1971-06-26;null;null;null;null;null;null;null;null;
1971-06-27;null;null;null;null;null;null;null;null;
1971-06-28;null;null;null;null;null;null;null;null;
1971-06-29;null;null;null;null;null;null;null;null;
1971-06-30;null;null;null;null;null;null;null;null;
1971-07-01;null;null;null;null;null;null;null;null;
1971-07-02;null;null;null;null;null;null;null;null;
1971-07-03;null;null;null;null;null;null;null;null;
1971-07-04;null;null;null;null;null;null;null;null;
1971-07-05;null;null;null;null;null;null;null;null;
1971-07-06;null;null;null;null;null;null;null;null;
1971-07-07;null;null;null;null;null;null;null;null;
1971-07-08;null;null;null;null;null;null;null;null;
1971-07-09;null;null;null;null;null;null;null;null;
1971-07-10;null;null;null;null;null;null;null;null;
1971-07-11;null;null;null;null;null;null;null;null;
1971-07-12;null;null;null;null;null;null;null;null;
1971-07-13;null;null;null;null;null;null;null;null;
1971-07-14;null;null;null;null;null;null;null;null;
1971-07-15;null;null;null;null;null;null;null;null;
1971-07-16;null;null;null;null;null;null;null;null;
1971-07-17;null;null;null;null;null;null;null;null;
1971-07-18;null;null;null;null;null;null;null;null;
1971-07-19;null;null;null;null;null;null;null;null;
1971-07-20;null;null;null;null;null;null;null;null;
1971-07-21;null;null;null;null;null;null;null;null;
1971-07-22;null;null;null;null;null;null;null;null;
1971-07-23;null;null;null;null;null;null;null;null;
1971-07-24;null;null;null;null;null;null;null;null;
1971-07-25;null;null;null;null;null;null;null;null;
1971-07-26;null;null;null;null;null;null;null;null;
1971-07-27;null;null;null;null;null;null;null;null;
1971-07-28;null;null;null;null;null;null;null;null;
1971-07-29;null;null;null;null;null;null;null;null;
1971-07-30;null;null;null;null;null;null;null;null;
1971-07-31;null;null;null;null;null;null;null;null;
1971-08-01;null;null;null;null;null;null;null;null;
1971-08-02;null;null;null;null;null;null;null;null;
1971-08-03;null;null;null;null;null;null;null;null;
1971-08-04;null;null;null;null;null;null;null;null;
1971-08-05;null;null;null;null;null;null;null;null;
1971-08-06;null;null;null;null;null;null;null;null;
1971-08-07;null;null;null;null;null;null;null;null;
1971-08-08;null;null;null;null;null;null;null;null;
1971-08-09;null;null;null;null;null;null;null;null;
1971-08-10;null;null;null;null;null;null;null;null;
1971-08-11;null;null;null;null;null;null;null;null;
1971-08-12;null;null;null;null;null;null;null;null;
1971-08-13;null;null;null;null;null;null;null;null;
1971-08-14;null;null;null;null;null;null;null;null;
1971-08-15;null;null;null;null;null;null;null;null;
1971-08-16;null;null;null;null;null;null;null;null;
1971-08-17;null;null;null;null;null;null;null;null;
1971-08-18;null;null;null;null;null;null;null;null;
1971-08-19;null;null;null;null;null;null;null;null;
1971-08-20;null;null;null;null;null;null;null;null;
1971-08-21;null;null;null;null;null;null;null;null;
1971-08-22;null;null;null;null;null;null;null;null;
1971-08-23;null;null;null;null;null;null;null;null;
1971-08-24;null;null;null;null;null;null;null;null;
1971-08-25;null;null;null;null;null;null;null;null;
1971-08-26;null;null;null;null;null;null;null;null;
1971-08-27;null;null;null;null;null;null;null;null;
1971-08-28;null;null;null;null;null;null;null;null;
1971-08-29;null;null;null;null;null;null;null;null;
1971-08-30;null;null;null;null;null;null;null;null;
1971-08-31;null;null;null;null;null;null;null;null;
1971-09-01;null;null;null;null;null;null;null;null;
1971-09-02;null;null;null;null;null;null;null;null;
1971-09-03;null;null;null;null;null;null;null;null;
1971-09-04;null;null;null;null;null;null;null;null;
1971-09-05;null;null;null;null;null;null;null;null;
1971-09-06;null;null;null;null;null;null;null;null;
1971-09-07;null;null;null;null;null;null;null;null;
1971-09-08;null;null;null;null;null;null;null;null;
1971-09-09;null;null;null;null;null;null;null;null;
1971-09-10;null;null;null;null;null;null;null;null;
1971-09-11;null;null;null;null;null;null;null;null;
1971-09-12;null;null;null;null;null;null;null;null;
1971-09-13;null;null;null;null;null;null;null;null;
1971-09-14;null;null;null;null;null;null;null;null;
1971-09-15;null;null;null;null;null;null;null;null;
1971-09-16;null;null;null;null;null;null;null;null;
1971-09-17;null;null;null;null;null;null;null;null;
1971-09-18;null;null;null;null;null;null;null;null;
1971-09-19;null;null;null;null;null;null;null;null;
1971-09-20;null;null;null;null;null;null;null;null;
1971-09-21;null;null;null;null;null;null;null;null;
1971-09-22;null;null;null;null;null;null;null;null;
1971-09-23;null;null;null;null;null;null;null;null;
1971-09-24;null;null;null;null;null;null;null;null;
1971-09-25;null;null;null;null;null;null;null;null;
1971-09-26;null;null;null;null;null;null;null;null;
1971-09-27;null;null;null;null;null;null;null;null;
1971-09-28;null;null;null;null;null;null;null;null;
1971-09-29;null;null;null;null;null;null;null;null;
1971-09-30;null;null;null;null;null;null;null;null;
1971-10-01;null;null;null;null;null;null;null;null;
1971-10-02;null;null;null;null;null;null;null;null;
1971-10-03;null;null;null;null;null;null;null;null;
1971-10-04;null;null;null;null;null;null;null;null;
1971-10-05;null;null;null;null;null;null;null;null;
1971-10-06;null;null;null;null;null;null;null;null;
1971-10-07;null;null;null;null;null;null;null;null;
1971-10-08;null;null;null;null;null;null;null;null;
1971-10-09;null;null;null;null;null;null;null;null;
1971-10-10;null;null;null;null;null;null;null;null;
1971-10-11;null;null;null;null;null;null;null;null;
1971-10-12;null;null;null;null;null;null;null;null;
1971-10-13;null;null;null;null;null;null;null;null;
1971-10-14;null;null;null;null;null;null;null;null;
1971-10-15;null;null;null;null;null;null;null;null;
1971-10-16;null;null;null;null;null;null;null;null;
1971-10-17;null;null;null;null;null;null;null;null;
1971-10-18;null;null;null;null;null;null;null;null;
1971-10-19;null;null;null;null;null;null;null;null;
1971-10-20;null;null;null;null;null;null;null;null;
1971-10-21;null;null;null;null;null;null;null;null;
1971-10-22;null;null;null;null;null;null;null;null;
1971-10-23;null;null;null;null;null;null;null;null;
1971-10-24;null;null;null;null;null;null;null;null;
1971-10-25;null;null;null;null;null;null;null;null;
1971-10-26;null;null;null;null;null;null;null;null;
1971-10-27;null;null;null;null;null;null;null;null;
1971-10-28;null;null;null;null;null;null;null;null;
1971-10-29;null;null;null;null;null;null;null;null;
1971-10-30;null;null;null;null;null;null;null;null;
1971-10-31;null;null;null;null;null;null;null;null;
1971-11-01;null;null;null;null;null;null;null;null;
1971-11-02;null;null;null;null;null;null;null;null;
1971-11-03;null;null;null;null;null;null;null;null;
1971-11-04;null;null;null;null;null;null;null;null;
1971-11-05;null;null;null;null;null;null;null;null;
1971-11-06;null;null;null;null;null;null;null;null;
1971-11-07;null;null;null;null;null;null;null;null;
1971-11-08;null;null;null;null;null;null;null;null;
1971-11-09;null;null;null;null;null;null;null;null;
1971-11-10;null;null;null;null;null;null;null;null;
1971-11-11;null;null;null;null;null;null;null;null;
1971-11-12;null;null;null;null;null;null;null;null;
1971-11-13;null;null;null;null;null;null;null;null;
1971-11-14;null;null;null;null;null;null;null;null;
1971-11-15;null;null;null;null;null;null;null;null;
1971-11-16;null;null;null;null;null;null;null;null;
1971-11-17;null;null;null;null;null;null;null;null;
1971-11-18;null;null;null;null;null;null;null;null;
1971-11-19;null;null;null;null;null;null;null;null;
1971-11-20;null;null;null;null;null;null;null;null;
1971-11-21;null;null;null;null;null;null;null;null;
1971-11-22;null;null;null;null;null;null;null;null;
1971-11-23;null;null;null;null;null;null;null;null;
1971-11-24;null;null;null;null;null;null;null;null;
1971-11-25;null;null;null;null;null;null;null;null;
1971-11-26;null;null;null;null;null;null;null;null;
1971-11-27;null;null;null;null;null;null;null;null;
1971-11-28;null;null;null;null;null;null;null;null;
1971-11-29;null;null;null;null;null;null;null;null;
1971-11-30;null;null;null;null;null;null;null;null;
1971-12-01;null;null;null;null;null;null;null;null;
1971-12-02;null;null;null;null;null;null;null;null;
1971-12-03;null;null;null;null;null;null;null;null;
1971-12-04;null;null;null;null;null;null;null;null;
1971-12-05;null;null;null;null;null;null;null;null;
1971-12-06;null;null;null;null;null;null;null;null;
1971-12-07;null;null;null;null;null;null;null;null;
1971-12-08;null;null;null;null;null;null;null;null;
1971-12-09;null;null;null;null;null;null;null;null;
1971-12-10;null;null;null;null;null;null;null;null;
1971-12-11;null;null;null;null;null;null;null;null;
1971-12-12;null;null;null;null;null;null;null;null;
1971-12-13;null;null;null;null;null;null;null;null;
1971-12-14;null;null;null;null;null;null;null;null;
1971-12-15;null;null;null;null;null;null;null;null;
1971-12-16;null;null;null;null;null;null;null;null;
1971-12-17;null;null;null;null;null;null;null;null;
1971-12-18;null;null;null;null;null;null;null;null;
1971-12-19;null;null;null;null;null;null;null;null;
1971-12-20;null;null;null;null;null;null;null;null;
1971-12-21;null;null;null;null;null;null;null;null;
1971-12-22;null;null;null;null;null;null;null;null;
1971-12-23;null;null;null;null;null;null;null;null;
1971-12-24;null;null;null;null;null;null;null;null;
1971-12-25;null;null;null;null;null;null;null;null;
1971-12-26;null;null;null;null;null;null;null;null;
1971-12-27;null;null;null;null;null;null;null;null;
1971-12-28;null;null;null;null;null;null;null;null;
1971-12-29;null;null;null;null;null;null;null;null;
1971-12-30;null;null;null;null;null;null;null;null;
1971-12-31;null;null;null;null;null;null;null;null;
1972-01-01;null;null;null;null;null;null;null;null;
1972-01-02;null;null;null;null;null;null;null;null;
1972-01-03;null;null;null;null;null;null;null;null;
1972-01-04;null;null;null;null;null;null;null;null;
1972-01-05;null;null;null;null;null;null;null;null;
1972-01-06;null;null;null;null;null;null;null;null;
1972-01-07;null;null;null;null;null;null;null;null;
1972-01-08;null;null;null;null;null;null;null;null;
1972-01-09;null;null;null;null;null;null;null;null;
1972-01-10;null;null;null;null;null;null;null;null;
1972-01-11;null;null;null;null;null;null;null;null;
1972-01-12;null;null;null;null;null;null;null;null;
1972-01-13;null;null;null;null;null;null;null;null;
1972-01-14;null;null;null;null;null;null;null;null;
1972-01-15;null;null;null;null;null;null;null;null;
1972-01-16;null;null;null;null;null;null;null;null;
1972-01-17;null;null;null;null;null;null;null;null;
1972-01-18;null;null;null;null;null;null;null;null;
1972-01-19;null;null;null;null;null;null;null;null;
1972-01-20;null;null;null;null;null;null;null;null;
1972-01-21;null;null;null;null;null;null;null;null;
1972-01-22;null;null;null;null;null;null;null;null;
1972-01-23;null;null;null;null;null;null;null;null;
1972-01-24;null;null;null;null;null;null;null;null;
1972-01-25;null;null;null;null;null;null;null;null;
1972-01-26;null;null;null;null;null;null;null;null;
1972-01-27;null;null;null;null;null;null;null;null;
1972-01-28;null;null;null;null;null;null;null;null;
1972-01-29;null;null;null;null;null;null;null;null;
1972-01-30;null;null;null;null;null;null;null;null;
1972-01-31;null;null;null;null;null;null;null;null;
1972-02-01;null;null;null;null;null;null;null;null;
1972-02-02;null;null;null;null;null;null;null;null;
1972-02-03;null;null;null;null;null;null;null;null;
1972-02-04;null;null;null;null;null;null;null;null;
1972-02-05;null;null;null;null;null;null;null;null;
1972-02-06;null;null;null;null;null;null;null;null;
1972-02-07;null;null;null;null;null;null;null;null;
1972-02-08;null;null;null;null;null;null;null;null;
1972-02-09;null;null;null;null;null;null;null;null;
1972-02-10;null;null;null;null;null;null;null;null;
1972-02-11;null;null;null;null;null;null;null;null;
1972-02-12;null;null;null;null;null;null;null;null;
1972-02-13;null;null;null;null;null;null;null;null;
1972-02-14;null;null;null;null;null;null;null;null;
1972-02-15;null;null;null;null;null;null;null;null;
1972-02-16;null;null;null;null;null;null;null;null;
1972-02-17;null;null;null;null;null;null;null;null;
1972-02-18;null;null;null;null;null;null;null;null;
1972-02-19;null;null;null;null;null;null;null;null;
1972-02-20;null;null;null;null;null;null;null;null;
1972-02-21;null;null;null;null;null;null;null;null;
1972-02-22;null;null;null;null;null;null;null;null;
1972-02-23;null;null;null;null;null;null;null;null;
1972-02-24;null;null;null;null;null;null;null;null;
1972-02-25;null;null;null;null;null;null;null;null;
1972-02-26;null;null;null;null;null;null;null;null;
1972-02-27;null;null;null;null;null;null;null;null;
1972-02-28;null;null;null;null;null;null;null;null;
1972-02-29;null;null;null;null;null;null;null;null;
1972-03-01;null;null;null;null;null;null;null;null;
1972-03-02;null;null;null;null;null;null;null;null;
1972-03-03;null;null;null;null;null;null;null;null;
1972-03-04;null;null;null;null;null;null;null;null;
1972-03-05;null;null;null;null;null;null;null;null;
1972-03-06;null;null;null;null;null;null;null;null;
1972-03-07;null;null;null;null;null;null;null;null;
1972-03-08;null;null;null;null;null;null;null;null;
1972-03-09;null;null;null;null;null;null;null;null;
1972-03-10;null;null;null;null;null;null;null;null;
1972-03-11;null;null;null;null;null;null;null;null;
1972-03-12;null;null;null;null;null;null;null;null;
1972-03-13;null;null;null;null;null;null;null;null;
1972-03-14;null;null;null;null;null;null;null;null;
1972-03-15;null;null;null;null;null;null;null;null;
1972-03-16;null;null;null;null;null;null;null;null;
1972-03-17;null;null;null;null;null;null;null;null;
1972-03-18;null;null;null;null;null;null;null;null;
1972-03-19;null;null;null;null;null;null;null;null;
1972-03-20;null;null;null;null;null;null;null;null;
1972-03-21;null;null;null;null;null;null;null;null;
1972-03-22;null;null;null;null;null;null;null;null;
1972-03-23;null;null;null;null;null;null;null;null;
1972-03-24;null;null;null;null;null;null;null;null;
1972-03-25;null;null;null;null;null;null;null;null;
1972-03-26;null;null;null;null;null;null;null;null;
1972-03-27;null;null;null;null;null;null;null;null;
1972-03-28;null;null;null;null;null;null;null;null;
1972-03-29;null;null;null;null;null;null;null;null;
1972-03-30;null;null;null;null;null;null;null;null;
1972-03-31;null;null;null;null;null;null;null;null;
1972-04-01;null;null;null;null;null;null;null;null;
1972-04-02;null;null;null;null;null;null;null;null;
1972-04-03;null;null;null;null;null;null;null;null;
1972-04-04;null;null;null;null;null;null;null;null;
1972-04-05;null;null;null;null;null;null;null;null;
1972-04-06;null;null;null;null;null;null;null;null;
1972-04-07;null;null;null;null;null;null;null;null;
1972-04-08;null;null;null;null;null;null;null;null;
1972-04-09;null;null;null;null;null;null;null;null;
1972-04-10;null;null;null;null;null;null;null;null;
1972-04-11;null;null;null;null;null;null;null;null;
1972-04-12;null;null;null;null;null;null;null;null;
1972-04-13;null;null;null;null;null;null;null;null;
1972-04-14;null;null;null;null;null;null;null;null;
1972-04-15;null;null;null;null;null;null;null;null;
1972-04-16;null;null;null;null;null;null;null;null;
1972-04-17;null;null;null;null;null;null;null;null;
1972-04-18;null;null;null;null;null;null;null;null;
1972-04-19;null;null;null;null;null;null;null;null;
1972-04-20;null;null;null;null;null;null;null;null;
1972-04-21;null;null;null;null;null;null;null;null;
1972-04-22;null;null;null;null;null;null;null;null;
1972-04-23;null;null;null;null;null;null;null;null;
1972-04-24;null;null;null;null;null;null;null;null;
1972-04-25;null;null;null;null;null;null;null;null;
1972-04-26;null;null;null;null;null;null;null;null;
1972-04-27;null;null;null;null;null;null;null;null;
1972-04-28;null;null;null;null;null;null;null;null;
1972-04-29;null;null;null;null;null;null;null;null;
1972-04-30;null;null;null;null;null;null;null;null;
1972-05-01;null;null;null;null;null;null;null;null;
1972-05-02;null;null;null;null;null;null;null;null;
1972-05-03;null;null;null;null;null;null;null;null;
1972-05-04;null;null;null;null;null;null;null;null;
1972-05-05;null;null;null;null;null;null;null;null;
1972-05-06;null;null;null;null;null;null;null;null;
1972-05-07;null;null;null;null;null;null;null;null;
1972-05-08;null;null;null;null;null;null;null;null;
1972-05-09;null;null;null;null;null;null;null;null;
1972-05-10;null;null;null;null;null;null;null;null;
1972-05-11;null;null;null;null;null;null;null;null;
1972-05-12;null;null;null;null;null;null;null;null;
1972-05-13;null;null;null;null;null;null;null;null;
1972-05-14;null;null;null;null;null;null;null;null;
1972-05-15;null;null;null;null;null;null;null;null;
1972-05-16;null;null;null;null;null;null;null;null;
1972-05-17;null;null;null;null;null;null;null;null;
1972-05-18;null;null;null;null;null;null;null;null;
1972-05-19;null;null;null;null;null;null;null;null;
1972-05-20;null;null;null;null;null;null;null;null;
1972-05-21;null;null;null;null;null;null;null;null;
1972-05-22;null;null;null;null;null;null;null;null;
1972-05-23;null;null;null;null;null;null;null;null;
1972-05-24;null;null;null;null;null;null;null;null;
1972-05-25;null;null;null;null;null;null;null;null;
1972-05-26;null;null;null;null;null;null;null;null;
1972-05-27;null;null;null;null;null;null;null;null;
1972-05-28;null;null;null;null;null;null;null;null;
1972-05-29;null;null;null;null;null;null;null;null;
1972-05-30;null;null;null;null;null;null;null;null;
1972-05-31;null;null;null;null;null;null;null;null;
1972-06-01;null;null;null;null;null;null;null;null;
1972-06-02;null;null;null;null;null;null;null;null;
1972-06-03;null;null;null;null;null;null;null;null;
1972-06-04;null;null;null;null;null;null;null;null;
1972-06-05;null;null;null;null;null;null;null;null;
1972-06-06;null;null;null;null;null;null;null;null;
1972-06-07;null;null;null;null;null;null;null;null;
1972-06-08;null;null;null;null;null;null;null;null;
1972-06-09;null;null;null;null;null;null;null;null;
1972-06-10;null;null;null;null;null;null;null;null;
1972-06-11;null;null;null;null;null;null;null;null;
1972-06-12;null;null;null;null;null;null;null;null;
1972-06-13;null;null;null;null;null;null;null;null;
1972-06-14;null;null;null;null;null;null;null;null;
1972-06-15;null;null;null;null;null;null;null;null;
1972-06-16;null;null;null;null;null;null;null;null;
1972-06-17;null;null;null;null;null;null;null;null;
1972-06-18;null;null;null;null;null;null;null;null;
1972-06-19;null;null;null;null;null;null;null;null;
1972-06-20;null;null;null;null;null;null;null;null;
1972-06-21;null;null;null;null;null;null;null;null;
1972-06-22;null;null;null;null;null;null;null;null;
1972-06-23;null;null;null;null;null;null;null;null;
1972-06-24;null;null;null;null;null;null;null;null;
1972-06-25;null;null;null;null;null;null;null;null;
1972-06-26;null;null;null;null;null;null;null;null;
1972-06-27;null;null;null;null;null;null;null;null;
1972-06-28;null;null;null;null;null;null;null;null;
1972-06-29;null;null;null;null;null;null;null;null;
1972-06-30;null;null;null;null;null;null;null;null;
1972-07-01;null;null;null;null;null;null;null;null;
1972-07-02;null;null;null;null;null;null;null;null;
1972-07-03;null;null;null;null;null;null;null;null;
1972-07-04;null;null;null;null;null;null;null;null;
1972-07-05;null;null;null;null;null;null;null;null;
1972-07-06;null;null;null;null;null;null;null;null;
1972-07-07;null;null;null;null;null;null;null;null;
1972-07-08;null;null;null;null;null;null;null;null;
1972-07-09;null;null;null;null;null;null;null;null;
1972-07-10;null;null;null;null;null;null;null;null;
1972-07-11;null;null;null;null;null;null;null;null;
1972-07-12;null;null;null;null;null;null;null;null;
1972-07-13;null;null;null;null;null;null;null;null;
1972-07-14;null;null;null;null;null;null;null;null;
1972-07-15;null;null;null;null;null;null;null;null;
1972-07-16;null;null;null;null;null;null;null;null;
1972-07-17;null;null;null;null;null;null;null;null;
1972-07-18;null;null;null;null;null;null;null;null;
1972-07-19;null;null;null;null;null;null;null;null;
1972-07-20;null;null;null;null;null;null;null;null;
1972-07-21;null;null;null;null;null;null;null;null;
1972-07-22;null;null;null;null;null;null;null;null;
1972-07-23;null;null;null;null;null;null;null;null;
1972-07-24;null;null;null;null;null;null;null;null;
1972-07-25;null;null;null;null;null;null;null;null;
1972-07-26;null;null;null;null;null;null;null;null;
1972-07-27;null;null;null;null;null;null;null;null;
1972-07-28;null;null;null;null;null;null;null;null;
1972-07-29;null;null;null;null;null;null;null;null;
1972-07-30;null;null;null;null;null;null;null;null;
1972-07-31;null;null;null;null;null;null;null;null;
1972-08-01;null;null;null;null;null;null;null;null;
1972-08-02;null;null;null;null;null;null;null;null;
1972-08-03;null;null;null;null;null;null;null;null;
1972-08-04;null;null;null;null;null;null;null;null;
1972-08-05;null;null;null;null;null;null;null;null;
1972-08-06;null;null;null;null;null;null;null;null;
1972-08-07;null;null;null;null;null;null;null;null;
1972-08-08;null;null;null;null;null;null;null;null;
1972-08-09;null;null;null;null;null;null;null;null;
1972-08-10;null;null;null;null;null;null;null;null;
1972-08-11;null;null;null;null;null;null;null;null;
1972-08-12;null;null;null;null;null;null;null;null;
1972-08-13;null;null;null;null;null;null;null;null;
1972-08-14;null;null;null;null;null;null;null;null;
1972-08-15;null;null;null;null;null;null;null;null;
1972-08-16;null;null;null;null;null;null;null;null;
1972-08-17;null;null;null;null;null;null;null;null;
1972-08-18;null;null;null;null;null;null;null;null;
1972-08-19;null;null;null;null;null;null;null;null;
1972-08-20;null;null;null;null;null;null;null;null;
1972-08-21;null;null;null;null;null;null;null;null;
1972-08-22;null;null;null;null;null;null;null;null;
1972-08-23;null;null;null;null;null;null;null;null;
1972-08-24;null;null;null;null;null;null;null;null;
1972-08-25;null;null;null;null;null;null;null;null;
1972-08-26;null;null;null;null;null;null;null;null;
1972-08-27;null;null;null;null;null;null;null;null;
1972-08-28;null;null;null;null;null;null;null;null;
1972-08-29;null;null;null;null;null;null;null;null;
1972-08-30;null;null;null;null;null;null;null;null;
1972-08-31;null;null;null;null;null;null;null;null;
1972-09-01;null;null;null;null;null;null;null;null;
1972-09-02;null;null;null;null;null;null;null;null;
1972-09-03;null;null;null;null;null;null;null;null;
1972-09-04;null;null;null;null;null;null;null;null;
1972-09-05;null;null;null;null;null;null;null;null;
1972-09-06;null;null;null;null;null;null;null;null;
1972-09-07;null;null;null;null;null;null;null;null;
1972-09-08;null;null;null;null;null;null;null;null;
1972-09-09;null;null;null;null;null;null;null;null;
1972-09-10;null;null;null;null;null;null;null;null;
1972-09-11;null;null;null;null;null;null;null;null;
1972-09-12;null;null;null;null;null;null;null;null;
1972-09-13;null;null;null;null;null;null;null;null;
1972-09-14;null;null;null;null;null;null;null;null;
1972-09-15;null;null;null;null;null;null;null;null;
1972-09-16;null;null;null;null;null;null;null;null;
1972-09-17;null;null;null;null;null;null;null;null;
1972-09-18;null;null;null;null;null;null;null;null;
1972-09-19;null;null;null;null;null;null;null;null;
1972-09-20;null;null;null;null;null;null;null;null;
1972-09-21;null;null;null;null;null;null;null;null;
1972-09-22;null;null;null;null;null;null;null;null;
1972-09-23;null;null;null;null;null;null;null;null;
1972-09-24;null;null;null;null;null;null;null;null;
1972-09-25;null;null;null;null;null;null;null;null;
1972-09-26;null;null;null;null;null;null;null;null;
1972-09-27;null;null;null;null;null;null;null;null;
1972-09-28;null;null;null;null;null;null;null;null;
1972-09-29;null;null;null;null;null;null;null;null;
1972-09-30;null;null;null;null;null;null;null;null;
1972-10-01;null;null;null;null;null;null;null;null;
1972-10-02;null;null;null;null;null;null;null;null;
1972-10-03;null;null;null;null;null;null;null;null;
1972-10-04;null;null;null;null;null;null;null;null;
1972-10-05;null;null;null;null;null;null;null;null;
1972-10-06;null;null;null;null;null;null;null;null;
1972-10-07;null;null;null;null;null;null;null;null;
1972-10-08;null;null;null;null;null;null;null;null;
1972-10-09;null;null;null;null;null;null;null;null;
1972-10-10;null;null;null;null;null;null;null;null;
1972-10-11;null;null;null;null;null;null;null;null;
1972-10-12;null;null;null;null;null;null;null;null;
1972-10-13;null;null;null;null;null;null;null;null;
1972-10-14;null;null;null;null;null;null;null;null;
1972-10-15;null;null;null;null;null;null;null;null;
1972-10-16;null;null;null;null;null;null;null;null;
1972-10-17;null;null;null;null;null;null;null;null;
1972-10-18;null;null;null;null;null;null;null;null;
1972-10-19;null;null;null;null;null;null;null;null;
1972-10-20;null;null;null;null;null;null;null;null;
1972-10-21;null;null;null;null;null;null;null;null;
1972-10-22;null;null;null;null;null;null;null;null;
1972-10-23;null;null;null;null;null;null;null;null;
1972-10-24;null;null;null;null;null;null;null;null;
1972-10-25;null;null;null;null;null;null;null;null;
1972-10-26;null;null;null;null;null;null;null;null;
1972-10-27;null;null;null;null;null;null;null;null;
1972-10-28;null;null;null;null;null;null;null;null;
1972-10-29;null;null;null;null;null;null;null;null;
1972-10-30;null;null;null;null;null;null;null;null;
1972-10-31;null;null;null;null;null;null;null;null;
1972-11-01;null;null;null;null;null;null;null;null;
1972-11-02;null;null;null;null;null;null;null;null;
1972-11-03;null;null;null;null;null;null;null;null;
1972-11-04;null;null;null;null;null;null;null;null;
1972-11-05;null;null;null;null;null;null;null;null;
1972-11-06;null;null;null;null;null;null;null;null;
1972-11-07;null;null;null;null;null;null;null;null;
1972-11-08;null;null;null;null;null;null;null;null;
1972-11-09;null;null;null;null;null;null;null;null;
1972-11-10;null;null;null;null;null;null;null;null;
1972-11-11;null;null;null;null;null;null;null;null;
1972-11-12;null;null;null;null;null;null;null;null;
1972-11-13;null;null;null;null;null;null;null;null;
1972-11-14;null;null;null;null;null;null;null;null;
1972-11-15;null;null;null;null;null;null;null;null;
1972-11-16;null;null;null;null;null;null;null;null;
1972-11-17;null;null;null;null;null;null;null;null;
1972-11-18;null;null;null;null;null;null;null;null;
1972-11-19;null;null;null;null;null;null;null;null;
1972-11-20;null;null;null;null;null;null;null;null;
1972-11-21;null;null;null;null;null;null;null;null;
1972-11-22;null;null;null;null;null;null;null;null;
1972-11-23;null;null;null;null;null;null;null;null;
1972-11-24;null;null;null;null;null;null;null;null;
1972-11-25;null;null;null;null;null;null;null;null;
1972-11-26;null;null;null;null;null;null;null;null;
1972-11-27;null;null;null;null;null;null;null;null;
1972-11-28;null;null;null;null;null;null;null;null;
1972-11-29;null;null;null;null;null;null;null;null;
1972-11-30;null;null;null;null;null;null;null;null;
1972-12-01;null;null;null;null;null;null;null;null;
1972-12-02;null;null;null;null;null;null;null;null;
1972-12-03;null;null;null;null;null;null;null;null;
1972-12-04;null;null;null;null;null;null;null;null;
1972-12-05;null;null;null;null;null;null;null;null;
1972-12-06;null;null;null;null;null;null;null;null;
1972-12-07;null;null;null;null;null;null;null;null;
1972-12-08;null;null;null;null;null;null;null;null;
1972-12-09;null;null;null;null;null;null;null;null;
1972-12-10;null;null;null;null;null;null;null;null;
1972-12-11;null;null;null;null;null;null;null;null;
1972-12-12;null;null;null;null;null;null;null;null;
1972-12-13;null;null;null;null;null;null;null;null;
1972-12-14;null;null;null;null;null;null;null;null;
1972-12-15;null;null;null;null;null;null;null;null;
1972-12-16;null;null;null;null;null;null;null;null;
1972-12-17;null;null;null;null;null;null;null;null;
1972-12-18;null;null;null;null;null;null;null;null;
1972-12-19;null;null;null;null;null;null;null;null;
1972-12-20;null;null;null;null;null;null;null;null;
1972-12-21;null;null;null;null;null;null;null;null;
1972-12-22;null;null;null;null;null;null;null;null;
1972-12-23;null;null;null;null;null;null;null;null;
1972-12-24;null;null;null;null;null;null;null;null;
1972-12-25;null;null;null;null;null;null;null;null;
1972-12-26;null;null;null;null;null;null;null;null;
1972-12-27;null;null;null;null;null;null;null;null;
1972-12-28;null;null;null;null;null;null;null;null;
1972-12-29;null;null;null;null;null;null;null;null;
1972-12-30;null;null;null;null;null;null;null;null;
1972-12-31;null;null;null;null;null;null;null;null;
1973-01-01;null;null;null;null;null;null;null;null;
1973-01-02;null;null;null;null;null;null;null;null;
1973-01-03;null;null;null;null;null;null;null;null;
1973-01-04;null;null;null;null;null;null;null;null;
1973-01-05;null;null;null;null;null;null;null;null;
1973-01-06;null;null;null;null;null;null;null;null;
1973-01-07;null;null;null;null;null;null;null;null;
1973-01-08;null;null;null;null;null;null;null;null;
1973-01-09;null;null;null;null;null;null;null;null;
1973-01-10;null;null;null;null;null;null;null;null;
1973-01-11;null;null;null;null;null;null;null;null;
1973-01-12;null;null;null;null;null;null;null;null;
1973-01-13;null;null;null;null;null;null;null;null;
1973-01-14;null;null;null;null;null;null;null;null;
1973-01-15;null;null;null;null;null;null;null;null;
1973-01-16;null;null;null;null;null;null;null;null;
1973-01-17;null;null;null;null;null;null;null;null;
1973-01-18;null;null;null;null;null;null;null;null;
1973-01-19;null;null;null;null;null;null;null;null;
1973-01-20;null;null;null;null;null;null;null;null;
1973-01-21;null;null;null;null;null;null;null;null;
1973-01-22;null;null;null;null;null;null;null;null;
1973-01-23;null;null;null;null;null;null;null;null;
1973-01-24;null;null;null;null;null;null;null;null;
1973-01-25;null;null;null;null;null;null;null;null;
1973-01-26;null;null;null;null;null;null;null;null;
1973-01-27;null;null;null;null;null;null;null;null;
1973-01-28;null;null;null;null;null;null;null;null;
1973-01-29;null;null;null;null;null;null;null;null;
1973-01-30;null;null;null;null;null;null;null;null;
1973-01-31;null;null;null;null;null;null;null;null;
1973-02-01;null;null;null;null;null;null;null;null;
1973-02-02;null;null;null;null;null;null;null;null;
1973-02-03;null;null;null;null;null;null;null;null;
1973-02-04;null;null;null;null;null;null;null;null;
1973-02-05;null;null;null;null;null;null;null;null;
1973-02-06;null;null;null;null;null;null;null;null;
1973-02-07;null;null;null;null;null;null;null;null;
1973-02-08;null;null;null;null;null;null;null;null;
1973-02-09;null;null;null;null;null;null;null;null;
1973-02-10;null;null;null;null;null;null;null;null;
1973-02-11;null;null;null;null;null;null;null;null;
1973-02-12;null;null;null;null;null;null;null;null;
1973-02-13;null;null;null;null;null;null;null;null;
1973-02-14;null;null;null;null;null;null;null;null;
1973-02-15;null;null;null;null;null;null;null;null;
1973-02-16;null;null;null;null;null;null;null;null;
1973-02-17;null;null;null;null;null;null;null;null;
1973-02-18;null;null;null;null;null;null;null;null;
1973-02-19;null;null;null;null;null;null;null;null;
1973-02-20;null;null;null;null;null;null;null;null;
1973-02-21;null;null;null;null;null;null;null;null;
1973-02-22;null;null;null;null;null;null;null;null;
1973-02-23;null;null;null;null;null;null;null;null;
1973-02-24;null;null;null;null;null;null;null;null;
1973-02-25;null;null;null;null;null;null;null;null;
1973-02-26;null;null;null;null;null;null;null;null;
1973-02-27;null;null;null;null;null;null;null;null;
1973-02-28;null;null;null;null;null;null;null;null;
1973-03-01;null;null;null;null;null;null;null;null;
1973-03-02;null;null;null;null;null;null;null;null;
1973-03-03;null;null;null;null;null;null;null;null;
1973-03-04;null;null;null;null;null;null;null;null;
1973-03-05;null;null;null;null;null;null;null;null;
1973-03-06;null;null;null;null;null;null;null;null;
1973-03-07;null;null;null;null;null;null;null;null;
1973-03-08;null;null;null;null;null;null;null;null;
1973-03-09;null;null;null;null;null;null;null;null;
1973-03-10;null;null;null;null;null;null;null;null;
1973-03-11;null;null;null;null;null;null;null;null;
1973-03-12;null;null;null;null;null;null;null;null;
1973-03-13;null;null;null;null;null;null;null;null;
1973-03-14;null;null;null;null;null;null;null;null;
1973-03-15;null;null;null;null;null;null;null;null;
1973-03-16;null;null;null;null;null;null;null;null;
1973-03-17;null;null;null;null;null;null;null;null;
1973-03-18;null;null;null;null;null;null;null;null;
1973-03-19;null;null;null;null;null;null;null;null;
1973-03-20;null;null;null;null;null;null;null;null;
1973-03-21;null;null;null;null;null;null;null;null;
1973-03-22;null;null;null;null;null;null;null;null;
1973-03-23;null;null;null;null;null;null;null;null;
1973-03-24;null;null;null;null;null;null;null;null;
1973-03-25;null;null;null;null;null;null;null;null;
1973-03-26;null;null;null;null;null;null;null;null;
1973-03-27;null;null;null;null;null;null;null;null;
1973-03-28;null;null;null;null;null;null;null;null;
1973-03-29;null;null;null;null;null;null;null;null;
1973-03-30;null;null;null;null;null;null;null;null;
1973-03-31;null;null;null;null;null;null;null;null;
1973-04-01;null;null;null;null;null;null;null;null;
1973-04-02;null;null;null;null;null;null;null;null;
1973-04-03;null;null;null;null;null;null;null;null;
1973-04-04;null;null;null;null;null;null;null;null;
1973-04-05;null;null;null;null;null;null;null;null;
1973-04-06;null;null;null;null;null;null;null;null;
1973-04-07;null;null;null;null;null;null;null;null;
1973-04-08;null;null;null;null;null;null;null;null;
1973-04-09;null;null;null;null;null;null;null;null;
1973-04-10;null;null;null;null;null;null;null;null;
1973-04-11;null;null;null;null;null;null;null;null;
1973-04-12;null;null;null;null;null;null;null;null;
1973-04-13;null;null;null;null;null;null;null;null;
1973-04-14;null;null;null;null;null;null;null;null;
1973-04-15;null;null;null;null;null;null;null;null;
1973-04-16;null;null;null;null;null;null;null;null;
1973-04-17;null;null;null;null;null;null;null;null;
1973-04-18;null;null;null;null;null;null;null;null;
1973-04-19;null;null;null;null;null;null;null;null;
1973-04-20;null;null;null;null;null;null;null;null;
1973-04-21;null;null;null;null;null;null;null;null;
1973-04-22;null;null;null;null;null;null;null;null;
1973-04-23;null;null;null;null;null;null;null;null;
1973-04-24;null;null;null;null;null;null;null;null;
1973-04-25;null;null;null;null;null;null;null;null;
1973-04-26;null;null;null;null;null;null;null;null;
1973-04-27;null;null;null;null;null;null;null;null;
1973-04-28;null;null;null;null;null;null;null;null;
1973-04-29;null;null;null;null;null;null;null;null;
1973-04-30;null;null;null;null;null;null;null;null;
1973-05-01;null;null;null;null;null;null;null;null;
1973-05-02;null;null;null;null;null;null;null;null;
1973-05-03;null;null;null;null;null;null;null;null;
1973-05-04;null;null;null;null;null;null;null;null;
1973-05-05;null;null;null;null;null;null;null;null;
1973-05-06;null;null;null;null;null;null;null;null;
1973-05-07;null;null;null;null;null;null;null;null;
1973-05-08;null;null;null;null;null;null;null;null;
1973-05-09;null;null;null;null;null;null;null;null;
1973-05-10;null;null;null;null;null;null;null;null;
1973-05-11;null;null;null;null;null;null;null;null;
1973-05-12;null;null;null;null;null;null;null;null;
1973-05-13;null;null;null;null;null;null;null;null;
1973-05-14;null;null;null;null;null;null;null;null;
1973-05-15;null;null;null;null;null;null;null;null;
1973-05-16;null;null;null;null;null;null;null;null;
1973-05-17;null;null;null;null;null;null;null;null;
1973-05-18;null;null;null;null;null;null;null;null;
1973-05-19;null;null;null;null;null;null;null;null;
1973-05-20;null;null;null;null;null;null;null;null;
1973-05-21;null;null;null;null;null;null;null;null;
1973-05-22;null;null;null;null;null;null;null;null;
1973-05-23;null;null;null;null;null;null;null;null;
1973-05-24;null;null;null;null;null;null;null;null;
1973-05-25;null;null;null;null;null;null;null;null;
1973-05-26;null;null;null;null;null;null;null;null;
1973-05-27;null;null;null;null;null;null;null;null;
1973-05-28;null;null;null;null;null;null;null;null;
1973-05-29;null;null;null;null;null;null;null;null;
1973-05-30;null;null;null;null;null;null;null;null;
1973-05-31;null;null;null;null;null;null;null;null;
1973-06-01;null;null;null;null;null;null;null;null;
1973-06-02;null;null;null;null;null;null;null;null;
1973-06-03;null;null;null;null;null;null;null;null;
1973-06-04;null;null;null;null;null;null;null;null;
1973-06-05;null;null;null;null;null;null;null;null;
1973-06-06;null;null;null;null;null;null;null;null;
1973-06-07;null;null;null;null;null;null;null;null;
1973-06-08;null;null;null;null;null;null;null;null;
1973-06-09;null;null;null;null;null;null;null;null;
1973-06-10;null;null;null;null;null;null;null;null;
1973-06-11;null;null;null;null;null;null;null;null;
1973-06-12;null;null;null;null;null;null;null;null;
1973-06-13;null;null;null;null;null;null;null;null;
1973-06-14;null;null;null;null;null;null;null;null;
1973-06-15;null;null;null;null;null;null;null;null;
1973-06-16;null;null;null;null;null;null;null;null;
1973-06-17;null;null;null;null;null;null;null;null;
1973-06-18;null;null;null;null;null;null;null;null;
1973-06-19;null;null;null;null;null;null;null;null;
1973-06-20;null;null;null;null;null;null;null;null;
1973-06-21;null;null;null;null;null;null;null;null;
1973-06-22;null;null;null;null;null;null;null;null;
1973-06-23;null;null;null;null;null;null;null;null;
1973-06-24;null;null;null;null;null;null;null;null;
1973-06-25;null;null;null;null;null;null;null;null;
1973-06-26;null;null;null;null;null;null;null;null;
1973-06-27;null;null;null;null;null;null;null;null;
1973-06-28;null;null;null;null;null;null;null;null;
1973-06-29;null;null;null;null;null;null;null;null;
1973-06-30;null;null;null;null;null;null;null;null;
1973-07-01;null;null;null;null;null;null;null;null;
1973-07-02;null;null;null;null;null;null;null;null;
1973-07-03;null;null;null;null;null;null;null;null;
1973-07-04;null;null;null;null;null;null;null;null;
1973-07-05;null;null;null;null;null;null;null;null;
1973-07-06;null;null;null;null;null;null;null;null;
1973-07-07;null;null;null;null;null;null;null;null;
1973-07-08;null;null;null;null;null;null;null;null;
1973-07-09;null;null;null;null;null;null;null;null;
1973-07-10;null;null;null;null;null;null;null;null;
1973-07-11;null;null;null;null;null;null;null;null;
1973-07-12;null;null;null;null;null;null;null;null;
1973-07-13;null;null;null;null;null;null;null;null;
1973-07-14;null;null;null;null;null;null;null;null;
1973-07-15;null;null;null;null;null;null;null;null;
1973-07-16;null;null;null;null;null;null;null;null;
1973-07-17;null;null;null;null;null;null;null;null;
1973-07-18;null;null;null;null;null;null;null;null;
1973-07-19;null;null;null;null;null;null;null;null;
1973-07-20;null;null;null;null;null;null;null;null;
1973-07-21;null;null;null;null;null;null;null;null;
1973-07-22;null;null;null;null;null;null;null;null;
1973-07-23;null;null;null;null;null;null;null;null;
1973-07-24;null;null;null;null;null;null;null;null;
1973-07-25;null;null;null;null;null;null;null;null;
1973-07-26;null;null;null;null;null;null;null;null;
1973-07-27;null;null;null;null;null;null;null;null;
1973-07-28;null;null;null;null;null;null;null;null;
1973-07-29;null;null;null;null;null;null;null;null;
1973-07-30;null;null;null;null;null;null;null;null;
1973-07-31;null;null;null;null;null;null;null;null;
1973-08-01;null;null;null;null;null;null;null;null;
1973-08-02;null;null;null;null;null;null;null;null;
1973-08-03;null;null;null;null;null;null;null;null;
1973-08-04;null;null;null;null;null;null;null;null;
1973-08-05;null;null;null;null;null;null;null;null;
1973-08-06;null;null;null;null;null;null;null;null;
1973-08-07;null;null;null;null;null;null;null;null;
1973-08-08;null;null;null;null;null;null;null;null;
1973-08-09;null;null;null;null;null;null;null;null;
1973-08-10;null;null;null;null;null;null;null;null;
1973-08-11;null;null;null;null;null;null;null;null;
1973-08-12;null;null;null;null;null;null;null;null;
1973-08-13;null;null;null;null;null;null;null;null;
1973-08-14;null;null;null;null;null;null;null;null;
1973-08-15;null;null;null;null;null;null;null;null;
1973-08-16;null;null;null;null;null;null;null;null;
1973-08-17;null;null;null;null;null;null;null;null;
1973-08-18;null;null;null;null;null;null;null;null;
1973-08-19;null;null;null;null;null;null;null;null;
1973-08-20;null;null;null;null;null;null;null;null;
1973-08-21;null;null;null;null;null;null;null;null;
1973-08-22;null;null;null;null;null;null;null;null;
1973-08-23;null;null;null;null;null;null;null;null;
1973-08-24;null;null;null;null;null;null;null;null;
1973-08-25;null;null;null;null;null;null;null;null;
1973-08-26;null;null;null;null;null;null;null;null;
1973-08-27;null;null;null;null;null;null;null;null;
1973-08-28;null;null;null;null;null;null;null;null;
1973-08-29;null;null;null;null;null;null;null;null;
1973-08-30;null;null;null;null;null;null;null;null;
1973-08-31;null;null;null;null;null;null;null;null;
1973-09-01;null;null;null;null;null;null;null;null;
1973-09-02;null;null;null;null;null;null;null;null;
1973-09-03;null;null;null;null;null;null;null;null;
1973-09-04;null;null;null;null;null;null;null;null;
1973-09-05;null;null;null;null;null;null;null;null;
1973-09-06;null;null;null;null;null;null;null;null;
1973-09-07;null;null;null;null;null;null;null;null;
1973-09-08;null;null;null;null;null;null;null;null;
1973-09-09;null;null;null;null;null;null;null;null;
1973-09-10;null;null;null;null;null;null;null;null;
1973-09-11;null;null;null;null;null;null;null;null;
1973-09-12;null;null;null;null;null;null;null;null;
1973-09-13;null;null;null;null;null;null;null;null;
1973-09-14;null;null;null;null;null;null;null;null;
1973-09-15;null;null;null;null;null;null;null;null;
1973-09-16;null;null;null;null;null;null;null;null;
1973-09-17;null;null;null;null;null;null;null;null;
1973-09-18;null;null;null;null;null;null;null;null;
1973-09-19;null;null;null;null;null;null;null;null;
1973-09-20;null;null;null;null;null;null;null;null;
1973-09-21;null;null;null;null;null;null;null;null;
1973-09-22;null;null;null;null;null;null;null;null;
1973-09-23;null;null;null;null;null;null;null;null;
1973-09-24;null;null;null;null;null;null;null;null;
1973-09-25;null;null;null;null;null;null;null;null;
1973-09-26;null;null;null;null;null;null;null;null;
1973-09-27;null;null;null;null;null;null;null;null;
1973-09-28;null;null;null;null;null;null;null;null;
1973-09-29;null;null;null;null;null;null;null;null;
1973-09-30;null;null;null;null;null;null;null;null;
1973-10-01;null;null;null;null;null;null;null;null;
1973-10-02;null;null;null;null;null;null;null;null;
1973-10-03;null;null;null;null;null;null;null;null;
1973-10-04;null;null;null;null;null;null;null;null;
1973-10-05;null;null;null;null;null;null;null;null;
1973-10-06;null;null;null;null;null;null;null;null;
1973-10-07;null;null;null;null;null;null;null;null;
1973-10-08;null;null;null;null;null;null;null;null;
1973-10-09;null;null;null;null;null;null;null;null;
1973-10-10;null;null;null;null;null;null;null;null;
1973-10-11;null;null;null;null;null;null;null;null;
1973-10-12;null;null;null;null;null;null;null;null;
1973-10-13;null;null;null;null;null;null;null;null;
1973-10-14;null;null;null;null;null;null;null;null;
1973-10-15;null;null;null;null;null;null;null;null;
1973-10-16;null;null;null;null;null;null;null;null;
1973-10-17;null;null;null;null;null;null;null;null;
1973-10-18;null;null;null;null;null;null;null;null;
1973-10-19;null;null;null;null;null;null;null;null;
1973-10-20;null;null;null;null;null;null;null;null;
1973-10-21;null;null;null;null;null;null;null;null;
1973-10-22;null;null;null;null;null;null;null;null;
1973-10-23;null;null;null;null;null;null;null;null;
1973-10-24;null;null;null;null;null;null;null;null;
1973-10-25;null;null;null;null;null;null;null;null;
1973-10-26;null;null;null;null;null;null;null;null;
1973-10-27;null;null;null;null;null;null;null;null;
1973-10-28;null;null;null;null;null;null;null;null;
1973-10-29;null;null;null;null;null;null;null;null;
1973-10-30;null;null;null;null;null;null;null;null;
1973-10-31;null;null;null;null;null;null;null;null;
1973-11-01;null;null;null;null;null;null;null;null;
1973-11-02;null;null;null;null;null;null;null;null;
1973-11-03;null;null;null;null;null;null;null;null;
1973-11-04;null;null;null;null;null;null;null;null;
1973-11-05;null;null;null;null;null;null;null;null;
1973-11-06;null;null;null;null;null;null;null;null;
1973-11-07;null;null;null;null;null;null;null;null;
1973-11-08;null;null;null;null;null;null;null;null;
1973-11-09;null;null;null;null;null;null;null;null;
1973-11-10;null;null;null;null;null;null;null;null;
1973-11-11;null;null;null;null;null;null;null;null;
1973-11-12;null;null;null;null;null;null;null;null;
1973-11-13;null;null;null;null;null;null;null;null;
1973-11-14;null;null;null;null;null;null;null;null;
1973-11-15;null;null;null;null;null;null;null;null;
1973-11-16;null;null;null;null;null;null;null;null;
1973-11-17;null;null;null;null;null;null;null;null;
1973-11-18;null;null;null;null;null;null;null;null;
1973-11-19;null;null;null;null;null;null;null;null;
1973-11-20;null;null;null;null;null;null;null;null;
1973-11-21;null;null;null;null;null;null;null;null;
1973-11-22;null;null;null;null;null;null;null;null;
1973-11-23;null;null;null;null;null;null;null;null;
1973-11-24;null;null;null;null;null;null;null;null;
1973-11-25;null;null;null;null;null;null;null;null;
1973-11-26;null;null;null;null;null;null;null;null;
1973-11-27;null;null;null;null;null;null;null;null;
1973-11-28;null;null;null;null;null;null;null;null;
1973-11-29;null;null;null;null;null;null;null;null;
1973-11-30;null;null;null;null;null;null;null;null;
1973-12-01;null;null;null;null;null;null;null;null;
1973-12-02;null;null;null;null;null;null;null;null;
1973-12-03;null;null;null;null;null;null;null;null;
1973-12-04;null;null;null;null;null;null;null;null;
1973-12-05;null;null;null;null;null;null;null;null;
1973-12-06;null;null;null;null;null;null;null;null;
1973-12-07;null;null;null;null;null;null;null;null;
1973-12-08;null;null;null;null;null;null;null;null;
1973-12-09;null;null;null;null;null;null;null;null;
1973-12-10;null;null;null;null;null;null;null;null;
1973-12-11;null;null;null;null;null;null;null;null;
1973-12-12;null;null;null;null;null;null;null;null;
1973-12-13;null;null;null;null;null;null;null;null;
1973-12-14;null;null;null;null;null;null;null;null;
1973-12-15;null;null;null;null;null;null;null;null;
1973-12-16;null;null;null;null;null;null;null;null;
1973-12-17;null;null;null;null;null;null;null;null;
1973-12-18;null;null;null;null;null;null;null;null;
1973-12-19;null;null;null;null;null;null;null;null;
1973-12-20;null;null;null;null;null;null;null;null;
1973-12-21;null;null;null;null;null;null;null;null;
1973-12-22;null;null;null;null;null;null;null;null;
1973-12-23;null;null;null;null;null;null;null;null;
1973-12-24;null;null;null;null;null;null;null;null;
1973-12-25;null;null;null;null;null;null;null;null;
1973-12-26;null;null;null;null;null;null;null;null;
1973-12-27;null;null;null;null;null;null;null;null;
1973-12-28;null;null;null;null;null;null;null;null;
1973-12-29;null;null;null;null;null;null;null;null;
1973-12-30;null;null;null;null;null;null;null;null;
1973-12-31;null;null;null;null;null;null;null;null;
1974-01-01;,9;4,1;null;29;24,5;19;70,75;1;
1974-01-02;2,5;11,2;0;34;27,1;20,8;67,25;3,666667;
1974-01-03;5;3,3;0;34,2;25,58;21,8;75,25;2,333333;
1974-01-04;3,2;10,2;,4;33,8;27,62;21,2;68;3,666667;
1974-01-05;5,6;6,3;0;30,8;25,4;22,3;77,5;6,333333;
1974-01-06;3,5;6,3;0;28,5;24,6;19,2;76,25;2,333333;
1974-01-07;3,5;,6;0;26,5;20,86;18;92,75;5,333333;
1974-01-08;,5;,6;7,6;24,4;21,62;18;92,5;1,666667;
1974-01-09;1,5;3,3;,3;25;22,42;19;91,25;2,333333;
1974-01-10;1;4,9;17,4;25,5;21,78;18,4;78,5;3;
1974-01-11;2,5;13,2;0;24,8;19,86;14,6;43;2,333333;
1974-01-12;1,5;12,9;0;27,5;21,88;13,8;54,75;2,333333;
1974-01-13;2,5;12,6;0;32;26,18;19,8;65,25;5,333333;
1974-01-14;5;8,5;3;27,3;21,24;17,4;54;7,333333;
1974-01-15;1,8;13,1;0;23,8;19,3;13,8;49,5;2,333333;
1974-01-16;1,7;13,1;0;29;22,38;12,6;58;2,333333;
1974-01-17;2;12,7;0;33,5;27,76;21;57;1;
1974-01-18;3,7;10,7;0;33,5;29,24;24;53,5;1;
1974-01-19;6;12;0;34;27,58;21,8;62,25;4,333333;
1974-01-20;2,4;11,8;0;33,2;26,3;22,4;78;4,333333;
1974-01-21;3,6;,2;2,5;31;24,16;21,1;79,75;6,333333;
1974-01-22;3;11,7;22,7;28;23,06;19,8;87,25;2,333333;
1974-01-23;2,5;0;13,5;23,3;19,78;18,9;94,5;3,666667;
1974-01-24;1,5;2,5;65,8;27,4;23,34;18,8;82,5;3,666667;
1974-01-25;3;6,3;3,3;28,5;23,24;20,6;75,5;5;
1974-01-26;3;1,6;10,4;26,8;23,34;20,2;84,25;5;
1974-01-27;2,7;7,1;1;25,8;22,78;20,4;86;3,666667;
1974-01-28;3;4,3;0;26,1;22,96;19,8;78;1,666667;
1974-01-29;2,5;11,9;0;28,4;23,62;18,2;64;2,333333;
1974-01-30;2,5;11,2;0;27,1;22,68;17,1;61,75;4,333333;
1974-01-31;2;11,7;0;27,5;22,2;15,8;68,25;5;
1974-02-01;5;9,2;0;28,5;23;16,6;71,25;2,333333;
1974-02-02;3;11,5;0;32;25,74;18,9;67;2,666667;
1974-02-03;4;10,5;0;32;25,6;21,2;74,5;5;
1974-02-04;5;10;0;31,5;26,54;22,2;78,25;3,666667;
1974-02-05;4,5;1,8;0;28,6;23,14;20;89,5;2,333333;
1974-02-06;1;0;31,5;25;22,06;18,2;93,75;3,666667;
1974-02-07;2,8;5,1;31;27,5;24,34;21,8;86;2;
1974-02-08;2,5;0;0;23,7;19,78;17,4;79;4,333333;
1974-02-09;2,5;2,7;0;27,4;22,32;17,2;86;3,666667;
1974-02-10;1,5;6,5;0;31,5;24,22;21,3;86;3;
1974-02-11;2;4,7;25;29;23,74;20,4;92,75;3,333333;
1974-02-12;1,5;3,1;7;27,1;23,36;21,2;86,25;,666667;
1974-02-13;2;0;0;23,3;20,44;18,8;92,75;3,666667;
1974-02-14;1;5,2;6;24;20,1;16,9;72;3,666667;
1974-02-15;4;0;0;21,1;16,74;15,3;85,75;6,333333;
1974-02-16;1;0;4;20,3;17,64;14,4;84,5;3,666667;
1974-02-17;2,5;,4;1;24;20,28;16;73,25;2,333333;
1974-02-18;2,5;2,1;0;23,5;20,3;16,9;84;,666667;
1974-02-19;2;8,5;0;28;21,72;16;74,5;1;
1974-02-20;2;0;0;23,3;19,22;17,9;94,75;,666667;
1974-02-21;,5;8;9;25,2;20,5;17,2;71,5;3,666667;
1974-02-22;3;10,1;0;25;20,18;14,2;71,25;1;
1974-02-23;3;8,7;0;25;21,06;15,8;69,75;2,333333;
1974-02-24;3;8,5;0;26;21,02;16;70,75;3,666667;
1974-02-25;3,5;8;0;26;21,5;16,2;73,5;3,666667;
1974-02-26;3,5;11;0;27,2;21,42;15;66,25;6,333333;
1974-02-27;4,5;0;0;23,5;19,72;16;85,75;2;
1974-02-28;2,5;10,6;0;28;22,2;16;69,75;,666667;
1974-03-01;3,5;9,8;0;30,2;23,82;17,8;69,75;6,333333;
1974-03-02;4;0;0;25,6;20,44;17,7;92;6,333333;
1974-03-03;1;9,1;13,3;24,7;19,9;15,8;63,75;5;
1974-03-04;4,5;0;0;24,4;19,68;15,5;85,75;2,333333;
1974-03-05;2;6;0;27,4;22;18,5;86,25;3,666667;
1974-03-06;1;4,8;2;28,4;23,46;20,3;82,75;3;
1974-03-07;3;7,8;0;30,4;24,4;20,3;81;2,666667;
1974-03-08;2;0;0;27,6;22,58;20,8;91,25;,666667;
1974-03-09;1,5;0;15;21,5;20,48;20,1;97,75;2,333333;
1974-03-10;,5;8,7;36;28;22,5;17,6;83;,666667;
1974-03-11;1;7,9;0;26;21,86;19;80;4,333333;
1974-03-12;3,5;7;0;26,1;22,12;19;80;1,666667;
1974-03-13;2,5;4,3;0;28,6;22,7;19,2;81,75;1;
1974-03-14;2;5,3;0;28,5;23,16;18,2;83;,333333;
1974-03-15;1,5;2,6;1,8;27,7;19,64;16,1;95,25;7;
1974-03-16;1,5;9,5;4;21,3;15,76;14;62;6,333333;
1974-03-17;4,5;11,3;0;22,3;15,66;9,2;62;1,333333;
1974-03-18;3;10,9;0;24,3;17,48;10,2;64,75;1;
1974-03-19;4;10,6;0;25,5;19,4;13,6;73;5;
1974-03-20;4;3,5;0;23,8;20,18;15,6;77,25;3,666667;
1974-03-21;3;8,6;0;24,6;19,86;15,6;74,25;5;
1974-03-22;4;6,7;0;26,5;20,6;15;76,25;3,666667;
1974-03-23;3;2;0;22,9;19,8;16,6;92,5;1;
1974-03-24;1;1;5,5;24,1;20,4;17,8;85,25;3,666667;
1974-03-25;1,5;7,8;1,3;25;20,76;16,5;82,75;1;
1974-03-26;2,5;8,7;1;26,3;20,92;17,8;82;2;
1974-03-27;2;6,2;,4;27,1;19,2;15;79,5;1;
1974-03-28;2;6,1;0;24,6;18,6;14,6;88,25;1;
1974-03-29;1,5;10,1;9;25,4;19,72;15,2;71,5;,666667;
1974-03-30;2,5;9,1;0;26,9;21,48;16,4;71,5;3,333333;
1974-03-31;3,5;3,1;4,8;23,1;19,22;16,9;81,5;2,333333;
1974-04-01;1,5;9,8;0;24,6;18,3;12,5;61,5;1,666667;
1974-04-02;4;10,4;0;26;20,16;15,5;57,5;,333333;
1974-04-03;4,5;4,3;0;26,3;20,52;15,6;65;,666667;
1974-04-04;3,5;10,7;0;27,9;21,34;16,9;66,75;,333333;
1974-04-05;3;9,5;0;26,5;19,72;15,2;71;,333333;
1974-04-06;3;10,5;0;28,5;21,02;14,9;59,75;,333333;
1974-04-07;4;9,7;0;27,9;20,96;14,8;62,5;1,666667;
1974-04-08;4,5;9;0;28;20,54;13,4;64,75;,333333;
1974-04-09;3,5;10,1;0;29,3;20,96;14;65,75;2;
1974-04-10;4;8,6;26;26,2;19,38;15,4;75;2;
1974-04-11;2,5;5,6;0;23,7;19,12;16,8;81;2,333333;
1974-04-12;2;7,1;0;25,2;19,06;14,2;70;,666667;
1974-04-13;3;9,3;0;25;18,24;13,9;69,5;1;
1974-04-14;3;9,3;0;25,3;18,22;11,9;68;,333333;
1974-04-15;,5;6,5;0;26,6;19,66;13,4;71,25;,666667;
1974-04-16;3;9;0;29;22,64;16;65,25;1,666667;
1974-04-17;5;8,1;0;29,7;23,38;17,5;65;1;
1974-04-18;5;0;41;24,5;16,76;14;89;1;
1974-04-19;2;9,9;3;17,3;12,4;9,2;62,5;3,5;
1974-04-20;4;7,2;0;20,9;15,72;9,8;70,5;3;
1974-04-21;1;5,7;0;24,8;18,06;13,8;83,5;1,666667;
1974-04-22;4;8,2;0;23,7;18,3;13,9;73,5;2,666667;
1974-04-23;3;5,5;0;18,7;13,48;10,3;71;3;
1974-04-24;2,5;5,9;0;18;12,94;7,4;72,5;3;
1974-04-25;3;9,4;0;17,9;13,22;9,9;70,25;4,333333;
1974-04-26;4;9,7;0;17,9;12,2;7,2;69;3,333333;
1974-04-27;2;9,9;0;18,7;12,06;6,7;69,25;1,666667;
1974-04-28;3;8,1;0;21,2;13,62;6,8;70;2;
1974-04-29;3,2;7,9;0;22;16,22;11,2;62,5;1;
1974-04-30;2,9;8,3;,2;20,4;14,42;10,1;63,5;1,666667;
1974-05-01;3,6;9,6;0;23,9;16,6;9,4;59;3,666667;
1974-05-02;4,5;9,8;0;24,7;17,4;12;59,5;1,666667;
1974-05-03;4,4;7,1;0;25,3;18,9;14,4;67,75;1,333333;
1974-05-04;3,3;6,5;0;21,2;14,96;10,9;75,75;2,333333;
1974-05-05;2,5;7,8;0;18,9;13,12;8,4;72,25;3;
1974-05-06;2,1;8,7;0;20,6;13,88;7,6;70;2,333333;
1974-05-07;3,1;2,8;0;20,3;15,42;10,4;85,75;1,333333;
1974-05-08;1,4;3,7;,4;18,3;13,1;9,5;94,5;2,333333;
1974-05-09;,4;9,8;0;22;14,7;7,8;71,5;,666667;
1974-05-10;2,8;9,4;0;25,5;17,16;10,8;63,75;2,666667;
1974-05-11;4,9;2;0;22,9;17,54;13,2;68,5;2,333333;
1974-05-12;3,5;,1;1,8;18,9;15,46;14,3;95,5;9;
1974-05-13;1,1;8,7;7,3;19,2;15,62;13;71,25;8,333333;
1974-05-14;2,6;10;0;20,7;13,74;9,7;68,5;0;
1974-05-15;2,6;8,4;0;24,5;16,42;9,4;63;5;
1974-05-16;7,7;6,8;0;26,7;20,64;15,8;65;4,333333;
1974-05-17;5;0;0;22,6;18,1;16,9;95,5;3,666667;
1974-05-18;,3;1;11,4;18,9;16,18;15,3;91;2,666667;
1974-05-19;1;4,8;,4;18,7;14,22;10,3;79,75;3,666667;
1974-05-20;1,7;,8;0;22;17,54;12,7;91,5;4,333333;
1974-05-21;1,6;0;,7;24,8;22,58;18,8;85,25;4,333333;
1974-05-22;3,7;0;0;24,5;20,58;18,3;88,25;2;
1974-05-23;1,8;0;1,1;23,4;18,68;17,3;97,5;2,666667;
1974-05-24;,2;,4;5,8;20,5;18,24;16,4;95,75;1,666667;
1974-05-25;,8;,3;,6;19,9;17,14;16,1;98;2,333333;
1974-05-26;,7;,3;60;16,1;12,44;11,2;93,5;,333333;
1974-05-27;,5;4,6;1,6;16,9;12,42;8,2;91,5;,666667;
1974-05-28;,5;4,1;,5;19;15,42;13,8;84,25;3,333333;
1974-05-29;1,2;5,6;0;19,4;14,38;9,4;83;0;
1974-05-30;1,2;5,8;0;18,3;14,26;12,1;75,25;,666667;
1974-05-31;2,1;2,7;0;17,1;13,46;10,1;82,5;3;
1974-06-01;1,3;0;2,7;15;12,82;11,8;97,75;1,666667;
1974-06-02;,7;9,2;8,5;12,7;8,54;6,5;72,25;4,333333;
1974-06-03;2,9;9,8;0;12,5;6,32;2,2;60,25;2,333333;
1974-06-04;3;7,4;0;16,1;9,52;4,6;60,5;2;
1974-06-05;3,1;9,6;0;13,2;7,74;3,8;68,5;,333333;
1974-06-06;2,3;4,5;0;16;9,22;4,2;74,25;1,333333;
1974-06-07;1,8;7,8;0;14;9,06;2,5;86,25;2,666667;
1974-06-08;1,4;0;0;16,2;13,5;7,8;100;2;
1974-06-09;,2;6,7;15;17,2;11,58;9,2;76,75;3,666667;
1974-06-10;2,2;5,1;0;17,4;10,78;6,6;67,25;3,666667;
1974-06-11;4;6,6;0;11,3;6,7;5,3;64,25;2,333333;
1974-06-12;2,9;6,4;0;10,7;5,22;1,9;61;2,333333;
1974-06-13;2,4;7;0;10,5;5,04;1,2;71,25;,666667;
1974-06-14;1,7;6,4;0;14,1;7,32;1,2;69;3,666667;
1974-06-15;3;2,7;0;16;9,78;5;90;,333333;
1974-06-16;,4;1,3;3,7;14,4;11,28;8,8;78;1;
1974-06-17;1,4;1,1;0;12,4;8,6;5,8;83;1,333333;
1974-06-18;1;1,4;0;14,9;9,6;4;87,5;1,666667;
1974-06-19;1;,7;0;16,9;13,32;9,8;89,5;3;
1974-06-20;1,3;0;12;18,1;12,66;9,7;95,75;2,333333;
1974-06-21;1,1;6,3;15,4;15,4;9,38;5,8;60,5;2;
1974-06-22;3;6,3;0;17,1;10,86;6,7;54,5;2;
1974-06-23;3,8;6,7;0;18,1;11,34;6,1;53,75;,666667;
1974-06-24;3,6;6,4;0;17,5;10,2;4,4;75,5;,333333;
1974-06-25;2;6,2;0;17,3;10,88;5;84;,666667;
1974-06-26;1,2;5,4;3;16;12,18;10;89;1,666667;
1974-06-27;1,4;5,4;0;17;12,64;9,6;79;3,666667;
1974-06-28;2,9;4,6;0;17,5;13;9,4;74,75;5;
1974-06-29;3,1;0;3,6;13,5;12,4;11,8;97,25;,666667;
1974-06-30;,5;9,9;1,9;23,4;16,06;10,9;76,25;3;
1974-07-01;3,5;9,9;0;23,5;16,56;12,4;71,5;3;
1974-07-02;3,8;9,1;0;23;16,48;10,9;68,5;2;
1974-07-03;4;8,2;0;23;15,58;10;78,25;1,666667;
1974-07-04;2,5;1,3;0;21,6;15,62;12,2;80,75;2;
1974-07-05;2,5;4,8;0;23;16,98;11,6;68,5;3,333333;
1974-07-06;5,8;2,5;0;20,6;16;14,3;84,25;3;
1974-07-07;1,7;9,8;,5;22,5;15,36;9,6;85,5;,333333;
1974-07-08;1,8;9,1;0;24,8;17,26;12,2;72;,666667;
1974-07-09;2,7;9,1;0;24;17,04;12,7;71,5;,333333;
1974-07-10;2,4;6,5;0;23;15,56;11,2;77,75;,333333;
1974-07-11;2,1;8,6;0;24,8;17,1;12;75,25;,333333;
1974-07-12;3,2;7,2;0;22,9;16,72;12,7;75,75;1,333333;
1974-07-13;2,5;8,9;0;25;17,86;11,2;64,5;3,333333;
1974-07-14;6;5,3;2,2;20,7;12,5;10,3;72;3,666667;
1974-07-15;1,9;0;0;15,4;11,08;5,7;91,25;1;
1974-07-16;,9;0;15,5;15,5;13,44;11;97,5;1;
1974-07-17;,1;0;13,7;17,5;14,88;13,9;98,75;1;
1974-07-18;,3;1,2;60,9;13,9;10,9;9,7;85,5;3;
1974-07-19;1,3;6,4;,6;13,4;7,82;4,4;77;1;
1974-07-20;1,2;9,4;0;15,3;8,2;1,6;73,25;,666667;
1974-07-21;1,8;1,8;0;10,9;7,22;4,8;74;2,333333;
1974-07-22;1,6;9,3;0;9,6;4,84;2,1;68;4,333333;
1974-07-23;2,9;7,1;0;11;6,02;,8;68;2,333333;
1974-07-24;2,3;,2;0;12,8;9,6;5,5;84,75;1;
1974-07-25;1,2;5,7;0;15;9,84;5,9;84;1,333333;
1974-07-26;,9;3,3;1;17,4;12,62;8,8;88;,666667;
1974-07-27;,9;4,4;0;21,3;15,98;10,6;81,75;2,333333;
1974-07-28;1,9;9,7;0;25,6;19,48;15,1;78,5;1,666667;
1974-07-29;2,2;6,6;0;26,5;18,96;14,6;77,75;1;
1974-07-30;3,2;7;0;19,8;13,36;10,5;64;1,666667;
1974-07-31;3,1;3,6;0;20,6;15,02;8,9;83,75;1,666667;
1974-08-01;3,8;4,4;0;27,9;22,02;14,7;53,5;7,666667;
1974-08-02;11,8;2,7;0;26;22,52;21,3;62;5,666667;
1974-08-03;5,4;0;5,5;21,3;14,26;12,4;95,25;5,666667;
1974-08-04;,4;0;30,5;14,1;12,5;11;96;6,333333;
1974-08-05;,1;5,3;68;14,4;10,8;9,5;83,75;2;
1974-08-06;1,5;5,7;0;14,8;8,7;3,9;82,75;,666667;
1974-08-07;1,1;5,7;0;10,6;6,56;5,4;67,75;3;
1974-08-08;2,3;10,7;,3;13,1;6,82;1;59,25;0;
1974-08-09;2,2;10,5;0;16,4;7,76;,7;58,75;0;
1974-08-10;2,5;10,6;0;17,6;9,62;2,5;58;,666667;
1974-08-11;3;9,1;0;18,3;9,96;2,1;58,5;,333333;
1974-08-12;2,8;10,6;0;21,3;11,86;4,1;49;0;
1974-08-13;4,2;10,6;0;21,6;14,92;9;53,75;1,666667;
1974-08-14;5,7;9,3;0;23,7;16,32;12,2;44;6,333333;
1974-08-15;6,7;10,1;0;15;7,76;4,2;62;5,666667;
1974-08-16;3,4;10,9;0;13,8;7;1,9;58,25;2;
1974-08-17;3,2;3,6;0;18;9,46;2,5;57,75;4;
1974-08-18;5;9,2;0;11,3;5,88;1,1;58;2,333333;
1974-08-19;2,3;10,8;0;16,8;8,7;,4;50,25;1,333333;
1974-08-20;3,5;10,7;0;20,5;12,1;4,9;64,5;,333333;
1974-08-21;2,8;10,2;0;24,7;14,8;5;62,25;,666667;
1974-08-22;5,2;10,4;0;28;19,04;11;61;2,333333;
1974-08-23;8;4,9;0;31,3;23,06;18,7;53,25;3,666667;
1974-08-24;10;0;16;26,1;18,54;16,2;97;1;
1974-08-25;3,1;1,2;6,6;20,1;17,24;15,2;89,5;1,666667;
1974-08-26;1;,7;0;19;16,36;14,4;95,75;,666667;
1974-08-27;,7;1,7;0;22,8;18,36;13,7;88,75;1,333333;
1974-08-28;,3;0;9,3;13,5;12,38;11,7;85,25;3,666667;
1974-08-29;1,4;2,7;5,2;14,8;11,38;8,8;92,5;1,333333;
1974-08-30;,6;5,6;2,9;18,2;13,26;9,5;87,25;,666667;
1974-08-31;1,5;0;,8;13,2;8,14;6,4;83,75;2,666667;
1974-09-01;1,5;10,8;0;11,9;7,22;2;42,25;3;
1974-09-02;3,8;11,3;0;12;6,4;2,6;53,25;3,333333;
1974-09-03;3,2;11;0;12,5;7,58;3,6;55,75;1,666667;
1974-09-04;3,4;10,4;0;14,3;7,82;2,8;59;1,333333;
1974-09-05;2,1;9,7;0;15,7;9,28;2,7;54,75;,333333;
1974-09-06;2,7;8,5;0;14,5;8,02;3,6;67;1,666667;
1974-09-07;2,9;6,8;0;19,5;12,36;3,2;67;2;
1974-09-08;3,5;4,3;0;16,5;11,5;8,5;46,25;5,666667;
1974-09-09;5,8;9,9;0;15;8,68;2,4;55,5;2,333333;
1974-09-10;2,5;11,3;0;19,7;12,84;4,2;64,25;3,666667;
1974-09-11;4,6;6,5;0;24;15,82;7;71;1,333333;
1974-09-12;3,3;0;0;18,7;15,8;12,9;84;2;
1974-09-13;,9;6,8;1,1;25;18,38;13,7;82,25;,666667;
1974-09-14;1,6;,5;0;22,9;18,82;14,2;86,75;,333333;
1974-09-15;1,3;0;1,7;22,4;18,42;16,6;83,5;3,666667;
1974-09-16;2;0;7,8;19;16,42;15,2;98,5;2;
1974-09-17;,1;0;29,2;17;15,16;13,6;98,25;0;
1974-09-18;,4;5,8;35,9;19;14,72;12,8;80,25;3,666667;
1974-09-19;2,1;9,7;0;17,3;12,08;8,4;73,25;1;
1974-09-20;1,8;7,8;0;25,2;17,56;9,5;72,75;3;
1974-09-21;3;6,2;0;25,3;19,26;14,9;83,25;1,666667;
1974-09-22;2,6;0;23,5;18,9;15,68;14,7;98,25;3,666667;
1974-09-23;,2;0;25;16,8;16;13,6;95,25;2;
1974-09-24;,4;8,2;0;28,5;20,7;15,4;84;2,333333;
1974-09-25;2,7;0;0;21,6;18,44;17,3;97,75;1;
1974-09-26;1,1;2;15,3;17,3;14,62;12,4;82,25;2,333333;
1974-09-27;1;9,6;0;22,3;16,66;9,8;56,25;1,333333;
1974-09-28;3;10,6;0;22;15,66;10,6;67,5;3;
1974-09-29;3,8;10,9;0;17;12,12;8,3;53,75;2,333333;
1974-09-30;3,2;11,3;0;16;11,24;5,9;58;3;
1974-10-01;3,6;1,4;0;15,4;11,58;8,3;80,5;3;
1974-10-02;1,8;4,9;0;18,7;13,56;8,7;68,25;4,333333;
1974-10-03;3,5;6,2;0;19,4;13,8;8,1;74,25;3,666667;
1974-10-04;2,5;7,9;0;21;16,34;12,5;71,25;3;
1974-10-05;3;5;0;19;13,1;10,6;84,75;2,666667;
1974-10-06;2,3;6,4;9,7;17,5;13,14;9,8;58,5;4,333333;
1974-10-07;3,7;11,8;0;22;15,28;7,6;40,5;0;
1974-10-08;4;11,2;0;22,5;16,38;8;55,25;,333333;
1974-10-09;4,1;10,7;0;24,2;17,86;11;50,25;2,666667;
1974-10-10;5,4;11,5;0;25,4;19,02;12,6;46,25;1,333333;
1974-10-11;4,4;10,8;0;26,3;19,02;10,5;53;2,333333;
1974-10-12;4,5;8,2;0;24;17,98;13,5;63,5;3;
1974-10-13;3,5;8,1;0;24;17,38;10,4;54;3;
1974-10-14;4,9;7,3;0;26;18,86;12,4;55,5;2;
1974-10-15;4;6,9;0;28;21,18;14;57,25;2,333333;
1974-10-16;3,6;3,1;,2;23,1;18,7;16,7;80,5;3,666667;
1974-10-17;3,5;4,1;0;19,9;15,34;13,8;63,25;2,666667;
1974-10-18;3,6;4,7;0;21,5;15,18;10;43,25;2;
1974-10-19;4,2;3,9;0;24;17,56;9;45,25;1,333333;
1974-10-20;5,3;11,7;0;23,5;17,8;12,7;56;1;
1974-10-21;5,1;11;0;21,5;15,22;9,8;42,75;2;
1974-10-22;3,5;11,9;0;25,1;18,16;10,3;32,25;2,333333;
1974-10-23;11,9;10,3;0;30;21,24;15,4;60,25;3,666667;
1974-10-24;7,3;7;26,6;20,2;13,54;10,7;50,5;5;
1974-10-25;7,7;9,8;0;19,7;13,06;7;46,75;5;
1974-10-26;5,5;1,1;0;21;16,44;11,2;83,75;0;
1974-10-27;1,5;10,6;0;23,9;18,82;13,1;59,25;2;
1974-10-28;4;12,1;0;27,5;18,58;13,9;63,5;2;
1974-10-29;3,8;9,7;1,5;17,7;13,62;11,6;47;3,666667;
1974-10-30;6,4;12,4;0;25;17,6;9,6;37,75;3;
1974-10-31;7,4;9,7;0;27,7;20,36;13,4;47,5;3,666667;
1974-11-01;6,1;12,1;0;26,9;19,02;11;59;,666667;
1974-11-02;4,2;12,3;0;29;21,78;13,4;48,25;2,666667;
1974-11-03;5,8;12,7;0;31,5;23,8;16,9;48,75;2,666667;
1974-11-04;9,5;8,6;0;32,4;22,22;17;68;3;
1974-11-05;4,7;5,1;7,5;17,6;12,86;10,2;63,75;3;
1974-11-06;2,8;11,9;0;21,3;15,62;7,1;46;2,666667;
1974-11-07;5;13,3;0;25,2;19,34;12;45,25;2;
1974-11-08;6;13,2;0;25,5;18,84;13,2;57;,666667;
1974-11-09;4,8;12,7;0;23,5;17,9;11,4;57;2;
1974-11-10;5;11,9;0;28,3;20,66;11,9;58,25;3,666667;
1974-11-11;7,1;,4;0;25,3;19,52;17;76;1,666667;
1974-11-12;2,1;7,1;,7;24;19,02;15,6;76;1;
1974-11-13;3;10,3;0;25;18,96;13,4;50;1,666667;
1974-11-14;5,6;13,1;0;22,9;17,54;13;62,25;2,333333;
1974-11-15;5,5;9,2;0;22,8;16,8;11;67;2,333333;
1974-11-16;4,9;12,9;0;24,5;17,88;11,9;52;1;
1974-11-17;5,1;13;0;26,2;19,64;12,9;45,5;1;
1974-11-18;8;10,4;0;33,5;21,14;12,7;62,5;1,666667;
1974-11-19;6,8;,1;15,4;20,5;15,02;10,7;90,75;,333333;
1974-11-20;1;4,5;0;24,1;18,5;13,8;80,25;,333333;
1974-11-21;2,5;11,2;1,2;25;17,26;12,2;43,25;,666667;
1974-11-22;5;13;0;23,5;17,12;9,9;38,75;,333333;
1974-11-23;5;9,9;0;27,6;20,52;10,5;44,75;2,333333;
1974-11-24;8,9;10;0;30,9;25,36;17,6;50,75;2,333333;
1974-11-25;7,2;11,6;31;26,4;20,4;17,8;82,25;1,333333;
1974-11-26;3,1;12,1;10,6;26,5;22,2;16;70,75;1;
1974-11-27;2,4;8,2;0;23,3;18,56;15,8;63,75;5;
1974-11-28;4,5;9,4;1,5;21;15,46;7,6;51,75;2,333333;
1974-11-29;5;2,9;0;28,9;20,02;13,7;81,5;3,666667;
1974-11-30;4,1;3,2;53;20,7;18,06;15,6;88,5;3,666667;
1974-12-01;1;2,5;55,2;22,2;19,3;17,4;94,75;1,666667;
1974-12-02;2;11,1;,6;21,6;17,5;14,2;46,75;3,666667;
1974-12-03;6,4;10,5;0;22;17,24;12,4;40,25;1,333333;
1974-12-04;4,5;13,3;0;24,3;18,16;11,2;43,25;3;
1974-12-05;6,9;13,1;0;27,9;21,2;12,6;51;3;
1974-12-06;4,8;11,5;0;28;21,82;14,4;46,25;,666667;
1974-12-07;6,3;13,1;0;29,4;24,18;17,2;48,25;1,666667;
1974-12-08;6,5;5,8;0;30,2;22,78;18,2;63,75;3;
1974-12-09;5;11,5;0;28,4;23;18,8;63;2,666667;
1974-12-10;5,1;10,5;0;23,3;18,22;15,2;57,5;4,333333;
1974-12-11;6,8;9,9;0;25,1;19,72;10,5;56,25;4,333333;
1974-12-12;3;8,8;61;23,1;19,28;15,6;89,5;1,666667;
1974-12-13;4,8;2,2;1,3;21;17,88;14,2;74,5;3;
1974-12-14;2,7;10,3;0;24,2;19,72;15,5;64;1,333333;
1974-12-15;4;8,2;0;27,5;21,18;14,3;64,5;1,333333;
1974-12-16;3,5;1,5;0;31,4;24,76;17,9;57,25;1,666667;
1974-12-17;5,5;11,5;,3;23,4;18,76;15,6;63;4,333333;
1974-12-18;5;13,1;0;21,5;16,52;10,2;47,5;3;
1974-12-19;5;12,3;0;26,5;20,18;10,9;53,25;3;
1974-12-20;6,4;9,4;2;25,1;20,44;16,4;94;2,333333;
1974-12-21;1,5;6,5;3;29;24,5;20,8;82;1,333333;
1974-12-22;2,6;4,9;30;26;21,42;16,8;90,25;1,666667;
1974-12-23;1,2;0;21,1;27,8;22,9;18;75,5;2,333333;
1974-12-24;3,2;6,3;0;27,4;23,04;18,8;68;2,333333;
1974-12-25;3,7;12,5;0;27,5;22,96;17,2;69;2,333333;
1974-12-26;4,4;10,3;0;29,6;24,36;18,1;59;2;
1974-12-27;6,2;5,1;0;29,4;23,94;21,2;89,5;1,333333;
1974-12-28;2,2;13,2;18,9;23,7;19,72;15,8;51,5;3,666667;
1974-12-29;4,8;13,3;0;25,5;20,6;14;57;1;
1974-12-30;6;12,8;0;28;21,2;14;50,5;2;
1974-12-31;6,1;13,3;0;22,9;18,08;13,4;44,75;3,333333;
1975-01-01;6,8;7,7;0;24;18,54;10,6;41,25;,333333;
1975-01-02;5,1;8,8;0;26,7;20,7;11,8;42,25;,333333;
1975-01-03;5,4;5,2;0;28,3;22,26;13,6;44,75;1,333333;
1975-01-04;6,8;5,8;0;29;22,64;16,1;51;1,666667;
1975-01-05;2,8;1,6;6,5;24,1;19,24;15,8;84,25;3;
1975-01-06;6;9,5;0;27,5;22,36;16;71,25;1;
1975-01-07;3,1;8,9;0;29,5;22,22;18,1;65,5;3;
1975-01-08;3,8;13;22,5;32;25,26;16;52,25;,333333;
1975-01-09;3,9;2,1;0;26,6;21,98;18,6;93;1,666667;
1975-01-10;1,6;,5;63,8;21,6;17,32;14,5;85,5;3;
1975-01-11;1,4;5,2;1,2;24,5;19,14;14,6;68,75;2;
1975-01-12;3,2;12,9;0;27,1;22,24;15,6;56,75;,333333;
1975-01-13;4,6;13,1;0;29,5;24,12;18,2;55,5;,666667;
1975-01-14;5,3;12,9;0;30,8;25,78;20,2;57;1,666667;
1975-01-15;6,9;9,8;0;31;25,38;22,6;80;3,666667;
1975-01-16;4;6,1;5,4;29,2;23,18;18,2;90,75;3,666667;
1975-01-17;2;9,4;119;24;19,26;14,7;54,75;1,333333;
1975-01-18;4;12,8;0;21,5;17,06;14,6;41,75;3,666667;
1975-01-19;6,6;13;0;22,7;17,82;11,8;46,25;,666667;
1975-01-20;6,4;12,9;0;26,5;20,22;12;53,25;2;
1975-01-21;5,7;12,9;0;30,6;24,26;17;61,5;,666667;
1975-01-22;4,3;10,4;0;31,4;25,18;18,4;60;1,333333;
1975-01-23;5,6;10,8;0;32,5;25,46;19,7;56,5;1;
1975-01-24;4,9;10,6;0;31,5;26,14;20,7;59;1,333333;
1975-01-25;4,5;12,8;0;34,5;26,96;20;53,25;1;
1975-01-26;6;12,4;0;35,5;29,72;23,8;49;,333333;
1975-01-27;7;5,8;0;30,3;24,88;23;72,25;2,333333;
1975-01-28;3,8;11,7;0;27;21,9;16,8;58,75;1,666667;
1975-01-29;4,7;12,5;0;27,5;22,3;14,4;57,75;1,333333;
1975-01-30;4,5;9,8;0;30,2;24,42;17,4;73,5;,666667;
1975-01-31;2,8;2,4;0;27;23,58;20,8;87;2;
1975-02-01;3,2;6,4;1,8;31,1;24,34;21,5;85,75;1;
1975-02-02;2,5;5,2;11,8;26,5;22,94;20,6;76,75;2,333333;
1975-02-03;3,3;8,6;0;26,6;22,42;17,8;64,5;,666667;
1975-02-04;1,2;12,6;0;25,5;21,58;18,5;57;4,333333;
1975-02-05;2,5;12,6;0;23,8;17,52;9,6;49;2,333333;
1975-02-06;5,1;11,7;0;27,5;21,12;12,8;67,5;2;
1975-02-07;4,9;8;0;31,1;23,54;18,7;73;1,333333;
1975-02-08;3,5;12,4;0;30,4;25,56;21,3;45;1;
1975-02-09;5;12,1;0;31,2;24,46;17,2;50,75;,666667;
1975-02-10;5,4;12;0;33,4;27,24;20;62;1,666667;
1975-02-11;5,8;10,4;0;35,2;30,22;25,8;57;1,666667;
1975-02-12;9,8;6,1;0;36,2;28,28;25,5;72,75;3,333333;
1975-02-13;4,7;0;10,3;26,5;24,1;21,9;93;,666667;
1975-02-14;4;9,5;1,1;34;27,38;23,2;84,5;1,666667;
1975-02-15;2,3;4,7;0;29,1;21,92;17,2;71,5;3,666667;
1975-02-16;3,2;2,3;,4;23,8;20,36;15,2;88;1;
1975-02-17;1;6,4;16;26,5;22,04;18;74;,333333;
1975-02-18;2,5;11,8;0;27;21,5;15,8;58,25;1,333333;
1975-02-19;2;11;0;29,4;23,38;15,8;72;,666667;
1975-02-20;3,8;11,3;0;30,4;25,36;20,8;56;,666667;
1975-02-21;4,7;12,1;,1;29,6;24,7;18,8;50,5;1,333333;
1975-02-22;4,6;11,5;0;28,6;22,5;18;68,25;1,333333;
1975-02-23;3,5;11,8;0;29,4;23,64;18,8;62,75;1,333333;
1975-02-24;4,7;3,1;9,5;25,1;18,8;16,5;65,5;3;
1975-02-25;3,5;8,2;1,4;21,8;15,92;10,2;60,5;2;
1975-02-26;3,2;11,9;0;24,9;18,1;9,2;56,5;0;
1975-02-27;3,3;11,9;0;27;21,38;13,4;50,25;1;
1975-02-28;5;12;0;31;23,28;15,7;63,75;2;
1975-03-01;4,7;6,6;0;33,9;25,02;19,7;68,75;2,666667;
1975-03-02;4,5;2,2;10,5;27,5;23,2;20,6;80,75;3;
1975-03-03;2,3;11,4;0;29,7;24,58;18,5;71,5;3,666667;
1975-03-04;4;0;0;27,5;23,26;20,3;81;3;
1975-03-05;3,5;7;0;30,7;23,98;21,9;81,5;3,666667;
1975-03-06;2,6;0;12;30,5;22,24;19,7;94,75;2;
1975-03-07;1;8,8;13,6;24,5;19,7;17,4;69,25;3,333333;
1975-03-08;3,2;11,4;0;26,3;19,8;14;64,25;,666667;
1975-03-09;2,8;2,7;0;27,7;21,84;14;57;,666667;
1975-03-10;3,5;0;0;24,3;20,36;18,6;94,5;1,666667;
1975-03-11;,7;,2;7;24,5;21,58;18,7;89;,333333;
1975-03-12;1,4;8,8;0;25,7;21,48;19,5;80,75;3;
1975-03-13;3;2,6;0;27;22,56;18;79,75;3,666667;
1975-03-14;3,1;0;28;23,7;20,62;19;95,5;2;
1975-03-15;,3;8,1;7,8;26,2;21,46;18;69,75;,333333;
1975-03-16;3,6;8;0;24,8;19,86;16,2;70;1,666667;
1975-03-17;1,9;9,7;0;26,9;21,36;14,6;75,75;3,666667;
1975-03-18;3,6;10,7;0;29,3;22,14;18,1;87;5;
1975-03-19;1,4;10,6;42;24;19,14;17,8;76,25;1,333333;
1975-03-20;3;10,9;0;22;17,12;13,2;55,75;1,333333;
1975-03-21;3,4;11,2;0;24;17,64;10,4;64,75;0;
1975-03-22;2,7;9;0;25,9;19,62;12,2;71,25;,666667;
1975-03-23;2,4;8,9;,5;25,2;20,52;18,9;77;3,666667;
1975-03-24;3,1;9,2;0;22,5;17,24;13,1;66,75;2;
1975-03-25;2,9;8,7;0;23;17,46;11,5;69,25;1,666667;
1975-03-26;2,9;9,3;0;25,5;19,28;14;75;1;
1975-03-27;3,3;4,4;0;23;19,18;15,6;91,25;,333333;
1975-03-28;1,3;2,2;16,9;20,5;18,74;17,5;96,25;,666667;
1975-03-29;,6;10;8,1;26,1;20,68;17;77,75;0;
1975-03-30;1,6;8,2;0;26,5;19,64;12;50,75;,333333;
1975-03-31;4;6,3;0;25,7;18,56;13,2;73,75;,666667;
1975-04-01;2,8;8,4;0;22,5;18,32;15,6;78,25;3;
1975-04-02;2,1;8,2;0;22,6;18,1;14,6;71;2,333333;
1975-04-03;3,2;10,5;0;22,8;17,16;11;65,75;3;
1975-04-04;3,9;8,8;0;23,5;17,7;12,2;66,75;1,666667;
1975-04-05;4,2;10,5;0;24,7;18,24;12,5;65,5;1,333333;
1975-04-06;3,8;8,2;0;25;18,8;13,2;66,75;3;
1975-04-07;4,1;9,5;0;26,8;20,18;14,4;65;2,333333;
1975-04-08;4,4;7,2;1,4;23;17,9;15,8;82;1,666667;
1975-04-09;2,5;6,9;0;24,5;17,48;12,4;69,75;1;
1975-04-10;2,2;6,6;0;25;18,18;12,2;76,25;,666667;
1975-04-11;2;7,6;0;23,5;17,98;15,2;66,75;1;
1975-04-12;3,9;10,7;0;20,7;14,74;9,6;53,25;,333333;
1975-04-13;3,2;2,7;0;22,5;15,64;8,8;69,75;1,333333;
1975-04-14;3,6;,3;1,8;18,4;14,84;13,6;76;,666667;
1975-04-15;2,1;10,5;0;18;12,54;9;55,5;1,666667;
1975-04-16;2,9;9,6;0;21;13,96;7,8;53,25;1;
1975-04-17;3;9,9;0;24,5;16,2;8,6;56,25;1,333333;
1975-04-18;4,8;6,5;0;26;19,9;13,4;62,5;,333333;
1975-04-19;3,6;10,3;,2;26,7;20,56;16,4;81;,333333;
1975-04-20;1,7;1;0;26,5;20,54;15,4;77,75;,666667;
1975-04-21;3,1;0;0;22,3;18,88;17;94;1,666667;
1975-04-22;,9;,6;0;22;19,88;18,2;88,75;3,666667;
1975-04-23;2,3;2,1;3,3;22;17,62;15,1;84,75;,666667;
1975-04-24;1,3;5,3;0;24;17,88;13,4;81,5;,333333;
1975-04-25;1,1;8,3;0;26,5;20,36;15,8;68,5;0;
1975-04-26;3,3;8,9;0;26,5;20,38;15,6;72,25;,666667;
1975-04-27;3;5,9;2,3;24,1;19,18;16,4;78,5;,666667;
1975-04-28;2;6,6;0;24,1;18,9;14,8;87,5;,333333;
1975-04-29;1,4;5,8;18;19,7;16,48;15,4;81,25;2;
1975-04-30;2;3,8;0;15,4;11,42;8;69,5;3;
1975-05-01;2,6;,1;,4;15;10,62;8,9;75;2,333333;
1975-05-02;1,8;6;5,6;12,7;8,86;7,7;79,25;2;
1975-05-03;1,9;9,6;0;19;12,42;6,2;70;1,333333;
1975-05-04;2,3;8,4;0;20,4;13,36;6,9;63,5;,666667;
1975-05-05;1,9;8,2;0;19,2;12,78;7,4;66,5;,333333;
1975-05-06;2,4;10,3;0;20,2;13,04;7;54;,333333;
1975-05-07;2,8;6,3;0;22,1;15,02;7,2;67;1;
1975-05-08;3,3;8,7;0;26;18,86;13,1;74,25;1,333333;
1975-05-09;3,6;7,9;0;28,4;21,84;17,3;67;2,333333;
1975-05-10;6,8;7,4;0;28,5;23,66;19,8;59,75;4,333333;
1975-05-11;6,2;,3;17,5;24,3;18,34;16,8;92,25;1,666667;
1975-05-12;,9;0;6,5;21;18,34;16,6;91,25;1,666667;
1975-05-13;,8;,1;4,8;18,4;17,12;16,7;96,75;1,333333;
1975-05-14;,5;0;17,2;17,9;15,5;14,8;88;2,333333;
1975-05-15;,9;,7;1,9;16,8;15;13,6;93;1;
1975-05-16;,5;3,2;3,2;16,5;14,18;13,2;80;1,666667;
1975-05-17;1,8;8,5;0;16,9;11,68;9,2;77;1,666667;
1975-05-18;1,7;9,1;0;15;9,82;6,2;81,25;1;
1975-05-19;1,1;5,6;0;18,2;11,66;5,9;80,75;,666667;
1975-05-20;1,3;5,4;0;19,9;14,1;9,5;84;,333333;
1975-05-21;1,5;10,1;0;21,8;14,38;7,8;67;,333333;
1975-05-22;2,1;9,8;0;23,2;16,04;10;69,75;1,333333;
1975-05-23;2,9;9,9;0;23;16,34;12;73,25;,666667;
1975-05-24;2,8;10;0;23;15,88;11;70,5;1,666667;
1975-05-25;3,2;9,8;0;22;15,2;10,4;68,75;1,333333;
1975-05-26;3,5;7,8;0;21,8;14,94;8,6;71;,333333;
1975-05-27;2,4;9,4;0;24,3;17,2;11,5;67,5;,666667;
1975-05-28;3,3;9,3;0;24,3;16,42;10,4;63,5;,666667;
1975-05-29;3,4;9,4;0;24,5;16,96;10,9;69,25;1,333333;
1975-05-30;4;,4;0;18,3;15,12;10,7;94;1;
1975-05-31;1,8;,8;78;20,5;17,58;15,4;93,75;1;
1975-06-01;,2;0;17,3;18,1;13,56;12;94,25;2,333333;
1975-06-02;,8;6;20,5;14,7;11,28;8;72,5;3;
1975-06-03;1,6;,2;0;12,9;8,86;5,2;74,5;1;
1975-06-04;1,5;9,1;0;13,3;8,76;5,5;66;1;
1975-06-05;1,5;6,7;0;13;8,14;4,3;78,25;,666667;
1975-06-06;1,1;3,9;24,4;12,8;7,8;1,2;72,25;1;
1975-06-07;1,9;9,9;0;12,4;6,7;3,1;49;1,666667;
1975-06-08;2,9;9,9;0;15;8,32;4,2;56,75;1,666667;
1975-06-09;3;9,9;0;18,8;12,24;5;60,5;1;
1975-06-10;4,3;9,5;0;17,5;11,46;6,5;67;,666667;
1975-06-11;2,3;3,8;0;17,5;13,72;9,4;88;1,333333;
1975-06-12;1,3;2,3;,2;18,3;14,92;13,7;93,25;1,666667;
1975-06-13;,7;2,5;0;13,7;11,44;10,2;94,5;,666667;
1975-06-14;,8;8,3;0;19,8;12,12;8,4;81;1;
1975-06-15;1,2;7,5;0;18;13,04;9,8;79;1;
1975-06-16;1,9;7,3;0;20,4;13,7;9,8;82,75;1;
1975-06-17;2,1;9,4;0;21,3;14,6;9,9;73,75;1;
1975-06-18;2,3;9,4;0;22,6;15,52;10,6;63;2,333333;
1975-06-19;4,2;9,4;0;21,6;15,04;9,6;72,5;1;
1975-06-20;3,2;8,8;0;23,5;16,44;9,4;67,75;1,333333;
1975-06-21;3,3;,6;0;19,3;17,3;15,5;90;2,666667;
1975-06-22;,6;0;10,5;16,6;12,64;11,4;91,5;,666667;
1975-06-23;,7;0;0;15,1;11,78;6,1;96,5;,333333;
1975-06-24;0;0;0;14,5;12,48;10,3;96,25;,666667;
1975-06-25;,2;4,8;0;19,2;14,72;11,4;84,75;3;
1975-06-26;1,6;2,5;0;21,9;16,22;12,6;82,25;1,666667;
1975-06-27;2,2;5,5;0;22,9;16,4;11,6;81;1,666667;
1975-06-28;1,8;0;3,2;17;14,54;13,7;96,5;,666667;
1975-06-29;,5;,5;0;18,8;15,6;13,2;89,25;1;
1975-06-30;,9;,5;,2;20,4;16,92;14,7;91;1;
1975-07-01;1;1,2;1,3;17,7;15,04;14,1;90,25;,666667;
1975-07-02;1,1;,8;,4;15;13,32;11,2;81;1,666667;
1975-07-03;1,3;9,1;0;18,5;12,76;9,3;74;,333333;
1975-07-04;2;3,1;0;19,4;14,26;8,8;84;1,666667;
1975-07-05;2;8,9;15,2;16,8;9,66;7,3;58,75;5;
1975-07-06;4,3;9,9;0;14,4;9,72;6,1;46,25;3,666667;
1975-07-07;4,1;8,8;0;17,7;12,48;7,3;46,75;3;
1975-07-08;9,4;9,7;0;21,2;15,54;12,1;42;2;
1975-07-09;6;8,9;0;24,4;17,92;11,9;52,5;2;
1975-07-10;9;0;11,8;21,5;17,62;15,8;85,5;,333333;
1975-07-11;1,1;0;6,9;17,5;15,7;15;96;,666667;
1975-07-12;,7;4,2;,8;15;11,66;10,8;88,5;1;
1975-07-13;,8;5,8;0;19,9;15,36;9,9;89,5;2,333333;
1975-07-14;5;1,6;0;24;17,8;15,2;72,5;4,333333;
1975-07-15;5,2;9,8;0;15,2;9,52;7;42,75;,333333;
1975-07-16;4;8,5;0;7;3,48;2,4;69,5;2,333333;
1975-07-17;2,2;1,8;0;7,5;3;,5;60;1,333333;
1975-07-18;2,3;3,6;0;9,3;3,8;-,3;64,25;,333333;
1975-07-19;1,8;10;0;13,1;5,94;,1;53;,333333;
1975-07-20;3;10,6;0;16,3;8,66;3,2;60,5;0;
1975-07-21;1,9;6,7;0;15,5;8,56;2,5;68;,666667;
1975-07-22;1,7;6,9;0;16,8;10,32;3,8;73,25;,666667;
1975-07-23;1,4;,1;0;18;12,54;10,1;73;1;
1975-07-24;2,2;9,4;0;16,4;10,72;6,3;79,75;,666667;
1975-07-25;2,8;9,6;0;11,8;5,92;4;57,25;3,666667;
1975-07-26;2,2;9;0;9,3;3,78;-,8;64,75;,333333;
1975-07-27;2,1;,2;0;7;4,94;1,1;84,75;,666667;
1975-07-28;,6;6,8;5,1;18,1;12,62;7;79,5;,666667;
1975-07-29;1,8;7,2;0;21,8;14,78;10,2;79,5;,333333;
1975-07-30;1,7;1,2;,2;17;13,5;10,7;93,25;1;
1975-07-31;,8;0;28;17,5;16,2;14,1;91;1,666667;
1975-08-01;1,1;6,7;8,6;25,5;19,78;15;54,25;1,333333;
1975-08-02;3;2,4;0;23,6;16,3;12,6;75;4,333333;
1975-08-03;3,1;,2;0;12,6;10,46;8,8;76,75;1;
1975-08-04;1,2;6,2;0;14;9,54;4,6;63,75;1,666667;
1975-08-05;3,6;6;,3;14,8;10,24;7,7;66;1,666667;
1975-08-06;2,5;9,1;0;14,8;9,38;4,8;74,25;2,333333;
1975-08-07;3,5;0;,1;9,7;8,26;6,6;94,5;3;
1975-08-08;1;0;4,4;12,5;10,48;8,8;92,5;3;
1975-08-09;,7;0;7,1;14,8;13,04;10,6;98;1;
1975-08-10;,2;0;19,6;13,6;11,18;10,1;92,5;,666667;
1975-08-11;,8;1,2;2,1;15,7;9,36;1,6;81;3;
1975-08-12;2,1;5,8;2,2;20,5;14,26;8,3;71,75;2;
1975-08-13;3,5;9,9;,3;16,7;10,28;7,6;58,75;1;
1975-08-14;3,8;0;0;9,3;7,22;1,5;89,75;,666667;
1975-08-15;,8;0;28,1;13,9;12,22;8,9;93,75;0;
1975-08-16;,3;2,2;6,7;15,5;13,46;12;87,5;1,666667;
1975-08-17;1;3,7;0;16;12,24;8,8;77,5;1;
1975-08-18;1,9;7,1;0;18,5;12,4;6,9;77;1;
1975-08-19;2,9;8,7;0;25,9;17,82;11,2;72,75;1,666667;
1975-08-20;3,6;3,8;0;25,2;19,28;14,7;77,25;1,666667;
1975-08-21;3;5,1;0;26,5;19,92;13,5;83,25;,666667;
1975-08-22;3;3,9;0;30;21,64;18,1;66;4,333333;
1975-08-23;7,8;,5;63;18,1;16,14;15,2;79;,666667;
1975-08-24;1,6;4,5;0;19;15,54;11,5;83,25;1,666667;
1975-08-25;1,9;,6;27;17;9,08;6,3;86,25;4;
1975-08-26;1,3;10,6;3,9;11,4;6,68;2,5;65;,666667;
1975-08-27;1,9;2,2;0;14,4;10,52;3,2;84,75;1;
1975-08-28;1,4;1,4;0;15,5;13,5;12,4;77,75;1,666667;
1975-08-29;1,8;0;1,7;13,5;11,54;9,7;88,75;1;
1975-08-30;,3;8,9;0;18;12,36;7,2;74,75;1;
1975-08-31;2,2;8,6;0;20,1;13,62;6,7;71,25;1;
1975-09-01;2,2;10,6;0;19,9;14,18;8,4;76,75;1;
1975-09-02;3,2;11,1;0;20,5;15,46;10,4;46,5;,666667;
1975-09-03;4,4;10,7;0;23,4;16,56;9;63,25;1;
1975-09-04;3,8;8;0;27,1;19,8;13,6;65,75;1;
1975-09-05;4,2;1,9;0;24,9;20,8;17,8;72,5;1,666667;
1975-09-06;3,1;0;40,2;19,5;11,78;9,5;83;2,333333;
1975-09-07;1;9,3;1,8;17,6;11,78;4,2;72,25;2,333333;
1975-09-08;2,7;,6;0;16,2;13,36;9,6;93,25;0;
1975-09-09;,5;0;,7;15,5;14,36;13,6;96;1;
1975-09-10;,9;6,5;2,2;15;12,66;11,8;67;,666667;
1975-09-11;2,4;6,3;0;17,4;13;7,3;64,25;2;
1975-09-12;3,7;,2;,4;19,7;15,6;12,7;85,5;1;
1975-09-13;1,2;1,6;0;18,3;14,68;11,9;95,25;,666667;
1975-09-14;1;7,6;15,1;19;14,7;12,2;70;2,666667;
1975-09-15;2,5;6,2;0;18,5;13,44;9,8;70;1;
1975-09-16;2,1;5,9;0;21,5;15,64;9,7;73,75;2,333333;
1975-09-17;3,1;7;0;23;16,6;10,6;68,25;3;
1975-09-18;3,9;0;0;17,3;15,7;14,2;94,75;1,666667;
1975-09-19;1,2;0;44,5;16,8;15,8;14,8;95,25;3;
1975-09-20;,9;4,5;18,1;21,6;17,62;15,6;76,5;,666667;
1975-09-21;2,8;4,1;0;18,7;15,8;12,5;72,25;,666667;
1975-09-22;2,8;10,1;0;20;14,44;10,6;53,5;1;
1975-09-23;4,2;10,1;0;20;14,8;9,7;41,25;1,666667;
1975-09-24;4,7;8,3;0;22,1;14,32;10,4;58,25;1,666667;
1975-09-25;4,6;9,1;0;14,7;9,58;4,4;60;2,333333;
1975-09-26;2,8;5,3;0;17,8;12,18;4,2;58;1,666667;
1975-09-27;3,9;0;1,8;15,9;13,98;11,6;91;1,666667;
1975-09-28;,5;,4;,5;22,5;17,86;14;74,5;1,333333;
1975-09-29;2,8;1,3;39;20,5;17,62;16,3;93,5;2,333333;
1975-09-30;1,6;10,6;55,9;20,5;14,56;10,7;63;1;
1975-10-01;1,9;9,2;0;23,6;17,14;9,9;59,25;1;
1975-10-02;4;5,4;0;18,5;13,46;11,8;78;2,333333;
1975-10-03;1,8;10,4;0;18,5;12,62;6,6;59;,333333;
1975-10-04;2,9;11,3;0;19,5;14,3;9,6;45,75;1,333333;
1975-10-05;4,6;9,9;0;19,9;14,18;7,6;51;1;
1975-10-06;4,4;8,7;0;24,2;17,98;9,1;73,25;1,666667;
1975-10-07;2,9;6,9;0;28,8;19,98;14,2;72;2,666667;
1975-10-08;4,4;8,7;0;18,3;13,54;10,1;43,25;5,666667;
1975-10-09;4,8;10,4;0;17,4;12,3;6,4;55,5;2,333333;
1975-10-10;5;8,3;0;20;14,38;6,6;52,25;3;
1975-10-11;4,2;11,6;0;21,1;15,2;7,4;54,5;1,666667;
1975-10-12;4,7;9,8;0;22,6;16,44;9,2;57;1;
1975-10-13;3,3;8,7;0;23,1;16,68;12,1;57,25;1;
1975-10-14;5,8;11;0;23,5;18,26;11,2;45,5;1;
1975-10-15;6,6;10,1;0;26,3;20,7;14,6;34,75;,666667;
1975-10-16;2,2;6,3;0;26,8;20,34;15,4;55,75;,666667;
1975-10-17;3,6;11,5;0;26,1;20;13;43;1;
1975-10-18;6,3;10,7;0;27;18,18;13,5;66,75;1;
1975-10-19;4,7;8,8;18,2;20,7;16,38;13,6;56;3;
1975-10-20;4,9;4,1;0;18,9;15,88;12,5;67,5;3,666667;
1975-10-21;3,5;10,3;0;21,9;15,94;12,6;54,75;2,333333;
1975-10-22;4,6;9,5;0;19,3;13,66;6,2;48,5;1;
1975-10-23;2,2;11,9;0;22;15,6;7,7;46;1,666667;
1975-10-24;4,8;8,6;0;24,4;18,38;10,9;48;1,666667;
1975-10-25;4,9;11,1;0;28,6;21,3;14,8;43;1;
1975-10-26;6;2,4;0;25,5;20,54;18,1;79,25;4,333333;
1975-10-27;3,4;1,7;20;22,3;18,98;17,7;85,25;1,166667;
1975-10-28;1,9;0;0;19,7;15,82;14,1;89,75;1,666667;
1975-10-29;2,5;0;9,3;15,7;14,06;12,4;95,25;3;
1975-10-30;1,1;1,4;,3;20,1;17,06;15;67;1,666667;
1975-10-31;5,2;8,7;0;21,5;17,04;12,3;60,25;4,333333;
1975-11-01;5,8;7,7;0;20,4;16,16;12;48,75;3;
1975-11-02;4,1;7,4;0;21,8;16,88;11,9;57,5;1,666667;
1975-11-03;4,1;5,2;0;22,3;16,92;11,8;69;3,666667;
1975-11-04;5,7;7,3;0;24,5;18,88;11,8;70,5;1;
1975-11-05;2,6;,8;0;20,3;17,1;14;95,25;1;
1975-11-06;,6;5,6;31;21,2;17,76;16;78,25;2,333333;
1975-11-07;2,4;7,4;,2;22,3;17,76;15,3;71,5;3,666667;
1975-11-08;3,3;7,8;0;23,6;17,82;12,7;72,5;2,333333;
1975-11-09;3,1;11,5;,8;21,9;17,26;13,2;43,75;3;
1975-11-10;5,9;8,8;0;22,4;16,74;12,4;45,75;2,333333;
1975-11-11;5,5;12;0;21,4;16,14;10;48,25;,666667;
1975-11-12;4,4;12,8;0;25,4;19,22;12;44,75;1;
1975-11-13;4,7;12,8;0;28;21,96;14,9;38;,666667;
1975-11-14;6,5;12,1;0;32,1;24,44;16,6;38,75;2,333333;
1975-11-15;7;6,6;0;34,8;24,46;19,6;67,5;8;
1975-11-16;9,5;,4;85,2;19,6;17,06;15,9;74;1,666667;
1975-11-17;2,1;9,9;,1;22,8;16,54;10,4;51;,666667;
1975-11-18;5,9;12,8;0;21;16,06;10,8;49;,666667;
1975-11-19;4,6;12,7;0;26,3;19,92;11;62,75;2,333333;
1975-11-20;4,8;2,6;0;24,5;18,78;16,4;89,5;1;
1975-11-21;1,1;10,4;40,4;25,6;20,32;13,6;55,75;1;
1975-11-22;3,3;1,6;0;25,8;20,84;15,3;70,75;1;
1975-11-23;5,1;1,9;2,7;22,5;19,34;17,5;84;1,666667;
1975-11-24;2,1;12,9;,9;23,7;19;14,3;53,75;1;
1975-11-25;4,2;12,8;0;25,1;19,54;12,6;39;1;
1975-11-26;6,6;8,3;0;26,2;19,84;13,1;37,5;1,666667;
1975-11-27;6,5;13,1;0;30,5;22,98;13;49;,666667;
1975-11-28;5,3;2,8;6,4;26,1;20,8;17,9;85,5;1;
1975-11-29;1,5;7,8;1;20,7;14,58;12;43,75;5,333333;
1975-11-30;5,1;13,1;0;20;14,52;7;41,25;1;
1975-12-01;4,2;12,9;0;23,8;17,82;9,2;45,75;,666667;
1975-12-02;3,9;12,7;0;29,5;22,44;14,2;55,25;,666667;
1975-12-03;4;13,1;0;28,2;22,96;16,1;49,75;,666667;
1975-12-04;5,5;12,7;0;28,2;22,52;15,5;50;1;
1975-12-05;5;4,4;0;27,8;21,68;16,8;77,5;1;
1975-12-06;2;12,8;6;31,4;25,02;20,4;59,75;1;
1975-12-07;5,2;8,3;0;28,9;23,88;17,6;59;1;
1975-12-08;5,6;0;12,7;24,5;20,5;18;93,5;,666667;
1975-12-09;,8;12;16,8;24,1;19,84;14,9;53,25;,666667;
1975-12-10;3,4;12,8;0;27,5;22,26;16;58,25;,666667;
1975-12-11;3,6;7,5;0;28;22,98;18,6;70;1;
1975-12-12;4,4;12,9;0;29,7;24,06;18,3;48,75;,666667;
1975-12-13;5,6;8;0;24,7;19,98;17,6;64;1;
1975-12-14;4,1;13,2;0;25,3;19,58;12,2;51,5;,666667;
1975-12-15;5;13,5;0;29,9;22,6;13,9;45,25;,666667;
1975-12-16;5,5;12,4;0;31,7;25,68;19,4;50,75;,333333;
1975-12-17;6,3;12,7;0;32,5;25,94;18,4;44,5;1,333333;
1975-12-18;9,4;12,5;0;32,9;27,12;19,6;43,5;2,333333;
1975-12-19;13;8,7;0;30,4;22,48;18,1;67,5;1,333333;
1975-12-20;4,2;13,3;17;23,1;18,26;10,9;45,25;,666667;
1975-12-21;4,2;12,8;0;29,6;22,7;14,8;59,25;,666667;
1975-12-22;9,3;9,5;0;32,2;23,64;20,3;69,5;1,666667;
1975-12-23;9,8;12,6;2,1;29,4;24,8;18,9;49,5;1;
1975-12-24;6,7;13,1;0;29,2;23,3;16,8;39;1,333333;
1975-12-25;4,9;10,9;0;30,6;24,14;16,6;42,75;1;
1975-12-26;8,4;,7;0;27,5;23,54;19,2;58,75;,666667;
1975-12-27;4,6;11,9;0;31;22,92;18,2;40;2,333333;
1975-12-28;9;13,3;0;25;18,86;11,4;32,25;,666667;
1975-12-29;7,7;13,3;0;29;21,56;12,5;37,75;1,666667;
1975-12-30;7,8;13;0;32,4;25,36;17,7;38,25;1,333333;
1975-12-31;8,7;12,9;0;33,7;26,52;18,4;40,5;1;
1976-01-01;9,4;12,6;0;34;27,94;21,5;40;1;
1976-01-02;9,8;10,5;0;32,4;25,5;19,8;60,75;,666667;
1976-01-03;5,1;4,6;0;31,7;24,28;21,1;74;1;
1976-01-04;3,3;8,9;20;30;25,36;21,2;74,25;,666667;
1976-01-05;3,8;,7;9,2;27;22,3;20,2;92,75;1;
1976-01-06;1,2;0;29,6;22,5;20,7;20,1;87,5;1;
1976-01-07;2,4;,5;1,9;24,2;21,12;17,6;82;,666667;
1976-01-08;2;2,3;0;27,4;23,52;19;82,75;1;
1976-01-09;2,1;3,5;47;29,5;23,62;20,7;92,75;,333333;
1976-01-10;,6;1,9;20,2;25,8;22,98;20,2;82,75;,666667;
1976-01-11;2,5;2;,2;26,4;23,6;20,8;86,25;1;
1976-01-12;1,8;2,3;0;27,5;25,06;22,2;88,5;1;
1976-01-13;1,5;9,6;11,8;33;28,12;23,3;71,25;1,666667;
1976-01-14;5,9;11,7;0;32,5;26,58;23,9;76;2,333333;
1976-01-15;3,6;7;4,4;29,3;24,46;19,9;67,5;,666667;
1976-01-16;2,8;12,9;0;29,9;25,36;20;64,25;,666667;
1976-01-17;3;13,1;0;31;25,28;19,2;51,25;,666667;
1976-01-18;3,7;11,4;0;33,5;26,94;19,2;67,5;,666667;
1976-01-19;5;1,8;0;28,9;24,34;21,4;69,5;1,666667;
1976-01-20;4,6;10,7;0;24,8;19,98;18,6;36,75;4,333333;
1976-01-21;8,8;12,9;0;21,3;16,78;11,5;40,5;3;
1976-01-22;7,4;12,7;0;25,5;19,74;11,6;57,5;1;
1976-01-23;4;10,5;0;31,5;24;15,4;55;,666667;
1976-01-24;5,4;0;0;31,6;22,92;19,5;81;1,666667;
1976-01-25;3;0;35,6;23,4;20,92;18,7;89,5;,666667;
1976-01-26;1,3;10,1;0;23,7;21,02;19,6;69;1,666667;
1976-01-27;3;11;0;24,5;19,58;14,9;58;1,666667;
1976-01-28;5,4;7,4;0;25,7;20,34;13,7;64,5;1,666667;
1976-01-29;4;10,5;0;28,3;22,78;16,5;64;1,666667;
1976-01-30;4,7;3,8;0;28,5;23,06;17,9;82;2;
1976-01-31;2,6;0;13,7;23,6;22,12;21,5;98;,333333;
1976-02-01;,3;9,3;47,4;29;24,12;19,5;63,5;1,333333;
1976-02-02;4,2;10,6;0;28;23,02;19,5;59,25;0;
1976-02-03;3,2;10,4;0;27,1;22,62;17,7;53,75;,333333;
1976-02-04;4,1;7;0;27,5;20,5;16,3;70;,333333;
1976-02-05;3;10;24,1;24;18,54;14,4;58,25;1,333333;
1976-02-06;4,6;11,5;0;24;19,1;13,7;48;,666667;
1976-02-07;3,7;11,8;0;27,5;21,68;14,8;47,25;0;
1976-02-08;4,9;10,2;0;30;22,32;16,6;62,5;,333333;
1976-02-09;4,2;10,6;0;24;18,84;14,6;54;3;
1976-02-10;5,2;9,6;0;25,5;19,22;11,6;60,25;1,666667;
1976-02-11;4,2;8,6;0;27,5;21,48;14,2;63,75;1;
1976-02-12;3,9;5,6;0;27,5;21,28;17,7;79,5;1;
1976-02-13;2,1;7,2;2,8;29;23,54;18,4;67;,333333;
1976-02-14;3,5;10,5;0;29;23,9;18,8;57,5;1;
1976-02-15;5,7;5,6;0;27,5;22,76;18,4;71,25;1,333333;
1976-02-16;2,5;11;0;30;24,14;18,2;54,5;1,333333;
1976-02-17;5,2;6;0;30;23,98;18,4;63,75;,666667;
1976-02-18;2,6;7,6;0;30;23,66;19,2;74,25;2,333333;
1976-02-19;2,6;6,6;0;29,5;25,12;21,1;69,25;1;
1976-02-20;3,4;,5;15,4;26,5;22,92;20,6;85;1;
1976-02-21;2;9,9;,1;24,3;20,44;18,9;67;1,666667;
1976-02-22;3,4;11,2;0;24;18,72;13;53;,666667;
1976-02-23;3,5;11,4;0;26;20,74;13,7;47,75;,666667;
1976-02-24;4,5;11,5;0;26,4;20,34;15,2;53,5;,333333;
1976-02-25;4,5;9,9;0;26,5;21;15;59,5;1;
1976-02-26;4,1;9,3;0;29,4;23,26;17,6;59,75;,333333;
1976-02-27;3,9;9,9;0;31,5;24,72;18,6;59,25;,666667;
1976-02-28;3,7;10;0;33;25,82;20;51,5;,666667;
1976-02-29;5,3;9,9;0;34;27,62;20,4;51;2,333333;
1976-03-01;8,2;6,8;33,5;29,7;20,06;16,9;57;1,333333;
1976-03-02;4;11,3;0;27;20,38;12,8;39;0;
1976-03-03;4,2;10,2;0;30,5;23,4;15,2;70,75;1;
1976-03-04;3,3;2,5;0;28,4;23,84;20,3;88,25;,333333;
1976-03-05;1,1;5,9;2,5;30;24,66;21,6;88,5;2,333333;
1976-03-06;2;,7;34,4;27,7;23,14;19,1;85;,333333;
1976-03-07;1,3;0;0;25,7;21,94;20,3;93,25;1,666667;
1976-03-08;1,3;3;22,6;26;22,24;20,1;92,75;,333333;
1976-03-09;1,3;4,4;1,5;29,6;23,72;20,1;77;2;
1976-03-10;3,3;,4;0;23,5;20,74;19,1;93,75;,333333;
1976-03-11;1,8;6,1;0;32;25,16;19;66,5;2,333333;
1976-03-12;4,8;0;58;25,6;17,54;13,4;87,25;1,666667;
1976-03-13;2,2;6;15,1;18,5;13,34;11,3;65,25;2,333333;
1976-03-14;2,9;2;0;21,7;16,12;8;70,5;1;
1976-03-15;2,7;0;0;22,9;19;14,9;77;1;
1976-03-16;2,5;,1;0;20,4;19,16;18,3;90;1,666667;
1976-03-17;1,1;6,1;1,8;27,5;21,9;18,2;72,5;,666667;
1976-03-18;2;5,8;0;24;18,12;14,4;64,75;,666667;
1976-03-19;2,4;10,6;0;26;19,08;12,4;56,25;,333333;
1976-03-20;3,3;9,9;0;26,5;19,94;13;60,25;,333333;
1976-03-21;3,9;7,7;0;23,1;18,58;15,8;58,25;1;
1976-03-22;2;11;0;25;18,62;12,3;45,75;0;
1976-03-23;4,4;10,7;0;29,1;20,66;13,6;51,5;,666667;
1976-03-24;4,2;4,8;0;21,9;16,66;15,2;77,5;2,333333;
1976-03-25;2,9;3,3;0;18,9;14,64;12,2;60,25;1,666667;
1976-03-26;3,2;6,8;0;18,5;14,02;9,2;65,75;2,333333;
1976-03-27;3;8,8;0;18,1;12,58;8;63;1,666667;
1976-03-28;3,3;10,8;0;19,3;13,02;8,7;53,25;1,333333;
1976-03-29;3,9;10,3;0;22,5;16,04;8,9;43,5;,333333;
1976-03-30;4,1;9,2;0;25,3;18,22;9,4;47;,333333;
1976-03-31;4,3;3,2;0;25,4;20,18;14,8;61,5;,333333;
1976-04-01;2,9;2,3;0;23,5;18,46;15,8;74,75;1;
1976-04-02;1,5;6;0;22,4;17,52;15;52,75;1;
1976-04-03;3,1;7,4;0;23,5;17,52;10,8;52;2,333333;
1976-04-04;3,7;0;0;29,5;19,66;16;70,25;2;
1976-04-05;2,3;8,1;36,8;20,1;15,52;13,3;61;1;
1976-04-06;2,8;3;0;20;15,36;12;78,5;3;
1976-04-07;3;1,5;0;19,5;16,08;11;77;1,666667;
1976-04-08;2;8,1;0;23,5;17,64;12,3;67;1;
1976-04-09;2,9;8,5;0;24,4;18,56;12,5;69,75;,333333;
1976-04-10;3,5;9,8;0;21,4;16,08;14;52,75;1,333333;
1976-04-11;5,5;10,2;0;23;16,8;10,4;47,75;,666667;
1976-04-12;4,2;10,2;0;25,5;18,98;12,1;54,5;,666667;
1976-04-13;4,2;10;0;24,5;19,14;12,2;57,5;,333333;
1976-04-14;3,2;9,2;0;24,5;17,96;10,7;67,25;1;
1976-04-15;3,8;9,4;0;26,5;20,52;14,2;72;,666667;
1976-04-16;3;8,5;0;27,5;22;17,3;78,5;,666667;
1976-04-17;2,6;6,6;0;26,5;21,48;15,8;86,5;1;
1976-04-18;2;0;1,9;24,7;19,46;17,7;89;2,333333;
1976-04-19;2,7;0;112;20,7;16,5;14,9;97;,666667;
1976-04-20;,7;3,7;24,8;19,2;13,6;10,4;73,75;2;
1976-04-21;3,4;2,9;0;15,5;11,4;9,7;70,25;3;
1976-04-22;3;9,1;0;16,3;11,52;7,1;82,75;1,333333;
1976-04-23;1,6;8,4;0;18,8;13,04;7,5;76,5;,333333;
1976-04-24;2,1;8,8;0;20,2;14,16;8,9;79,25;0;
1976-04-25;1,9;9,9;0;22,3;16,08;10,9;71,25;,666667;
1976-04-26;2,3;10,4;0;23,4;17,28;11,5;62,75;,333333;
1976-04-27;2,8;9,3;0;22,5;16,92;12,3;62,25;,333333;
1976-04-28;2,5;10,5;0;22,8;16,78;10,4;63,25;1;
1976-04-29;3,1;8,7;0;24,5;17,72;11;67,5;,333333;
1976-04-30;3;8,4;0;20,5;14,58;11;55;2,333333;
1976-05-01;2,8;8,8;0;18,9;12,06;5,4;63,25;,333333;
1976-05-02;2,5;10;0;21;13,7;5,6;68,75;,333333;
1976-05-03;2,1;7,1;0;21,9;16,02;11,2;73,25;,666667;
1976-05-04;2;4,8;0;25;18,5;13,7;66;,666667;
1976-05-05;3,7;7;0;24,2;18,22;14,5;76,25;,333333;
1976-05-06;2,5;4,2;0;26,3;20,2;15;70;1;
1976-05-07;2,6;2;0;24;16,7;13,8;95,75;2,666667;
1976-05-08;2;7,3;63,4;18,9;14,6;13,2;67;3;
1976-05-09;3,6;8,8;0;18,3;14,12;11,5;71,25;1;
1976-05-10;2,8;2,2;0;17,7;14,58;10,6;80,75;1;
1976-05-11;1,7;7,6;0;19,3;14,36;10,5;84,25;,666667;
1976-05-12;1,3;1,6;0;19,5;14,58;10,2;78;1;
1976-05-13;2,1;4,8;0;20,4;16,82;12,5;74,25;1;
1976-05-14;2,4;4,2;0;21,5;16,4;12,1;71,25;,333333;
1976-05-15;2,7;8,3;0;23,5;17,48;14;70,75;1,666667;
1976-05-16;2,9;6,2;0;24;17,92;13,6;77,5;0;
1976-05-17;1,9;2,1;0;20;16,46;14,5;86,75;,333333;
1976-05-18;1;6,2;0;16,4;11,8;9,3;77,75;,666667;
1976-05-19;1,1;0;1;12;9,88;9;92;1,333333;
1976-05-20;,4;9,8;4,6;15,9;10,32;6;65,25;,666667;
1976-05-21;2,1;5,2;0;14,9;10,28;6;71,75;1,333333;
1976-05-22;1,9;0;14;13,5;11,44;10;97,75;1,666667;
1976-05-23;,3;,2;4;17;13,56;11,5;87,75;1;
1976-05-24;2,1;8,8;0;20,2;14,16;8,9;83,25;,333333;
1976-05-25;,7;1,3;0;17,4;14,32;12,3;70,75;,666667;
1976-05-26;1,3;0;0;15;12,48;9,7;87,75;,666667;
1976-05-27;,7;4,1;1,2;18,5;14,66;11,5;77,25;1;
1976-05-28;1,8;0;7,8;16,9;14,94;12,4;81,25;,333333;
1976-05-29;,8;1,4;,2;16;14,02;12,9;87;0;
1976-05-30;,7;8;6,9;17,3;13,58;12,4;77,25;,666667;
1976-05-31;1;7,2;0;17,7;13,22;10,3;71,5;,666667;
1976-06-01;6,3;4,6;0;17,6;13,26;8,2;80,25;,333333;
1976-06-02;1,8;8,1;0;17,1;10,52;7,5;44,25;1,333333;
1976-06-03;3,9;6,6;0;13,3;8,42;4,6;59,25;1;
1976-06-04;2,5;6,7;0;13,3;9,7;7,8;78,25;1;
1976-06-05;1,5;0;38,2;13;10,6;9,1;94,25;1;
1976-06-06;,7;2;,3;12,5;9,9;8,5;91,25;1,666667;
1976-06-07;,8;1;,1;13,1;10,26;8,9;88;,666667;
1976-06-08;,6;4,7;0;14,2;10,66;8,7;70;,666667;
1976-06-09;1,8;8,2;0;12,3;7,22;5,2;70,25;1,666667;
1976-06-10;1,4;7,7;0;10,3;5,32;3,2;72,75;,333333;
1976-06-11;1,5;8,3;0;11,9;6,74;3,4;67;,333333;
1976-06-12;1,5;7,8;0;12,4;7,66;2,9;59;,666667;
1976-06-13;1,8;5,7;0;12,5;6,6;1,3;72,25;,333333;
1976-06-14;1,5;7,6;0;15,3;10,06;6,1;54,75;2,333333;
1976-06-15;3,5;6,9;0;20,4;14,5;5;69,75;1,666667;
1976-06-16;3,8;3,2;0;18;11,54;9,1;44,75;1;
1976-06-17;2,9;2;0;14,6;9,08;2,1;51;1,333333;
1976-06-18;1,6;3,2;0;22,2;16,48;10,2;81,25;1,333333;
1976-06-19;4;7,8;22;22,7;18,14;17;86,25;,666667;
1976-06-20;,4;9;6;25,7;20,5;14,3;61;1,666667;
1976-06-21;4,1;9,5;0;26,3;20,4;17,6;46,25;3;
1976-06-22;9,5;7,6;0;26,5;20,52;17,2;47,75;3;
1976-06-23;9,6;9,2;0;26,1;21,1;17,7;49,5;4,333333;
1976-06-24;9,7;7;0;25,7;20,58;17,6;55,75;3;
1976-06-25;7;0;5,8;20,4;11,16;8,5;82,75;3;
1976-06-26;1,2;0;,3;10,2;7,82;6,9;70,75;1;
1976-06-27;1,6;9,6;0;14,1;7,74;3,3;50,25;1,666667;
1976-06-28;3,2;9,5;0;16;9,94;4,2;44;1;
1976-06-29;3,3;7,7;0;12,2;6,34;2,1;66,25;1;
1976-06-30;2;2,1;0;8;4,96;1,2;70,5;1;
1976-07-01;1,2;3,7;0;10,5;6,8;2,9;85,25;1;
1976-07-02;,7;7,3;0;15,2;8,34;1,9;73;1;
1976-07-03;2,5;7,1;0;16,8;10,4;7,1;81,75;,333333;
1976-07-04;1,5;9;0;15,5;9,28;7;53;1;
1976-07-05;3;1,7;0;16,3;8,88;2,9;56,25;,666667;
1976-07-06;2,1;8,3;0;16,3;10,16;4,8;75;,333333;
1976-07-07;1,5;9,6;0;15,5;9,82;8;74;1,666667;
1976-07-08;2,3;9,8;0;8,9;5,8;4,7;58,5;1,666667;
1976-07-09;2,7;9,8;0;9,5;5,34;2,4;55;1,666667;
1976-07-10;3;9;0;10,5;4,24;,3;55;,666667;
1976-07-11;3;1,2;0;14,5;7,48;,3;62,75;1,666667;
1976-07-12;3,2;0;1;12,4;10,46;8,7;96,5;,666667;
1976-07-13;,3;0;4;11,1;9,58;8,6;98;1,666667;
1976-07-14;,4;0;19,8;11,4;8,28;7,3;93;1,666667;
1976-07-15;,6;0;3,7;15,2;9,08;4,9;64,75;,333333;
1976-07-16;2,4;9,8;0;16,4;9,76;4,8;65,75;,333333;
1976-07-17;2,6;9,7;0;19;12,82;7;67,5;,666667;
1976-07-18;3,2;7,8;0;19;13,32;9,3;70,25;1,666667;
1976-07-19;3,8;9,7;0;22,1;15,6;9,5;69,5;1,666667;
1976-07-20;4;8,9;0;24;17,14;11,3;47;1,666667;
1976-07-21;7,1;8,6;0;25,1;18,08;13,9;53,25;1,666667;
1976-07-22;4;8,4;0;26;20,36;14,5;44,75;3,666667;
1976-07-23;14,1;3,5;0;26;22,56;19,7;54,75;2,333333;
1976-07-24;8;0;1,8;23,1;16,26;14,4;97,25;1;
1976-07-25;,5;0;8;15;13,96;12,6;97,5;,666667;
1976-07-26;,1;0;8,6;14,8;12,4;11,2;93;1,666667;
1976-07-27;,6;7;0;16,5;12,6;10,7;73,5;,666667;
1976-07-28;1,8;0;0;16,5;14,12;10,9;92,5;1;
1976-07-29;1;3,4;0;23,9;18,16;14,7;88,75;,666667;
1976-07-30;,8;0;11,2;15,4;13;11,4;88;3;
1976-07-31;1,4;0;,3;14,4;12,18;9,6;88,25;1,666667;
1976-08-01;,8;0;,2;14,9;13,7;12,7;98;1;
1976-08-02;,1;0;9,4;13,8;12,56;11,5;99;,666667;
1976-08-03;,4;0;32;14,5;13,36;12,6;96,75;1,666667;
1976-08-04;,1;0;16;14,6;13,28;12,5;98,5;0;
1976-08-05;,4;3;34,2;18,1;14,62;13,6;88;1;
1976-08-06;1,5;1,3;0;15,4;12,44;11,4;87,25;1;
1976-08-07;1;2,5;,3;15,4;12,16;10,4;84;,666667;
1976-08-08;1,3;0;8;13,5;12,06;10,6;97,75;,666667;
1976-08-09;,4;5,8;6,6;14,5;10,38;8,1;62;1,333333;
1976-08-10;2;10,2;0;15,5;9,96;5,6;66;0;
1976-08-11;1,8;9,1;0;16;10,6;6,6;66,25;,333333;
1976-08-12;2;8,5;0;17,5;11,24;7,8;63,75;1;
1976-08-13;2,8;10,4;0;14;9,9;8,2;44,25;2,333333;
1976-08-14;6,3;8,3;0;11,8;7,16;5;61;1,333333;
1976-08-15;1,8;10,3;0;14,9;9,18;4,4;54,25;1,333333;
1976-08-16;7;7,2;0;16,8;11,22;4,8;54;1;
1976-08-17;2;9,2;0;17;11,72;8,3;54,75;,333333;
1976-08-18;,9;9,1;0;18;12,38;8,1;50;,666667;
1976-08-19;3,7;10,5;0;15,4;10,84;7,8;41,25;2;
1976-08-20;5;10,5;0;16;10,7;5,9;37;,666667;
1976-08-21;2,6;8,8;0;16,4;10,32;5;46;,666667;
1976-08-22;5,8;10,3;0;20;12,5;6,2;46,25;1,333333;
1976-08-23;5;10,1;0;23,7;15,5;7,8;49;1;
1976-08-24;7,6;4,6;0;19,8;17,06;14,8;77,75;1,666667;
1976-08-25;3,4;,4;2,3;19;16,56;14,4;89,5;1,666667;
1976-08-26;1,4;4,7;10,1;21,7;18,06;15,8;78,25;2,333333;
1976-08-27;3,6;3,6;0;25,5;18,58;13,9;61;1;
1976-08-28;3;8,3;8,6;20,4;13,72;10,7;48,25;1,666667;
1976-08-29;4,4;10,1;0;17,9;12,54;7,2;56,25;1;
1976-08-30;4,5;9,7;0;26,5;16,26;7,8;60,25;1,666667;
1976-08-31;4,5;9,5;0;27,1;19,88;12,5;61,5;1;
1976-09-01;6,6;3,6;0;29;22,08;18,3;70,5;1,666667;
1976-09-02;5,6;1;1,9;25,4;17,8;14,2;85;2,333333;
1976-09-03;2,4;0;5,6;14,2;11,8;10,4;93,75;2,333333;
1976-09-04;,7;0;2,1;12;9,58;8;64;3,666667;
1976-09-05;1;10,1;0;12,5;7,02;1,8;66;1;
1976-09-06;3;0;0;10;7,96;5,7;97,25;2,333333;
1976-09-07;,4;0;12;9,8;8,12;7;97,5;3;
1976-09-08;,6;2,2;19;11,3;8,42;6,4;90,25;1;
1976-09-09;1;,2;0;11,3;8,52;6,8;81;,666667;
1976-09-10;1;6,5;0;13,9;9,18;5,3;63,75;,666667;
1976-09-11;2,3;6,7;0;14;9,96;5,7;50;,333333;
1976-09-12;3,5;7,4;0;16;11,22;4,2;73,25;1;
1976-09-13;2;2,2;0;16,9;12,82;11,1;92,25;1;
1976-09-14;1,1;8;2,4;17;11,9;9,5;57;,666667;
1976-09-15;2,4;10,4;0;22,5;15,42;8,7;47;1;
1976-09-16;6,3;9,9;0;24;17,98;12,1;41;1;
1976-09-17;6;10,6;0;26,5;18,94;13,3;48;4,333333;
1976-09-18;7;10,3;0;18;12,26;8,9;35,75;1,666667;
1976-09-19;6;10,2;0;18,5;11,96;4,4;46,75;1;
1976-09-20;2,5;9,7;0;21,7;14,98;6,6;38,75;,666667;
1976-09-21;5,5;9,1;0;28,5;19,46;12,2;51,5;1;
1976-09-22;8,5;9,2;0;23,4;17,54;15,2;48,5;1,666667;
1976-09-23;5,5;10;0;21;14,8;8;49,75;1;
1976-09-24;4,5;8,3;0;22,7;16,38;8,8;55,75;1;
1976-09-25;4,4;7,4;0;25,4;19,04;12,2;65,5;1;
1976-09-26;2,9;6,6;0;26,4;20,22;15;71,75;1;
1976-09-27;3;9,2;0;28,1;21,12;14,2;66;1;
1976-09-28;4,6;8,9;0;30;23,54;17,4;52;3;
1976-09-29;4;0;0;26,4;20,66;17,4;88,25;2,333333;
1976-09-30;4,5;7,9;31,1;21;15,42;13,3;46,5;2,333333;
1976-10-01;5,7;10,4;0;18,9;14,54;11,7;46;2,6;
1976-10-02;4,8;9,3;0;18,7;13,12;8,1;58,25;3,8;
1976-10-03;2,5;9,5;0;23,5;17,98;9,8;58,25;7,133333;
1976-10-04;8;0;5,9;20,8;16,52;15,2;86;2,9;
1976-10-05;1,5;10,4;31,2;21,2;15,42;9,7;46,25;4,766667;
1976-10-06;2,7;9,8;0;23,6;18,08;12,7;42,25;2,6;
1976-10-07;6;4,9;0;25;19,24;14,2;51,25;4,733333;
1976-10-08;8;3,7;0;24;18,7;15,8;77,25;2,966667;
1976-10-09;3,5;9;9,6;21,3;16,12;13,8;61,75;4,133333;
1976-10-10;3;8,5;0;20,2;15,3;8,5;51,5;2,733333;
1976-10-11;4,1;8,3;2,2;22,5;17,8;13,2;65,75;2,766667;
1976-10-12;3;8,9;1,2;25,1;19,56;12,9;60,5;4,7;
1976-10-13;2,1;8,5;0;27;20,74;14,3;59,25;6,666667;
1976-10-14;6,1;0;0;22,9;18,78;16,5;69,75;4,033333;
1976-10-15;2,9;8,7;0;25,1;18,14;11,1;71,75;4,066667;
1976-10-16;5,8;5,9;4,2;27,8;21,14;15,6;75,75;5,533333;
1976-10-17;5,3;2,4;6;24,8;20,02;18,6;88,5;1,033333;
1976-10-18;1,9;6,6;17,4;19;13,42;9,2;64,5;5;
1976-10-19;4;8,2;0;16,5;11,32;6,4;61,75;3,833333;
1976-10-20;3,1;9,5;0;18,6;13,5;7,9;48;1,6;
1976-10-21;3,6;9,5;0;19,3;14,12;6,9;44,75;3,666667;
1976-10-22;4,7;7,4;0;24,2;16,92;7;46,75;3,366667;
1976-10-23;3;3,4;14,5;20,6;16,9;13,5;65;3,633333;
1976-10-24;5,2;6,7;,3;24,5;18,78;13;57;2,9;
1976-10-25;3,8;0;0;21;17,42;12,8;75;4,533333;
1976-10-26;2,7;2,2;0;21;16,52;13,2;86;3,466667;
1976-10-27;1,5;6,8;,1;22,6;17,88;13,2;64,5;2,866667;
1976-10-28;3,3;10,8;0;23,4;18,28;13,2;57,75;3,8;
1976-10-29;2;8,7;0;25;19,58;12,9;55;4,033333;
1976-10-30;7;0;0;26,5;19,46;14,9;90,5;5,533333;
1976-10-31;3,2;10,2;45,3;25,3;19,76;15,8;70,25;2,466667;
1976-11-01;5;10,4;0;24,7;19,24;13,2;45,75;2,233333;
1976-11-02;2,8;12,5;0;26,4;20,48;13,3;43;5,366667;
1976-11-03;3,1;0;36;21,5;16,96;15,6;97,75;2,333333;
1976-11-04;7,9;9,2;55,6;24;18,7;13,6;56,25;2,466667;
1976-11-05;4,8;,2;0;21,5;13,08;8,9;87,25;5,166667;
1976-11-06;1;7,6;1,7;20,3;14,52;7,4;47,5;4,9;
1976-11-07;8;12,4;0;23;18,16;11,6;38,75;2,633333;
1976-11-08;8,9;10,6;0;24;18,36;14,6;37,25;4,3;
1976-11-09;7;12,6;0;25,6;18,56;9,9;36;2,033333;
1976-11-10;6,4;8,9;0;24,9;18,46;12;47;2,4;
1976-11-11;5,3;11,3;0;22,5;17,48;10,7;62,25;3,2;
1976-11-12;5,7;8,7;0;23,6;18,7;13,3;57,5;4,466667;
1976-11-13;5;10,1;0;23,5;18,76;13,1;62,75;3,966667;
1976-11-14;4,8;11,4;0;27,1;20,72;13,3;61,75;5,3;
1976-11-15;4;8,1;0;28,9;22,44;13,4;59,5;3;
1976-11-16;5,8;7,7;0;28,1;23,26;17,3;70,5;3,333333;
1976-11-17;3,7;0;0;24,3;19,96;16,8;92,5;2,966667;
1976-11-18;1,5;8,6;1,5;24;20,42;15,9;51;3,633333;
1976-11-19;5,5;11,7;0;26,7;21,12;14,8;33,75;2,2;
1976-11-20;7,2;12,3;0;28,9;22,5;14;41;2,566667;
1976-11-21;6;12,4;,3;25,7;19,22;15,1;51;4,7;
1976-11-22;8,3;12,6;0;22,2;16,56;7,5;35,75;3,066667;
1976-11-23;6,1;9,3;0;24,4;17,52;10,3;42,75;4;
1976-11-24;7,6;1,9;0;23,4;17,12;14,8;93,75;3,266667;
1976-11-25;1,1;12,5;3,9;25,2;19,14;12,4;67;3,5;
1976-11-26;4,4;11,3;0;29,9;23,32;14,6;62;4,266667;
1976-11-27;5,4;8,7;0;33,4;26;22,9;58;4,833333;
1976-11-28;1,2;0;0;25,4;21,56;20,4;95;3,3;
1976-11-29;,6;0;40,8;20,4;17,44;11,3;98,75;6,766667;
1976-11-30;,6;0;10,7;22;20,22;18,2;94,75;4;
1976-12-01;1,2;7,4;41,2;24,3;19,66;16,2;75,25;4,466667;
1976-12-02;2,5;2,4;0;26,4;20,5;16,3;64,75;1,633333;
1976-12-03;3,4;12,3;0;28,1;22,42;15;52;1,933333;
1976-12-04;4,3;8,9;0;29,3;24,52;17;42,5;1,733333;
1976-12-05;5,8;6,9;0;30,3;24,36;19;54,75;1,733333;
1976-12-06;4,8;8,5;0;31,5;25,56;18,6;55,25;4,4;
1976-12-07;6,5;12,7;21,8;26,8;21,1;19;84;4,066667;
1976-12-08;3,5;11,6;2,6;20,7;16,6;12,2;45,5;5,533333;
1976-12-09;5,5;12,2;0;21,8;16,72;10;42,75;3,233333;
1976-12-10;7;9,8;0;27,4;20,88;12,5;57,75;3,6;
1976-12-11;5,2;7,4;0;32;24,96;19,3;55,75;1,533333;
1976-12-12;9,3;12,4;0;32,7;26,78;19;45;4,3;
1976-12-13;7,2;,9;0;31,6;25,12;19,1;74,5;3,6;
1976-12-14;5,5;1,2;0;32,3;24,48;20,6;75,25;7,6;
1976-12-15;7;1,9;39,8;23,5;20,4;19,2;86,75;2,333333;
1976-12-16;5,1;10,1;2,3;21,5;17,8;16;67;7,633333;
1976-12-17;3,4;12,6;0;22,5;18,14;12,7;48,75;2,1;
1976-12-18;4,5;12,4;0;26,5;21,34;13,1;46,5;3,866667;
1976-12-19;6,5;1,2;0;28,3;22,18;16,4;68,5;3,366667;
1976-12-20;4;6,8;0;28;22,36;16,3;55,75;2,733333;
1976-12-21;5,5;10,3;0;26,7;22,28;16,2;48,25;1,9;
1976-12-22;5,5;9,3;0;28,4;21,26;17,3;73,25;2,733333;
1976-12-23;3,3;11,4;6,5;26,9;21,38;17;72;4,033333;
1976-12-24;3,5;13,4;0;28,3;22,06;15,1;53,25;1,966667;
1976-12-25;6;11,1;0;31;25,52;18,8;37;1,466667;
1976-12-26;8,7;2,4;0;26,8;22,88;19,3;70,75;1,633333;
1976-12-27;2;13,3;5,7;27;22,5;19,4;65,25;3,9;
1976-12-28;1;12,4;0;24,3;19,96;15,4;35,25;4,966667;
1976-12-29;7,5;13,2;0;25;19,82;13;43,5;4,666667;
1976-12-30;7,3;11,2;0;30,3;21,04;14,2;46;4,033333;
1976-12-31;7,2;13,4;0;27,6;22,4;18,8;78,5;7,566667;
1977-01-01;3,2;1,5;48,5;29,4;24,56;15,9;62,75;2,6;
1977-01-02;4,6;4,5;0;30,4;23,28;20,1;80,75;5,8;
1977-01-03;3,9;0;59,2;24,5;21,66;19;89;1,7;
1977-01-04;2;12,4;0;25,7;21,26;17,6;64,5;4,066667;
1977-01-05;4,4;12,5;0;26,7;21,64;14,6;54,5;3,066667;
1977-01-06;4,2;12,9;0;27,3;22,64;16,8;49,5;2,666667;
1977-01-07;5,5;12,4;0;31;24,84;16,1;60;1,833333;
1977-01-08;4,2;8,4;0;32;26,42;20,6;65;2,733333;
1977-01-09;4,1;1,4;0;27;23,68;21,9;87,75;3,766667;
1977-01-10;2;3;5,9;28,4;23,98;22,2;88,5;4,1;
1977-01-11;1,6;2,8;31,9;28;24,24;21,3;90,25;2,466667;
1977-01-12;1,8;9,1;1,7;30,5;25,28;22;78,25;3,1;
1977-01-13;2,7;2,8;0;29;23,94;22;91,5;3,333333;
1977-01-14;1,9;3,1;15,8;27,6;24,26;21,5;86,25;3,633333;
1977-01-15;2;6;11,7;29,5;24,44;21,6;91,5;5,133333;
1977-01-16;2;,8;13,2;26,8;23,4;21,5;91,25;3,466667;
1977-01-17;2;0;20,7;24,5;22,94;21,7;94,25;2,9;
1977-01-18;1,1;,3;11,3;26,1;23,36;21;81,75;4,033333;
1977-01-19;2,4;9,7;0;28,4;24,54;19,4;66,5;4,966667;
1977-01-20;4,3;8,6;0;29;24,62;19,5;61,75;2,766667;
1977-01-21;3;11,1;0;29;23,98;18,9;72;2,366667;
1977-01-22;3;4,5;0;29,2;24,52;18,9;64,75;2,266667;
1977-01-23;6;4,7;0;29,3;24,92;21,2;71,75;2,366667;
1977-01-24;5;1,8;0;24,7;22,12;20,4;76,75;5,5;
1977-01-25;3,1;7;,8;26,8;22,28;17,8;70,25;3,1;
1977-01-26;3,9;11,7;0;27,5;21,48;15,8;57,75;1,4;
1977-01-27;5,1;12,1;0;28,5;23,84;16,8;56;1,233333;
1977-01-28;4,2;10,6;0;32,8;25,84;18,5;61,25;1,866667;
1977-01-29;2;,8;0;27;23,72;22,1;72,25;2,8;
1977-01-30;3;9,4;0;27,4;23,22;18,5;58,5;4,7;
1977-01-31;5;8,5;0;27,7;22,02;17,5;73,25;3,633333;
1977-02-01;4;0;0;27,7;22,54;19,7;77;3,133333;
1977-02-02;2,3;12,1;,5;26,7;21,56;16,2;59,75;4,3;
1977-02-03;4,1;11,6;0;27,4;21,98;16;51,5;3,3;
1977-02-04;4,7;12;0;28,7;22,96;15,6;48,25;3,433333;
1977-02-05;6,6;7,2;0;30;23,54;16,9;75,5;3,833333;
1977-02-06;5;6,7;1,3;30;25,38;19,7;66,5;2,033333;
1977-02-07;3,6;2,5;0;29,6;24,44;21,7;74,5;3,233333;
1977-02-08;4,4;0;11;23,6;18,94;17;96,75;6,733333;
1977-02-09;1;0;27,2;22,5;19,86;17,3;90,5;1,966667;
1977-02-10;1;0;40,2;26;21,92;17,6;87;1,666667;
1977-02-11;1;,2;15,8;24;18,68;16,1;92;4,966667;
1977-02-12;1,1;10,3;0;24,7;19,76;13,2;77;4,166667;
1977-02-13;2,6;4;0;28,3;23,82;20,2;85,75;2,633333;
1977-02-14;2,7;,8;7,8;28,7;23,64;20,9;88,25;3,233333;
1977-02-15;2,2;5,5;18,4;30,7;24,86;20,3;73,5;3,166667;
1977-02-16;4;11,8;0;32,3;27,38;20,3;53,25;5,366667;
1977-02-17;9;,9;50,1;28,7;21,82;18,5;85,75;1,966667;
1977-02-18;1;0;,2;25,6;22,34;20,1;88,5;3,766667;
1977-02-19;2;6;0;29,1;24,38;20,3;78,25;4,033333;
1977-02-20;4,1;10;0;33;27,38;20,4;64,25;4,933333;
1977-02-21;6,9;11;0;32,9;27,84;22,5;59;3,333333;
1977-02-22;6,9;4,4;0;32;24,52;21;85,75;3,733333;
1977-02-23;2,8;6;23,7;30;23,62;20,8;77,25;1,966667;
1977-02-24;3,5;9,9;0;32,1;26,38;21,7;62,75;2,3;
1977-02-25;3,8;5,3;0;32;24,26;21,3;95,5;4,233333;
1977-02-26;1;,8;18,2;24,5;22,38;20,4;94,75;2,6;
1977-02-27;2,9;1,1;23,4;28,5;24,34;21,5;89;3,8;
1977-02-28;2,5;0;23,2;24,7;18,4;16,5;93;4,1;
1977-03-01;1,1;11;9,8;20,9;16,34;13,2;65;4,466667;
1977-03-02;3,8;10,1;0;22,2;17,08;10,8;56,25;2,366667;
1977-03-03;3,6;7,2;0;24,3;19,22;12,9;64,25;1,966667;
1977-03-04;3,8;8,2;0;27,5;21,04;15,9;66,5;1,9;
1977-03-05;5;6,2;0;29,2;22,3;18,4;85,25;2,466667;
1977-03-06;2,6;0;6,9;27,7;24,82;20,7;86,5;3,133333;
1977-03-07;3,4;7,4;0;33,5;27,02;23,2;71,5;4,7;
1977-03-08;5,4;4,4;0;30,5;23,58;20,5;80,25;2,2;
1977-03-09;2;9;0;33,3;27,02;20,7;67,75;3,766667;
1977-03-10;5,6;0;0;28,3;21,66;17,7;87,25;3,8;
1977-03-11;2;9,6;1,7;24,1;18,74;14,3;59,5;4,066667;
1977-03-12;3;6,2;0;25,1;19,76;13,7;59,25;4,3;
1977-03-13;4,9;0;4;23,3;20,6;16,8;81;1,366667;
1977-03-14;1,1;4,3;0;27,1;22,84;19,8;80,5;1,633333;
1977-03-15;3;0;0;24,3;22,12;19,6;92;1,2;
1977-03-16;3,5;10;,1;28,5;24,4;19,1;68,25;1,766667;
1977-03-17;2,5;7,4;2,8;29,8;24,44;20,3;77,25;1,933333;
1977-03-18;4,3;7;0;30,3;23,94;17,7;62,5;1,866667;
1977-03-19;3;0;0;28,5;23,64;20,5;80,75;1,1;
1977-03-20;7,3;2,7;0;27,4;22,5;20,4;87,25;3,666667;
1977-03-21;2,8;7,3;0;28,5;23,74;19,5;70,5;1,766667;
1977-03-22;5;7,3;0;28,2;23,26;18,8;72,75;2,033333;
1977-03-23;3,1;4,2;0;27,5;22,84;18,4;77,5;2,866667;
1977-03-24;2,6;8,8;0;28,7;23,9;19,5;66,5;2,133333;
1977-03-25;3;8;0;29,3;23,32;17,1;67,75;1,1;
1977-03-26;4;8,8;0;29,5;23,76;18,5;63,25;2,066667;
1977-03-27;5;3;0;29,5;24,38;21,9;85,25;3,733333;
1977-03-28;3,3;6,1;47,8;23;18,22;16,4;65,25;2,933333;
1977-03-29;3,3;5,6;0;20,9;16,1;11,4;54,5;2,9;
1977-03-30;4,3;6,2;0;20,8;15,9;12,3;58,25;5,466667;
1977-03-31;3,7;9,5;0;17,5;14,72;10,3;51,75;4,8;
1977-04-01;4,4;9,9;0;18,3;12,8;7,1;49,75;3,033333;
1977-04-02;3,3;8,4;0;19,5;14,58;7,4;58,25;1,533333;
1977-04-03;1;9,3;0;24;17,24;11,6;73;1,466667;
1977-04-04;1,6;9,9;0;25,2;18,8;12,7;56,25;1,233333;
1977-04-05;5;9,6;0;23,6;17,5;13,5;62,25;1,2;
1977-04-06;3,3;0;0;21,5;16,84;12,2;65,75;1,833333;
1977-04-07;2;0;0;19,6;16,22;12,1;82,5;4,166667;
1977-04-08;3,7;,6;16,4;19,6;17,88;16,7;84,25;9,533333;
1977-04-09;1;3,7;9,6;19,5;13,32;11,5;71,25;4,033333;
1977-04-10;2,7;4;,5;15,5;12,04;9,8;74,75;4,266667;
1977-04-11;2,3;7,3;,4;19,4;14,12;9,7;53,25;4,333333;
1977-04-12;4,5;9,2;0;24,4;16,94;10,1;54;2,766667;
1977-04-13;5;0;0;17,6;16,46;15;88,5;1,366667;
1977-04-14;1;,4;33,4;23,8;20,2;16,7;90,75;2,4;
1977-04-15;,5;0;32,2;24,1;21,1;19;95,5;3,3;
1977-04-16;,6;0;16;21,1;19,66;19;99,5;2,533333;
1977-04-17;,2;0;64,4;21,3;19,08;18,1;86,75;2,1;
1977-04-18;,3;8,7;0;21,9;16,9;15,4;68,5;2,366667;
1977-04-19;1,9;7,1;0;21,9;15,72;10,2;68;2,466667;
1977-04-20;2;2,2;0;22,4;16,56;10,3;84,75;2,5;
1977-04-21;1,3;2,5;0;22,8;17,78;13,3;84,75;2,133333;
1977-04-22;1;1,6;0;23,5;17,72;13,1;84,25;1,466667;
1977-04-23;,6;3,9;0;23,7;17,64;12,9;73,25;1,033333;
1977-04-24;1,1;1,6;0;24,3;18,38;14,6;73,25;2;
1977-04-25;1,5;7,4;0;27;19,86;14,1;72,25;1,433333;
1977-04-26;2,2;8;0;25,5;19,12;13,6;70,75;1,8;
1977-04-27;2,3;9;0;26;18,98;13,2;70,75;1,766667;
1977-04-28;3;9,5;0;26,1;20,38;15,1;65;2,033333;
1977-04-29;3,3;9,4;0;27,4;21;17;64;2,633333;
1977-04-30;3,3;8,3;0;27,4;21,46;17;65,5;3,8;
1977-05-01;4,4;0;9,1;21,9;16,96;15,6;91,75;2,333333;
1977-05-02;1,5;9,3;4;17,9;13,8;12,6;66,75;3,866667;
1977-05-03;1,5;1;0;20,2;14,78;7,1;68,75;3,966667;
1977-05-04;3,5;9;0;26,9;19,88;12,2;77,5;3,5;
1977-05-05;3,9;1,2;0;25;19,08;16,2;92;2,533333;
1977-05-06;1,1;0;9,9;20,2;18,24;14,9;97,25;1,3;
1977-05-07;1,4;1,5;,9;21,8;18;16,2;93,25;6,133333;
1977-05-08;1,4;8;2;20,3;15,38;11,6;70;1,033333;
1977-05-09;1,6;9,2;0;21,5;14,2;8,1;81,25;1,7;
1977-05-10;2;2,5;0;16,5;13,34;11,2;89;2,266667;
1977-05-11;,5;1,2;0;21;14,58;9,5;82,75;1,333333;
1977-05-12;,2;5,1;0;19,2;13,56;8,2;80;,7;
1977-05-13;1;6,3;0;21,9;16,56;10,2;81,5;1,866667;
1977-05-14;2,8;7,8;1,3;17,5;12,68;11,1;75;2,2;
1977-05-15;2;,3;0;13,5;9,26;5,2;69;3,233333;
1977-05-16;2,5;4,9;0;10;7,94;5,6;58,75;7,6;
1977-05-17;3;9;0;13,5;7,68;4,9;60,5;1,633333;
1977-05-18;1,5;9,3;0;15,6;8,12;2,2;64,5;1,9;
1977-05-19;3;9,5;0;16,8;9,56;3,3;66;2,933333;
1977-05-20;2,5;9,2;0;17,5;10,52;4,4;63,25;1,433333;
1977-05-21;3;7,9;0;19,7;12,66;7,7;63,5;3,433333;
1977-05-22;2,5;4,4;0;17,1;11,64;8,5;83,5;2;
1977-05-23;1,5;7,5;0;15;9,18;5;76,25;1,633333;
1977-05-24;1,5;0;0;16,3;12,24;7,2;87,25;5;
1977-05-25;1;0;,9;18;15,82;13,1;97,25;3,233333;
1977-05-26;,5;0;14,9;17;13,5;12,5;90,5;1,7;
1977-05-27;,8;5;0;18,5;13,1;9,2;76,25;1,566667;
1977-05-28;2,1;9,1;0;25,2;16,16;9,2;85,25;3,6;
1977-05-29;2,8;8,4;13,5;17,2;11,44;9,8;60,5;3,933333;
1977-05-30;2,2;6,7;0;15,9;9,54;3,2;78,5;2,033333;
1977-05-31;1;9,2;0;14,3;11,48;6,7;90,75;1,6;
1977-06-01;,5;5,7;0;19,2;14,58;12,5;79;1,8;
1977-06-02;,8;5;0;24;17,16;11,4;81,5;3;
1977-06-03;2,7;7,8;0;24,2;18;12,4;77;1,2;
1977-06-04;1,5;5,4;0;24,4;18,56;13,4;76,75;,933333;
1977-06-05;1,1;5,9;0;21,5;16,88;13,2;87;,966667;
1977-06-06;,9;0;4,6;17,6;15,1;14,3;96,5;1,366667;
1977-06-07;1;2;,6;17,5;15,3;13,6;76,5;,833333;
1977-06-08;,5;6,6;0;20;13,16;9,1;86;2,233333;
1977-06-09;2,5;8,9;0;22,2;15,86;10,9;68,75;2,466667;
1977-06-10;3,5;7,6;0;21,5;14,12;10,7;64;5,566667;
1977-06-11;3,5;5,7;0;12,6;7,68;4,3;81;2,566667;
1977-06-12;1;9;0;20;12,62;5,3;57,25;4,133333;
1977-06-13;5,3;9;0;23,9;16,6;12,3;71,5;3,533333;
1977-06-14;3,9;6,6;0;24,2;17,78;12,5;80,75;2,833333;
1977-06-15;1,3;8,4;0;19,3;12,44;9,5;64;6,533333;
1977-06-16;4;9;0;15,9;9,36;4,1;56;1,566667;
1977-06-17;1;,3;0;21;16,8;9,2;85;5,866667;
1977-06-18;2,5;0;27,5;20,9;14,08;11,1;87;3,333333;
1977-06-19;1;1,2;,9;14,5;10,86;7,9;66,75;4,566667;
1977-06-20;3;0;1,8;12,5;10,92;9,3;99,25;4,566667;
1977-06-21;0;0;14;11,1;7,52;6;98,5;7,333333;
1977-06-22;1;0;2,6;7,7;6,28;4,9;84;3,533333;
1977-06-23;,5;,2;0;9;6,56;4,9;98,5;2,8;
1977-06-24;0;0;,2;11;6,8;5,3;88;3;
1977-06-25;1,5;0;1,5;9,6;6,16;4,2;91,25;2,033333;
1977-06-26;,5;6,3;0;11,1;5,42;,5;85,75;4,133333;
1977-06-27;1;0;,6;15,6;11,62;6,2;94,5;1,7;
1977-06-28;1;,1;,7;15,2;13,28;11,3;91,5;4,2;
1977-06-29;1,1;1;,7;20,3;15,78;12;91,25;3,466667;
1977-06-30;,4;4,2;0;23,4;16,94;13;79,75;4;
1977-07-01;6;2,6;0;24,7;21,18;19,1;57,25;7,133333;
1977-07-02;6,5;7,7;0;25,3;21,1;17,3;62,25;5,966667;
1977-07-03;4;0;0;21,7;14,6;10,6;93,25;3,933333;
1977-07-04;1,5;0;13,9;10,9;9,64;7,8;99;2,066667;
1977-07-05;,3;0;28,3;14,8;13,32;10,8;98,75;1,133333;
1977-07-06;,2;2,9;,4;22;18,74;13,9;83,5;1,9;
1977-07-07;1;0;31,1;21,8;14,44;11,9;95,25;2,566667;
1977-07-08;,4;0;4,8;12,6;10,98;8,2;98;3,166667;
1977-07-09;,1;0;18,5;15,2;14,22;12,6;98,25;1,8;
1977-07-10;,2;,5;10,5;19;17,3;14,4;93,25;3,733333;
1977-07-11;1,1;4,5;17,6;24,8;19,58;15,3;83;1,966667;
1977-07-12;2,6;6,1;0;26;22,94;19,3;70,25;6,666667;
1977-07-13;3,8;0;27,8;23,3;15,76;13,2;99;2,3;
1977-07-14;,8;1,7;2;15,8;13;12,2;94,5;3,133333;
1977-07-15;1;7;1;12,8;9,5;8,4;57,5;5,033333;
1977-07-16;2,8;9,3;0;10,7;5,66;2,4;60,75;3,4;
1977-07-17;3;9;0;16,2;10,06;5,2;52;5,4;
1977-07-18;3,2;9,2;0;14,1;9,14;7,1;52,75;2,233333;
1977-07-19;2,8;9,2;0;13,6;8,18;3,3;49,5;2,5;
1977-07-20;3,2;0;0;12,1;10,38;7,7;98,75;3,033333;
1977-07-21;,2;,7;92;16,5;14,76;12,1;87;3,2;
1977-07-22;,3;8,4;19,2;19,4;16,22;14,9;86,5;3,233333;
1977-07-23;1,5;0;0;22,6;16,08;13,2;89;4,233333;
1977-07-24;1,5;9,9;8;16,3;10,36;8,2;76,25;2,566667;
1977-07-25;2;6,2;0;21,2;14,16;6,1;70,75;4,366667;
1977-07-26;3;5,3;0;27,3;20,98;14;74,25;4,3;
1977-07-27;4,5;,7;19,6;24,3;18,54;16,6;97,5;4,666667;
1977-07-28;,8;0;20,6;19;16,24;14,1;98,75;3,066667;
1977-07-29;,3;6,7;0;25,7;20,16;16,7;92,5;2,933333;
1977-07-30;2,5;0;33,8;21,4;13,02;8,8;93,5;6,166667;
1977-07-31;,9;6,6;21,5;12,5;8,1;6,1;62,5;3,1;
1977-08-01;2,5;6,5;0;15,4;10,06;7;63;3,033333;
1977-08-02;1,9;9,5;0;13;8,44;4,8;57,25;3,466667;
1977-08-03;1,4;3,3;0;13,8;9,6;4;94,5;4,1;
1977-08-04;2;7,5;1,5;17,1;12,82;11,5;73,75;1,866667;
1977-08-05;1,7;0;0;15,2;12,74;9,4;97,75;2,9;
1977-08-06;,5;0;0;26;18,48;12,9;79,75;3,866667;
1977-08-07;2,6;0;0;19,9;16,18;14,4;94;2,533333;
1977-08-08;4;,8;0;18;15,58;14,9;91,25;4,3;
1977-08-09;1,8;6,3;0;17;12,24;9,7;76,5;3,433333;
1977-08-10;2,5;,2;0;17,3;14,46;9,2;85,5;4,633333;
1977-08-11;2,7;2;0;21,3;16,72;14,2;90,25;4,8;
1977-08-12;1;0;5,4;14,4;11,56;10,6;97;2,9;
1977-08-13;,5;0;3,3;26,1;15,64;7,7;88,5;4,733333;
1977-08-14;4;9,5;7,2;15,7;10,02;4,8;41;2,933333;
1977-08-15;4;9,1;0;15,7;9,08;4,1;52;2,7;
1977-08-16;3,8;5,4;0;15,2;10,46;5,3;57,25;5,433333;
1977-08-17;4,8;0;0;14,3;10,46;8,1;53,25;6,4;
1977-08-18;3,9;9;0;17;10,82;7;55,25;,766667;
1977-08-19;1,3;9,3;0;17,3;10,98;6,3;53,25;2,133333;
1977-08-20;1,7;8,2;0;20,2;13,16;6,9;74,5;3,733333;
1977-08-21;3;9,3;0;22,5;15,16;9,4;67;,866667;
1977-08-22;2,3;0;3;17,4;14,94;14;94,75;2,8;
1977-08-23;,6;0;36,1;14,9;13,7;13,4;94;3,033333;
1977-08-24;,6;7,3;,5;17,8;13,88;11,7;78,25;1,9;
1977-08-25;1,2;9,9;0;19,7;13,68;8,1;64,75;1,2;
1977-08-26;2,3;9;0;20;14,7;9,3;71;1;
1977-08-27;2;8,4;0;20,2;14,54;10,4;61,75;2,7;
1977-08-28;3,5;4,9;0;17,2;13,46;10,4;79,5;4,466667;
1977-08-29;1,5;1,2;0;17;13,08;9,3;91,75;1,366667;
1977-08-30;6;6,3;,2;24,5;17,54;10,1;66,5;1,633333;
1977-08-31;,8;0;0;20,6;12,84;10,1;54,25;5,2;
1977-09-01;3,6;10,2;0;13;7,38;3,3;52,75;2,166667;
1977-09-02;2,6;10;0;16,7;8,54;1,2;47,5;1,533333;
1977-09-03;2,9;10,1;0;18;11,36;6,1;46;1,3;
1977-09-04;3,9;6,6;0;18,9;12,88;6,2;48,25;2,7;
1977-09-05;3,2;4;0;19;14,22;8,9;75,25;3,866667;
1977-09-06;2;4,9;2,2;19,2;14,68;12;77,75;1,966667;
1977-09-07;1,5;6,9;0;21,7;16,1;10,7;55;1,7;
1977-09-08;4;4,6;0;28;20,82;13,2;72,25;3,066667;
1977-09-09;3,7;2,7;0;31,1;26,54;20,5;57;5,866667;
1977-09-10;8;0;0;28,2;21,34;17,8;82,25;3,166667;
1977-09-11;2,4;4,5;0;32,5;24,26;17,3;62;5,566667;
1977-09-12;6;6,5;0;33,3;27;24,3;40,5;6,066667;
1977-09-13;1,6;0;1,9;26,1;20,7;17,9;81,75;4,9;
1977-09-14;1,5;0;19,4;18,9;17,82;16,2;99,25;1,366667;
1977-09-15;1;0;0;21,6;18,82;17,9;95,75;3,133333;
1977-09-16;,7;0;,6;20,1;17,68;16,1;95,25;4,5;
1977-09-17;1;2,9;10,3;21,2;17,86;17;83,75;3,966667;
1977-09-18;1,8;9,2;,4;18,2;13,98;10,1;66,5;3;
1977-09-19;3;10,1;0;20;15,32;8,9;61,75;4,566667;
1977-09-20;3,5;8,4;0;23,2;17,78;11;66,25;2,3;
1977-09-21;2,5;8,9;0;27,7;20,9;13,2;64;1,7;
1977-09-22;3,1;9,7;0;29,2;23,4;18,1;64,25;3,466667;
1977-09-23;5,9;6,3;6,5;24,1;16,06;13,4;63,5;5,8;
1977-09-24;4,3;7,6;0;28,5;14,94;8,8;73,25;2,033333;
1977-09-25;1,7;9,6;0;22,5;16,44;9,7;58,75;2,433333;
1977-09-26;3,6;9,2;0;26,5;20,24;14;49,5;4,7;
1977-09-27;7,4;9,4;0;30,3;22,6;15,1;47,75;3,233333;
1977-09-28;8,5;0;0;23,3;16,24;12,8;94,5;5,8;
1977-09-29;1;9,5;14;19,5;14;8,1;41,5;3,533333;
1977-09-30;5;8,1;0;19,8;14,98;9,1;61,5;5,033333;
1977-10-01;3,5;4,4;0;24,5;17,86;10,8;65,5;3,7;
1977-10-02;1;3,7;0;22,9;17,92;13,9;67,5;6,633333;
1977-10-03;4,2;5,8;0;23,2;16,98;14;89;5,466667;
1977-10-04;3,8;9;7,3;22,5;15,64;10,2;43,75;3,866667;
1977-10-05;5,5;8,8;0;25;19,8;12,3;60,5;2,9;
1977-10-06;4,1;10,3;0;30,2;23,68;18,1;59,5;5;
1977-10-07;6,6;,2;0;31,8;25,52;19,1;48,5;5,833333;
1977-10-08;4,1;0;0;26,9;21,06;18,9;87,25;3,766667;
1977-10-09;2;0;7,5;19,9;19,18;17,7;89,25;2,633333;
1977-10-10;1;0;37,4;19,6;13,22;9,5;99,25;5,533333;
1977-10-11;2,9;7,5;13,3;14,1;10,26;7,9;64,5;4,766667;
1977-10-12;4,2;6,5;0;15,5;11,08;4,8;64,5;3,833333;
1977-10-13;4,4;10,5;0;22,5;17,14;7,1;72,5;4,433333;
1977-10-14;3;0;7;21,3;19,54;18,2;95,25;5,166667;
1977-10-15;2;4,8;16;23,5;17,92;14,2;78,25;6,533333;
1977-10-16;3,5;7,5;0;19,4;14,16;9,2;50,5;4,633333;
1977-10-17;8,9;10,8;0;20,4;14,62;6,7;51,5;2,333333;
1977-10-18;3,4;10,8;0;25,8;18,24;9,5;54;1,4;
1977-10-19;3,2;10,9;0;26;19,6;11,5;50,75;1,266667;
1977-10-20;4,6;10,7;0;28;21,48;14,3;48,75;3,333333;
1977-10-21;6,2;10,6;0;32;23,62;15,3;54;2,666667;
1977-10-22;5,6;10,4;0;31,8;25,82;20,2;48,25;2,4;
1977-10-23;5,5;5,3;0;32,8;26,1;16,8;56;2,7;
1977-10-24;4;1,4;0;28,7;24,2;21,2;77;3,633333;
1977-10-25;4;1,3;2;24,1;20,38;19,1;88,5;4,3;
1977-10-26;3,1;7,9;0;23,4;18,78;15,2;73,75;4,7;
1977-10-27;3,2;6,2;0;23;18,22;13,4;70,75;3,566667;
1977-10-28;2,7;8;0;27;19,82;13,5;78,5;3,3;
1977-10-29;3,2;11,6;0;30;23,24;15,1;61;3,133333;
1977-10-30;5,1;9,9;0;33;26,48;18,5;60,25;3,533333;
1977-10-31;6,5;2,7;0;33;24,18;19,8;93;3,733333;
1977-11-01;2;1;35,2;25,5;21,66;18,3;74,25;3,866667;
1977-11-02;3,2;6,1;0;24,5;21,5;16,9;50,75;3,733333;
1977-11-03;5,2;10,5;0;22,4;17,42;11,9;59,25;4,033333;
1977-11-04;4,2;11,2;0;20,5;15,9;9,6;56,75;2,4;
1977-11-05;3,9;8,8;0;25;19,26;13,6;55,5;3,366667;
1977-11-06;5,5;11,9;0;25,4;19,64;13,5;64;4,266667;
1977-11-07;4,9;0;0;26,5;21,36;13,5;62;6,666667;
1977-11-08;3;0;0;24,9;20,66;16,5;87,5;3,1;
1977-11-09;1,3;0;17,5;21;17,1;14,3;88,25;3,533333;
1977-11-10;2;1,5;,5;22,5;20,12;15,6;98,25;3,366667;
1977-11-11;1,1;9,2;2;25;19,42;15;51;4,266667;
1977-11-12;5,6;12,1;0;25;16,04;11,2;40,25;5;
1977-11-13;6;12,2;0;20,6;15,42;10,3;43;2;
1977-11-14;4,5;12,5;0;25,5;18,72;7,4;37;3,1;
1977-11-15;6,3;9,6;0;28,5;21,9;13;42;2,333333;
1977-11-16;3;12,4;0;30,5;24,76;16,6;36,25;1,266667;
1977-11-17;7,2;12;0;30,7;25,34;16,7;46,5;1,8;
1977-11-18;7,5;9;0;33;25,28;16,8;48,5;3,766667;
1977-11-19;8,5;2,9;0;25,9;22,4;20,5;78,25;2,4;
1977-11-20;1,8;9,5;5,3;27,2;20,84;14,3;55,75;2,166667;
1977-11-21;4,8;0;,9;21,4;17,26;14,6;98,75;3,366667;
1977-11-22;1;12,4;26,3;22,4;18,3;13;43,75;4,1;
1977-11-23;6,5;8,3;0;24,1;18,62;10,2;36,75;6,066667;
1977-11-24;8,5;4,8;0;25;19,98;12;69,75;3,433333;
1977-11-25;3;9,6;0;27;21,96;15,5;63,5;2,8;
1977-11-26;4;8,3;0;31,7;25,66;17;55,5;6,8;
1977-11-27;6,1;11;64,6;28,1;19,14;15,4;64,25;3,4;
1977-11-28;2,1;12,7;0;25,6;19,38;12;46;5,166667;
1977-11-29;6,5;9,4;0;27,5;19,56;11,4;42,25;3,733333;
1977-11-30;6,2;8,3;0;30,1;23,14;11,4;68;2,533333;
1977-12-01;3,2;2,4;0;30,4;25,96;20;60,25;2,433333;
1977-12-02;4,6;1;0;26,9;23,18;19,5;81,75;2,8;
1977-12-03;2;9;0;29,5;24,68;20,8;63,5;3,1;
1977-12-04;4,6;12,7;0;29;24,02;17,4;64,5;4,233333;
1977-12-05;4,6;1,5;0;25,9;22,16;17,6;67,75;6,6;
1977-12-06;3,3;0;0;22,2;18,62;15,3;94,25;3,166667;
1977-12-07;1,5;12;3,5;25;19,44;13,6;46,75;4,133333;
1977-12-08;6,2;12,8;0;24,5;19,82;10,9;47,5;1,633333;
1977-12-09;4,4;12,8;0;28;19,2;11,9;55,75;1,966667;
1977-12-10;4,2;12,8;0;29,1;22,78;13,1;47,25;3;
1977-12-11;4;8,2;0;31;23,78;18,4;60,5;2,5;
1977-12-12;1,7;12,6;0;31,9;26,64;19,6;46,25;2,866667;
1977-12-13;7;9,1;0;29;23,1;17,9;58,25;4,5;
1977-12-14;6,2;9,7;0;29,1;23,5;15,7;53;2;
1977-12-15;4,8;6,1;0;30;20,96;16,5;71,5;3,133333;
1977-12-16;4;3,2;13,4;29;24,2;16,5;51,75;5,133333;
1977-12-17;6;4;0;30;25,62;18,6;55,25;3,666667;
1977-12-18;1,8;7,7;0;32,5;23,92;18,8;72,5;3,533333;
1977-12-19;5,5;,1;15;27,2;23,58;18,4;80,5;1,266667;
1977-12-20;2,2;,1;0;24,3;18,72;16,4;80;5,6;
1977-12-21;2,4;4,5;0;24,5;19,12;14,8;63;5,266667;
1977-12-22;4,1;12,5;0;25,3;19,74;11,7;48,25;6,1;
1977-12-23;2,6;12,1;0;26,5;20,62;11,9;40;5,1;
1977-12-24;2,2;12,6;0;27,7;21,7;13,8;56,25;2,933333;
1977-12-25;2,1;12,6;0;32,5;26,3;17,3;36,5;1,566667;
1977-12-26;2,9;8,6;0;32,7;27,32;18,2;50,5;2,466667;
1977-12-27;2,9;6,5;0;34,5;28,38;21,3;45,5;1,666667;
1977-12-28;5,8;0;13;29,5;23,54;20,9;80,75;2,033333;
1977-12-29;1,8;6,3;2,2;29;23,02;19,5;71,25;2,8;
1977-12-30;2,9;,1;18,5;22,2;17,52;15,9;87,75;3,566667;
1977-12-31;1,5;5,2;10,5;22,7;18,64;13,2;50;5,933333;
1978-01-01;4;5,3;0;23,8;18,58;12,2;52,75;4,633333;
1978-01-02;3;12,6;0;25,2;19,64;10,9;46,25;3,633333;
1978-01-03;3,4;7,5;0;28,2;21,64;12,8;56,5;2,8;
1978-01-04;4,8;9,4;0;32;25,62;16,2;54;2,3;
1978-01-05;5;7,3;2,4;30,2;24,64;18,9;54,25;3,2;
1978-01-06;4;11,3;0;31,8;25,46;18,8;55,25;2,433333;
1978-01-07;5;4,9;0;31,8;25,16;16,5;64,5;2,133333;
1978-01-08;3,4;12;0;30;24,08;16,6;57;3,8;
1978-01-09;5;5,9;0;29,6;24,6;18,1;49;4,633333;
1978-01-10;6,1;12,4;0;29,5;24,26;16,5;43,75;4,433333;
1978-01-11;1,5;12,5;0;31;24,5;15,9;38,5;3,766667;
1978-01-12;8,2;11,4;0;29,5;23,8;16,8;40,5;4,1;
1978-01-13;7;5,6;0;29,6;21,98;15,8;69,5;3,066667;
1978-01-14;3,2;12,5;0;27,5;21,14;14,1;41;3,466667;
1978-01-15;6,8;12,4;0;28,7;23,9;15,8;22,75;3,1;
1978-01-16;4,5;9,7;0;31,5;24,32;15,3;31;2,966667;
1978-01-17;8,3;12,3;0;31,8;24,76;16,2;33,5;3,266667;
1978-01-18;8,5;12,1;0;34,5;26,36;17,2;33;1,966667;
1978-01-19;7;6,3;0;33,8;27,28;20,9;59,5;2,566667;
1978-01-20;4,4;4,6;1;33,5;23,32;18,9;76,5;2,466667;
1978-01-21;3;7,9;1,6;29,2;24,32;18,9;60,75;2,833333;
1978-01-22;4,5;4,2;0;29,3;24,54;17,1;72;6,533333;
1978-01-23;3,7;2;,3;33;23,86;19,6;87;5,566667;
1978-01-24;3,8;,7;35,2;22,2;20,8;19,4;90,25;2,066667;
1978-01-25;,9;0;12,3;25;21,52;18,1;95,25;1,6;
1978-01-26;1,1;11,6;12,9;28,9;24,08;19;60,75;3,766667;
1978-01-27;5;11,7;0;29,4;23,92;16,3;67,25;4,6;
1978-01-28;4,1;4,2;0;29,1;23,66;19,7;79,75;3,833333;
1978-01-29;1,9;0;12,7;23;20;16,5;96;2,5;
1978-01-30;1,8;3,9;23,5;33,9;25,36;16,8;71,75;3,533333;
1978-01-31;4,5;5;,7;32,9;25,26;22,5;86,5;3,9;
1978-02-01;1,8;1,2;1,6;31,3;22,52;18,6;85,5;2,9;
1978-02-02;2,6;1,1;1,6;26,2;20,82;15,8;77,25;2,766667;
1978-02-03;2,1;0;0;32,6;22,36;15,9;56;3,9;
1978-02-04;6;12,2;0;23,7;18,5;12,3;43,5;3,7;
1978-02-05;5,5;10,4;0;24,6;18,78;10,4;42,5;3,5;
1978-02-06;5,5;11,9;0;25;19,18;10,5;43;3,5;
1978-02-07;5,3;11,2;0;27,1;21,08;12,2;65;4,366667;
1978-02-08;4,5;11;0;29,3;23,28;15,4;64;4,233333;
1978-02-09;5;11;0;28,5;23,26;17,8;60,5;3,133333;
1978-02-10;3,9;10,3;0;29,3;22,76;17,3;60,5;3,9;
1978-02-11;3,7;6,8;0;28,4;21,96;16,7;78,75;2,966667;
1978-02-12;1,9;7,5;15;27,5;21;17,2;78,25;2,6;
1978-02-13;1,2;8,3;0;28,4;21,5;17,4;77,25;1,833333;
1978-02-14;2,6;8,5;1,5;28,7;21,7;17,5;67,5;5,133333;
1978-02-15;2,5;9,6;3,2;28,2;22,6;16,5;59;3,733333;
1978-02-16;1,3;11,9;0;28,8;21,76;16,6;71,75;4,233333;
1978-02-17;4,6;7,2;0;25,1;19,96;16,2;67,5;3,733333;
1978-02-18;3,4;1;0;22,5;18,8;14,3;63,25;2,533333;
1978-02-19;2,7;0;,7;21;18,54;15,4;91,25;2,6;
1978-02-20;,7;3,5;6,6;24;20,1;16,3;80,5;3,1;
1978-02-21;2,3;9,5;0;26,3;21,38;16,1;60,25;3,4;
1978-02-22;3;11,4;0;26,7;21,1;14,1;48,25;2,633333;
1978-02-23;4,5;11,7;0;26,9;21,24;13,4;51;2,3;
1978-02-24;4,3;8,3;0;29,3;22,62;15,4;43;3,566667;
1978-02-25;8;10,4;0;31,2;24,42;15,1;43,5;4,933333;
1978-02-26;6,3;10,5;0;30,1;23,26;15,4;49,25;5,733333;
1978-02-27;7;10,2;0;32;25,62;18,1;48,75;6,133333;
1978-02-28;8;0;0;27,5;22,56;20,3;76;4,033333;
1978-03-01;2,6;10,9;18,2;28,6;22,62;16,9;53,25;1,466667;
1978-03-02;4;11,1;0;28;22,64;15,3;42;1,7;
1978-03-03;4,9;10,4;0;29,3;23,3;16,9;52,75;2,133333;
1978-03-04;4,5;10,7;0;29,4;22,2;14,9;50;1,433333;
1978-03-05;5,4;9,2;0;29,2;22,92;18,1;44,5;3,8;
1978-03-06;5,6;10,6;0;24,4;18,26;13,6;40;4,266667;
1978-03-07;2,9;10,9;0;24,4;17,98;8,3;38,25;2,6;
1978-03-08;3;10,9;0;26;17,72;9,4;46,75;2,666667;
1978-03-09;4;11,2;0;26,6;18,12;9,1;57;4,9;
1978-03-10;1,1;8,2;0;28,3;20,56;11,8;57;4,433333;
1978-03-11;1,1;4,8;0;26,4;19,88;11,9;76,5;3,3;
1978-03-12;1,5;8,2;,6;28,5;22,46;17,7;70,5;1,666667;
1978-03-13;,9;8,1;0;30,4;23,52;15,9;57,5;1,566667;
1978-03-14;1;6,3;0;30,7;24,42;19,2;57,5;4,133333;
1978-03-15;,4;5,1;0;34,5;24,96;18,8;74;4,3;
1978-03-16;1,8;2,7;0;31,5;25,1;22;88,5;1,966667;
1978-03-17;1,2;4,1;10,1;33,3;26,44;18;66,5;3,733333;
1978-03-18;1,9;8,8;0;35,1;24,86;20,9;59;5,066667;
1978-03-19;1,6;0;10,5;22,3;19,86;17,5;96,25;1,433333;
1978-03-20;1;0;19,6;21,4;19,12;17,1;97;3,633333;
1978-03-21;,3;2,4;20,4;25,2;21,22;16,6;75,25;3,133333;
1978-03-22;2,7;0;0;22,8;20,16;16,3;88,75;2,233333;
1978-03-23;,3;0;1,3;27;22,32;17,4;75,75;2,666667;
1978-03-24;3;5,2;0;27,5;21,4;17,4;85,75;6,333333;
1978-03-25;1,4;0;2,4;23;20,36;17,3;92;4,166667;
1978-03-26;1,2;0;8,7;21,4;20;17,7;94;2,2;
1978-03-27;,5;10,2;10,7;25,1;20,14;15,9;74;2,966667;
1978-03-28;2;9,5;0;25,4;19,42;13,4;57,75;1,366667;
1978-03-29;3;9,5;0;26,8;21,36;14,3;54,75;2,2;
1978-03-30;4,5;10,4;0;28,9;22,94;17,7;45,25;3,166667;
1978-03-31;5,5;9,8;0;22,1;15,98;13,2;49,75;5,633333;
1978-04-01;5,3;10,2;0;19,7;14,28;8,3;53;2,2;
1978-04-02;4,2;9,6;0;23,1;16,08;9,1;60,25;2,633333;
1978-04-03;3;8,7;0;26,4;17,66;9,1;59,75;1,566667;
1978-04-04;2,5;9,6;0;28,2;20,24;11,6;49,75;2,066667;
1978-04-05;4,2;6,3;2;26,5;20,02;14,5;64,5;5,133333;
1978-04-06;4,7;9,7;1,4;18,9;12,32;8,9;60;5,233333;
1978-04-07;3,6;9,7;0;19,2;13,44;7,2;56,75;2,866667;
1978-04-08;3,5;7,6;0;20,3;14,78;7,2;59,5;2,633333;
1978-04-09;1,5;3;4,7;19,6;15,16;12,2;70,75;2,533333;
1978-04-10;1,3;8,9;0;21,1;14,32;8,9;65,75;1,733333;
1978-04-11;,2;10,3;0;23,5;17,44;10,5;46,25;2,6;
1978-04-12;,9;6,9;0;25,1;17,98;10,5;45,75;1,133333;
1978-04-13;1;6,1;0;24,1;17,02;10,6;66,5;2,266667;
1978-04-14;,3;8,3;0;27,3;18,86;12,7;65;2,7;
1978-04-15;1,4;5,7;0;21,6;16,18;11,7;82,25;2,966667;
1978-04-16;,2;4,5;0;23,5;15,84;9,3;69;,766667;
1978-04-17;,5;9,9;0;25,5;18,26;9,4;46,75;2,8;
1978-04-18;1,2;5,4;0;30,7;18,16;12,2;76,5;5,8;
1978-04-19;1,3;9;16,7;23,2;16,26;13,5;56;4,133333;
1978-04-20;,9;10,1;0;22,5;15,36;8,1;51;1,3;
1978-04-21;,6;9,9;0;22,9;17,12;11,7;52,75;1,966667;
1978-04-22;,5;8;0;19,5;13,04;9,5;62,25;2,733333;
1978-04-23;,5;9,7;0;19;12,34;7,9;54;2,033333;
1978-04-24;,6;9,8;0;18,9;11,88;4,9;52,75;1,033333;
1978-04-25;3,4;8,5;0;21,2;13,44;5,5;51,5;1,233333;
1978-04-26;3,7;9,9;0;24,7;16,96;8,9;52;,433333;
1978-04-27;3,9;2,5;0;24,9;16,76;7,5;45;2,5;
1978-04-28;4,4;0;0;22,4;16,42;10,1;69,25;2,2;
1978-04-29;3;0;5,2;17,9;15,08;13,7;92;3,3;
1978-04-30;,8;3,7;24,4;19,8;15;11,7;85,5;3,466667;
1978-05-01;1,1;5,2;0;19,5;13,06;7,9;85,5;1,133333;
1978-05-02;1,8;8,7;0;22,3;15,6;8,1;65,25;3,133333;
1978-05-03;4;4,1;0;23,6;16,92;10,5;68,25;3,133333;
1978-05-04;3,7;7,5;0;22,7;15,68;11,9;62,25;1,566667;
1978-05-05;3,2;6,3;0;23;15,66;7,8;56,5;2,7;
1978-05-06;3,3;8,2;0;24,5;16,32;11,7;61,75;,866667;
1978-05-07;4;2,3;0;23;16,24;9,8;62,75;1,366667;
1978-05-08;2,2;8,9;0;25,5;19,32;12,4;61;1,9;
1978-05-09;3,8;9,9;0;26,6;19,2;12,5;62;2,333333;
1978-05-10;3,5;9,2;0;28;18,02;10,1;51,75;2,8;
1978-05-11;5,6;8,7;0;28;18,72;12,2;53,25;,833333;
1978-05-12;4,3;3,1;0;27,5;19,76;12,1;57,5;1,4;
1978-05-13;4,5;5,8;null;28,2;21,76;15,2;47,25;2,6;
1978-05-14;10,5;,1;0;24,9;17,14;12,9;85,75;6,966667;
1978-05-15;,8;,9;63,7;16,3;12,58;11;80;2,866667;
1978-05-16;1,7;9,8;0;16,2;11,46;8,1;68,5;3,3;
1978-05-17;2,9;6;0;15,7;10,52;6,2;76,5;2,033333;
1978-05-18;1,8;5,7;1,4;17,2;11,34;7,6;80,5;1,8;
1978-05-19;2;8,9;0;21,6;15,06;7,6;54;6,6;
1978-05-20;4,7;9,5;0;16,8;11,1;7;57,5;5,233333;
1978-05-21;4;9,7;0;16,1;9,76;5,7;66,5;2,6;
1978-05-22;2,5;8,9;0;16,4;9,62;4,7;65,25;2,266667;
1978-05-23;2,5;8,4;0;15;8,44;2,9;70;1,1;
1978-05-24;1,6;2,2;0;14,7;8,52;1,5;69,25;1,566667;
1978-05-25;2,1;8,9;0;16,3;9,42;2,8;69,75;1;
1978-05-26;1,8;9;0;13,8;8,18;5;86;2,633333;
1978-05-27;1,2;8,6;0;13,5;7,66;3,2;66;1,433333;
1978-05-28;1,5;9,3;0;17;9,58;2;49,75;1,866667;
1978-05-29;3,4;6,8;0;17,7;10,06;5,2;68,75;1,466667;
1978-05-30;2,6;9,1;0;11,5;7,26;3,9;54;5,466667;
1978-05-31;3,8;3,9;0;11,2;6,74;2,7;67;4,733333;
1978-06-01;2,9;8,6;0;14,6;7,84;,6;51,75;5,366667;
1978-06-02;7;2,8;0;17,3;10,16;4,5;42,75;4,133333;
1978-06-03;6;8,5;0;15,6;8,36;4,4;38,25;4,066667;
1978-06-04;6;9,6;0;13,5;6,82;1,2;50,25;3,033333;
1978-06-05;4;9;0;12,9;6,7;1;54,75;1,866667;
1978-06-06;2;5;0;15,6;8,78;,9;51,25;4,9;
1978-06-07;4;,1;0;18;11,86;6,8;56,75;1,366667;
1978-06-08;3,6;8;0;12,5;7,14;4,4;83,75;4,8;
1978-06-09;2;5,9;0;11;6,42;2,9;89;1,133333;
1978-06-10;,6;6,1;0;13,5;5,94;-1;76,5;1,8;
1978-06-11;1,3;0;0;13,4;9,28;,8;84,25;2,333333;
1978-06-12;1;2,4;16,4;17,9;14,44;12,1;93,75;1,7;
1978-06-13;,5;2,9;0;19,8;15,8;11,6;85,75;,7;
1978-06-14;1,3;5,2;0;22,4;17,68;15,6;87,5;4,066667;
1978-06-15;1,7;2,2;0;24,6;17,32;11,9;84,25;5,233333;
1978-06-16;2;0;0;18;14,94;12,9;97,25;2,866667;
1978-06-17;,6;1,1;12,6;15;12,92;11;89,5;1,866667;
1978-06-18;,9;,1;16,4;18,7;15,74;9,2;98,5;2,133333;
1978-06-19;,7;0;10,3;17,8;12,18;8,8;91;6,3;
1978-06-20;,8;9,2;8,3;11,8;6,52;1,9;66,75;2,866667;
1978-06-21;1,6;9,2;0;13,5;7,2;,3;84;3,033333;
1978-06-22;1,4;5,9;0;17,8;11,48;6,7;80,5;2,233333;
1978-06-23;1,3;,5;0;15,8;11,88;7,3;98;3,6;
1978-06-24;,2;0;22,8;17,7;14,68;10,1;97,25;1,5;
1978-06-25;,5;8,1;2;16,2;12,64;10,2;78,75;3,4;
1978-06-26;1,8;3;0;18,3;13,26;8,6;89,25;2,866667;
1978-06-27;1,2;6,8;0;25,3;17,3;8,8;68,25;3,766667;
1978-06-28;4,8;4,2;,2;23,8;18,88;16,7;82,75;3,333333;
1978-06-29;4,2;0;6,2;20,5;16,92;15,6;94,25;2,5;
1978-06-30;1,6;9;14,7;16,8;11,42;8,8;68,5;3,033333;
1978-07-01;1,7;8,2;0;18,2;10,84;5;67,5;2,633333;
1978-07-02;2,5;,5;0;15,2;11,34;5,8;97,75;2,7;
1978-07-03;,3;1,5;0;18,5;14;10,3;90;1,133333;
1978-07-04;,7;4,8;0;18,3;12,82;7,9;92,75;1,633333;
1978-07-05;,3;4,6;0;22,6;15,22;9,1;91,25;2,533333;
1978-07-06;,7;0;5,5;15,6;13,84;10;98;2;
1978-07-07;0;0;4,2;15,8;14,32;11,8;92;3,166667;
1978-07-08;,5;2;0;22,4;16,76;11,7;76;2,5;
1978-07-09;2;0;0;21;16,18;11,9;84,75;1,4;
1978-07-10;1,7;6,7;0;25,3;18,18;12,8;68,75;4,533333;
1978-07-11;5;6,2;10;22,1;15,68;12,9;86;2,566667;
1978-07-12;1,7;3,5;0;20,2;14,56;9,8;76;4,866667;
1978-07-13;2,1;8;0;22,1;15,3;9,2;77,25;5,733333;
1978-07-14;2,3;0;0;16,8;13,9;9,1;94,5;3,433333;
1978-07-15;1,7;2,5;23,4;20,5;15,6;12,3;87;3,033333;
1978-07-16;1,5;8,9;0;20,2;14,36;9,6;63,5;1,966667;
1978-07-17;2,3;0;,7;16,3;12,5;9,9;80;5,2;
1978-07-18;2,2;5,6;1,3;14,4;9,7;5,2;68;1,533333;
1978-07-19;2;0;0;12,4;9,9;6,4;93,25;2,133333;
1978-07-20;,6;0;0;11,6;8,46;4,2;99,25;2,966667;
1978-07-21;,4;0;2,7;13,2;10,1;4,6;83,5;3,2;
1978-07-22;2,5;7,6;0;18,1;10,62;5,5;50,75;1,9;
1978-07-23;2,5;7,1;0;17,9;10,12;5,2;63;4,933333;
1978-07-24;4,4;3,4;0;13;7,44;1,8;64,5;3,6;
1978-07-25;2,6;1,9;0;26,8;17,68;6,9;79,25;3,133333;
1978-07-26;1,1;0;34,6;22,3;12,08;9;98,75;5,866667;
1978-07-27;2,7;0;53,8;13,2;11,62;7,9;98,25;4,133333;
1978-07-28;,3;0;10,8;16,7;13,52;9,6;96;3,566667;
1978-07-29;,5;,5;2,8;12,6;8,86;6;88,25;1,966667;
1978-07-30;,4;8,4;0;13,8;9,26;3,9;75,75;4,366667;
1978-07-31;3,2;0;3,6;15,5;13,48;10;98;5,1;
1978-08-01;,1;5;2;21;16,48;11,4;78,75;4,066667;
1978-08-02;,7;6,7;0;24,2;17,8;11,6;78,75;4,466667;
1978-08-03;3;8;0;26,1;19,56;13,7;63;4,166667;
1978-08-04;4;7,4;0;26,3;19,76;15,2;61,5;3,833333;
1978-08-05;5,7;5;0;26,8;19,96;14,1;60,75;3,633333;
1978-08-06;6;4,7;0;26,6;19,16;12,6;65;2,9;
1978-08-07;5,9;1,2;0;24,7;17,84;13;75,25;3,633333;
1978-08-08;1,1;0;null;16,2;13,8;11,2;98;1,633333;
1978-08-09;1,5;0;15,5;15;13,52;12;97,75;,566667;
1978-08-10;,6;1,9;0;19,9;14,78;10,6;90,75;1,7;
1978-08-11;,8;8,2;0;15;10,02;7,9;49,25;6,066667;
1978-08-12;1,1;6,8;0;10,7;6,92;4,2;56,5;4,866667;
1978-08-13;3,8;7,7;0;8,2;4,58;,4;82,75;5,366667;
1978-08-14;1,7;5,9;,3;13,3;8,36;4;66,5;5,133333;
1978-08-15;2,5;7,7;0;15,5;10,24;2,2;63;1,566667;
1978-08-16;2,8;8,5;0;18,6;12,4;7,2;62,25;1,733333;
1978-08-17;2,5;6,7;0;21,6;13,34;5,2;56,5;3,8;
1978-08-18;4,4;,7;0;14,1;10,36;8,4;60;5,433333;
1978-08-19;3,2;1,6;0;9,7;6,3;1,8;58,25;6,4;
1978-08-20;3,6;0;0;11,2;9,14;5;98,5;3,733333;
1978-08-21;,3;1,7;1,4;15,7;11,7;8,1;87,75;2,366667;
1978-08-22;,8;4,7;0;16,7;11,38;7,2;79,25;2,533333;
1978-08-23;2;8,7;0;12;7,6;5,2;50,25;5,366667;
1978-08-24;2;6,9;0;13,4;7,14;-,8;71,25;2,8;
1978-08-25;2,4;7,5;0;18,6;12,12;4;46,25;7,4;
1978-08-26;7,1;0;2,5;15,3;12,26;8,7;89;1,933333;
1978-08-27;,1;5,1;7,8;18,5;13,18;10,2;80,25;1,466667;
1978-08-28;2,4;1,5;,5;18,1;13,16;7;91;1,566667;
1978-08-29;,2;0;,4;15,4;11,78;9,5;91,5;5,666667;
1978-08-30;2,3;10,1;4,7;11,4;7,68;6,1;54,5;5,233333;
1978-08-31;3,5;10,2;0;14,4;7,4;-,6;47,75;3,866667;
1978-09-01;7,3;7,6;0;21,9;11,56;1,8;47,5;4,233333;
1978-09-02;4,5;8,7;0;12,8;8,02;3,9;57;7,3;
1978-09-03;5,5;4,1;0;16,5;10,76;3,4;71,75;6,2;
1978-09-04;2,9;0;0;16,8;13,98;10,2;88,25;3,633333;
1978-09-05;1,9;1,6;,5;18,8;14,54;12,1;89;1,933333;
1978-09-06;,1;7,1;0;20,8;14,52;8;68,5;1,533333;
1978-09-07;3;4,7;0;21,5;16,98;9,4;59,25;2,333333;
1978-09-08;1,6;10,1;0;20,6;14,72;10,4;52;5,3;
1978-09-09;7,7;9,9;0;20,1;14,92;9,5;29,75;2,4;
1978-09-10;6,3;9,5;0;22,1;15,52;9;31,75;3,233333;
1978-09-11;6,8;10,1;0;17,3;11,04;4,6;49,5;2,733333;
1978-09-12;2,6;8,7;0;20,2;12,24;2,9;49,75;6,266667;
1978-09-13;7,3;0;0;14;12,84;10,4;94,75;9,3;
1978-09-14;,1;,8;46,5;17,6;13,58;12,1;79;1,466667;
1978-09-15;2,4;10,8;,3;19,4;12,88;5,2;42,75;1,6;
1978-09-16;3,2;10,6;0;22,3;15,36;5,7;54,25;3,833333;
1978-09-17;3,4;11;0;29,6;21,1;13;55,75;5,633333;
1978-09-18;4;0;0;22,9;18,86;16,5;88;3,366667;
1978-09-19;2,6;0;,5;22,4;18,98;15,6;84;6,4;
1978-09-20;,1;1;12;19;15,56;13;88,25;3,133333;
1978-09-21;2,3;7,7;,2;22,2;16,32;8,6;66;2,366667;
1978-09-22;2,5;6,1;0;25,1;18,5;12,8;77,5;4,266667;
1978-09-23;1,9;5,8;0;27,5;21,52;14,6;66,25;3,366667;
1978-09-24;2,9;7,5;0;29,7;23;15,9;52,5;3,366667;
1978-09-25;4;9,4;0;27;21,72;15,1;61;4,2;
1978-09-26;4,7;7,1;0;28,4;22,46;16,1;57,5;5,066667;
1978-09-27;4,8;,1;0;23,9;18,64;16,8;89;2,033333;
1978-09-28;1,8;10,3;15;20,7;15,44;11,7;50,75;4,9;
1978-09-29;2,4;8,8;0;19,8;14,64;8,8;52,25;4,233333;
1978-09-30;4,6;5,7;0;25,7;19,18;9,2;63;4;
1978-10-01;2,9;2,9;0;28,4;22,34;15,8;53,5;4,133333;
1978-10-02;6,5;0;0;24,1;19,54;17,7;84,75;2,733333;
1978-10-03;1,4;0;null;19,3;17,8;15;94,25;2,8;
1978-10-04;,6;0;31,2;21,6;18,8;16,6;93;,833333;
1978-10-05;1,5;7,6;0;26,5;21,26;16,3;75,25;2,2;
1978-10-06;2,1;0;2,6;21,4;18,1;14,5;86,25;2,5;
1978-10-07;1,4;1;1,8;21,5;17,98;14,1;67,75;4,933333;
1978-10-08;2,2;0;11;19,6;17,06;13,9;93,25;3,033333;
1978-10-09;1,5;0;18,7;22,8;18,78;15,8;85,5;2,733333;
1978-10-10;1,7;10,4;,2;21,9;16,22;12,4;62,5;3,233333;
1978-10-11;3,4;11,5;0;24,7;17,92;9,6;42,5;1,3;
1978-10-12;4,7;2,7;0;22,4;16,72;11;71,25;4,233333;
1978-10-13;2,3;0;,5;17;14,38;13,1;96;4,266667;
1978-10-14;,3;9;4,4;19;14,96;10,9;64,5;3,833333;
1978-10-15;1,7;8,2;0;20,8;15,52;7,9;49,5;2,066667;
1978-10-16;4;10,9;0;19;14,04;8,2;59,25;2,633333;
1978-10-17;3,2;10,7;0;22,3;16,14;9;52,75;1,833333;
1978-10-18;3,4;2,7;0;21,7;16,72;9,9;62,75;3,566667;
1978-10-19;2,5;9,1;0;23,4;17,26;11,5;59,25;3,2;
1978-10-20;3,9;6;10,6;20;16,16;12,2;74,25;1,7;
1978-10-21;1,2;10,9;0;24;18,88;11,8;58;2,866667;
1978-10-22;3,7;10,9;0;26,8;21;11,8;60,5;1,433333;
1978-10-23;4,7;10,2;0;31,6;21,14;12,8;56,75;3,366667;
1978-10-24;5;,4;0;25,1;19,84;18;95,25;2,7;
1978-10-25;,1;1,3;8,1;21,6;19,46;16,2;81,5;3,866667;
1978-10-26;2,3;0;4,9;19,9;18,3;17,7;97,75;3,233333;
1978-10-27;,6;7,4;25,8;24,4;18,94;15,1;64,25;2,466667;
1978-10-28;2,2;12;0;27,5;21,72;14;61;5,266667;
1978-10-29;7;4,6;21,3;24,3;19,36;15,8;71,5;3,866667;
1978-10-30;3;,3;0;19,9;16,06;9,2;79,25;2,933333;
1978-10-31;2,4;8,1;,2;21,5;17,74;14,4;69;5,5;
1978-11-01;3,6;12,8;0;22,6;17,8;10,6;54,25;3,233333;
1978-11-02;3,6;9,3;0;25,2;18,52;11,7;47,25;3,933333;
1978-11-03;5,5;0;,8;19,1;15,48;13,3;96;3,266667;
1978-11-04;,6;11,2;,3;21,7;17,56;12,2;60,25;4,066667;
1978-11-05;2,7;12,8;0;25,8;20,14;12,4;49,25;5,366667;
1978-11-06;7,6;12,2;0;23,5;18,54;14,3;37;3,566667;
1978-11-07;5,6;12,3;0;23,3;18,1;10;44,25;4,266667;
1978-11-08;5,7;8,4;0;31,6;23,02;12,6;50,25;4,066667;
1978-11-09;6,8;3,8;0;30,5;21,64;16,4;82,25;5,433333;
1978-11-10;2,9;,9;12,4;23,2;18,62;13,3;70,25;3,533333;
1978-11-11;3;8,5;0;24,6;19,58;14,9;57,75;2,533333;
1978-11-12;3;9,8;0;19,2;14,88;12,4;47,5;5,133333;
1978-11-13;6,2;12;0;18,7;13,6;6,1;42;3,133333;
1978-11-14;2,5;6,1;0;20,3;14,52;6;45,75;3,3;
1978-11-15;5;12,1;0;24,6;18,52;8,7;40;3,533333;
1978-11-16;4;11,4;0;29,8;21,98;13,3;50,25;4,933333;
1978-11-17;7,9;0;0;23,7;20,1;17,3;85,25;5,7;
1978-11-18;,5;0;44;20,6;18,84;16,3;86,5;2,833333;
1978-11-19;,6;4,9;4,5;25,6;20,3;14,9;73,25;2,166667;
1978-11-20;2,9;0;0;21,7;18,44;15;96;2,566667;
1978-11-21;,1;,6;20,3;24,7;21,16;14,7;78,5;3,966667;
1978-11-22;2,1;,5;,4;23,4;19,64;18,1;82;4,533333;
1978-11-23;2,8;10,2;0;23,6;18,48;12,8;61,75;4,333333;
1978-11-24;3,6;12,6;0;25,3;19,84;11,6;57,75;4,133333;
1978-11-25;4,4;10,4;0;29,4;23,68;13,3;65,5;3,133333;
1978-11-26;3,9;4,5;16,7;27,6;23,02;21,3;74;6,266667;
1978-11-27;3,7;11,5;10,2;27,4;20,82;15,8;45,5;4,2;
1978-11-28;6,6;12,3;0;24,4;18,82;11,8;46,5;1,666667;
1978-11-29;3,9;12,5;0;28,6;22,58;12,4;51,5;3,766667;
1978-11-30;5,5;8,9;0;31,6;25,94;18,6;52,75;3,2;
1978-12-01;2;9,7;0;33,6;27,7;20,1;51,75;3,433333;
1978-12-02;7,5;0;0;31,6;23,14;19,3;74,75;4,033333;
1978-12-03;3,5;0;23,2;21,6;19,44;17,3;95;3,033333;
1978-12-04;1,6;0;7;20,2;18,46;15,3;98,75;2,2;
1978-12-05;,2;8,5;9,6;23,7;19,72;15,4;81;2,833333;
1978-12-06;1,9;10;0;26,8;21,8;15,8;57;1,333333;
1978-12-07;3,2;9,1;0;29,4;23,82;16,8;36,25;1,866667;
1978-12-08;6,6;12,4;0;29,5;24,06;16,4;38,5;1,433333;
1978-12-09;4;8,4;0;26,6;20,72;15,3;57,25;5,066667;
1978-12-10;1,5;10,1;0;25;20,12;13,5;43,5;2,733333;
1978-12-11;5,6;12;0;27,2;21,52;12,2;51,25;2,7;
1978-12-12;4,7;10;0;30,3;21,56;15,6;68,25;3,833333;
1978-12-13;3,1;2,8;9,1;23,7;21,54;18,2;81;4,666667;
1978-12-14;,9;3,7;0;28,7;23,6;16,8;63,75;4,466667;
1978-12-15;5;7,1;0;27,5;21,96;16,8;64,75;4,4;
1978-12-16;5;10,5;0;27,2;22,78;18,4;65,25;4,533333;
1978-12-17;3,7;11,5;0;27,7;22,52;15,7;54,25;4;
1978-12-18;5,7;12,8;0;27,4;22,46;14,9;47,75;4,133333;
1978-12-19;4,4;11,6;0;27,3;21,72;14,3;44,75;3,166667;
1978-12-20;6,2;12,5;0;27,1;21,72;14,8;45,75;2,9;
1978-12-21;4,3;11,2;0;30,3;23,98;13,9;41,5;3,066667;
1978-12-22;5,2;12,8;0;30;24,02;15,8;38,75;4,266667;
1978-12-23;4,2;10,8;0;32,4;25,46;15,8;56,25;6,933333;
1978-12-24;7,3;0;3;27,9;21,88;16,2;67,25;2,4;
1978-12-25;3,2;12,6;0;27,9;22,04;16,3;43;3,866667;
1978-12-26;6,3;12,8;0;26,7;21,1;13,5;43;2,733333;
1978-12-27;5,9;13;0;30,2;22,78;12,8;37,25;1,5;
1978-12-28;5,5;13;0;32,4;26,22;17,2;31,5;3,066667;
1978-12-29;10,2;9,9;0;34,3;26,82;17,5;44,25;1,8;
1978-12-30;6,3;,1;0;27,9;21,16;18,6;85,25;3,966667;
1978-12-31;1;12,4;14,9;28,4;22,78;15,6;54;3,066667;
1979-01-01;3,9;3,2;0;27,3;21,36;16;48;3,5;
1979-01-02;5,6;7,8;0;31,2;23,88;15,9;51,75;3,033333;
1979-01-03;3;11,5;0;26,7;21,62;17,1;47,25;4,966667;
1979-01-04;5,9;12,7;0;25,8;20;12,2;43,25;3,633333;
1979-01-05;6,2;10,7;0;26,3;20,28;13,1;42,25;4,833333;
1979-01-06;6,4;12,8;0;26,4;20,64;11,5;38;3,333333;
1979-01-07;5,9;12,9;0;26,3;20,64;12,6;37,5;4,9;
1979-01-08;null;null;null;null;null;null;null;null;
1979-01-09;8,2;11,9;0;31;24,02;13,3;37,25;4,133333;
1979-01-10;8,7;5,1;0;30,3;23,92;17,2;58,75;2,866667;
1979-01-11;4,3;8,2;0;33;26;17,2;48,5;2,3;
1979-01-12;5,5;10;0;32,6;25,6;17,8;32,75;2,833333;
1979-01-13;2,9;12,1;0;34,2;26,36;17,1;35,5;3,066667;
1979-01-14;7,6;11,8;0;33,2;26,08;17,9;46,5;3,2;
1979-01-15;6,4;11,9;0;31,7;25,26;17,5;34,5;2,8;
1979-01-16;7,9;12,1;0;32,4;25,28;16,2;37;4,133333;
1979-01-17;7,9;12,3;0;33,6;25,86;15,9;35,75;3,966667;
1979-01-18;8,4;3,7;0;32,1;24,48;17,7;36,75;4,133333;
1979-01-19;8,4;3,2;0;30,1;23,5;15;32,5;5,566667;
1979-01-20;8,8;7,8;0;31,5;23,88;14,7;39;3,9;
1979-01-21;4;12,5;0;31,7;25,3;14,9;36,5;3,1;
1979-01-22;7,2;10,4;0;35;25,9;15,2;32,75;2,066667;
1979-01-23;7,8;0;0;30,4;23,32;20,9;86,5;1,9;
1979-01-24;null;null;null;null;null;null;null;null;
1979-01-25;4,8;10,7;0;36;28,24;20,5;44,75;3,2;
1979-01-26;7,7;9,9;0;37,3;29,04;22,3;43,25;3,666667;
1979-01-27;10,6;1,9;0;32;26,36;20,2;39,5;2,366667;
1979-01-28;7;12,8;0;28;22,06;17,4;32;5,2;
1979-01-29;9,1;10,2;0;29,2;20,74;10,4;27,5;1,366667;
1979-01-30;3;12,1;0;31,1;23,7;16,3;29,25;4,133333;
1979-01-31;9,9;12,3;0;29,9;23,22;12;28;3,9;
1979-02-01;9;12,2;0;32;24,3;15;37,75;2,9;
1979-02-02;5,6;11,8;0;35;26,94;16,9;31,25;1,933333;
1979-02-03;5,5;9,7;0;37,2;28,32;20,5;32,25;2,966667;
1979-02-04;10,9;11,4;0;36,7;28,64;19,3;null;2,533333;
1979-02-05;10,1;1,3;0;35,7;26,26;20,3;54;3,666667;
1979-02-06;null;null;null;null;null;null;null;null;
1979-02-07;null;null;null;null;null;null;null;null;
1979-02-08;6,2;9,4;0;29,9;24,02;16,3;52;2,766667;
1979-02-09;6,2;11,3;0;32,5;26,14;17,7;45;2,6;
1979-02-10;5,5;4,6;0;33,2;25,3;19,8;66,75;2,466667;
1979-02-11;4,1;1,4;1;33,2;25,16;19,1;60,75;3;
1979-02-12;4,5;,2;0;27,1;23,5;20,3;75,25;1,833333;
1979-02-13;3,2;11,7;,8;32,9;25,5;16,3;31,75;2,5;
1979-02-14;8,1;11,5;0;35;26,8;17,9;27,75;2,133333;
1979-02-15;8,4;9;0;33,1;25,82;18,5;38;4,433333;
1979-02-16;9,2;,9;0;29,4;21,8;18,1;70;3,733333;
1979-02-17;null;null;null;null;null;null;null;null;
1979-02-18;2;7,4;8,1;27,5;21,94;17,7;66,75;4,566667;
1979-02-19;3,8;9,4;1,8;28;22,14;16,3;53,75;3,2;
1979-02-20;4,2;7,3;0;26,3;20,7;14,9;52,25;2,9;
1979-02-21;3,8;11,6;0;27,2;20,78;13,8;40;4,4;
1979-02-22;null;null;null;null;null;null;null;null;
1979-02-23;2,5;5,6;0;28;22,48;17,3;65,75;3,8;
1979-02-24;3,8;9,2;0;30,2;24,1;18,4;55,75;1,533333;
1979-02-25;3,2;9;0;30,7;22,64;17,7;60,25;4,933333;
1979-02-26;5;10,6;0;31,9;24,6;15,5;34,25;1,666667;
1979-02-27;null;null;null;null;null;null;null;null;
1979-02-28;7;9,2;17,5;28,1;21,68;16,9;39;3,266667;
1979-03-01;6,1;11,2;0;24,2;17,72;9,2;28,75;2,466667;
1979-03-02;5,4;11,3;0;26,3;19,7;10,6;39,5;4,266667;
1979-03-03;6,6;8,7;0;31,3;23,58;13,7;54,25;4,5;
1979-03-04;5,9;4,6;0;32,4;25,88;18,9;58;4,666667;
1979-03-05;null;null;null;null;null;null;null;null;
1979-03-06;,8;8,1;4;30,6;24,1;18;70,5;3,033333;
1979-03-07;null;null;null;null;null;null;null;null;
1979-03-08;3;6,8;0;26,5;18,7;11,5;57;4,366667;
1979-03-09;3,5;,9;0;24;18,36;13,9;61;5,766667;
1979-03-10;4,5;5,1;0;25,4;19,48;13,2;51,25;4,366667;
1979-03-11;4,5;9,3;0;26;18,94;12,2;53,25;5,2;
1979-03-12;5,8;0;0;23;17,76;13,3;76,5;6,933333;
1979-03-13;3,2;0;,2;21,2;17,5;11,3;83,25;5,033333;
1979-03-14;null;null;null;null;null;null;null;null;
1979-03-15;null;null;null;null;null;null;null;null;
1979-03-16;3,4;6,7;0;26,7;20,02;13,3;62,25;2;
1979-03-17;2,5;4,3;0;27,9;20,88;13,8;60,25;2,366667;
1979-03-18;3,5;10,4;0;29;22,68;15,3;63;1,8;
1979-03-19;4;9,8;0;30;23,12;15,5;59;1,3;
1979-03-20;4,5;5,1;0;30,9;22,8;15,7;60,25;2,1;
1979-03-21;4,5;9,5;0;30,9;23,58;15,7;61;1,7;
1979-03-22;null;null;null;null;null;null;null;null;
1979-03-23;null;null;null;null;null;null;null;null;
1979-03-24;null;null;null;null;null;null;null;null;
1979-03-25;4,4;3,8;0;23,9;17,7;10,5;65,75;3,4;
1979-03-26;4,4;4;0;25;17,74;10,7;59,5;2,966667;
1979-03-27;4,9;1,8;0;24;17,68;11,4;65;2,466667;
1979-03-28;2,6;8,5;0;25,2;18,5;11,9;69,25;1,6;
1979-03-29;2,5;8,7;0;27;19,62;12;57,5;1,133333;
1979-03-30;3;10;0;27,1;19,9;13;52,75;2,466667;
1979-03-31;5;8,8;0;24,5;17,04;11,5;56,75;1,466667;
1979-04-01;3;7,4;0;26,4;19,82;12;54;1,7;
1979-04-02;4;1,1;0;27,8;20,48;12,6;59,5;2,533333;
1979-04-03;3,6;0;0;22,4;18,52;16,1;64,25;5,166667;
1979-04-04;null;null;null;null;null;null;null;null;
1979-04-05;null;null;null;null;null;null;null;null;
1979-04-06;null;null;null;null;null;null;null;null;
1979-04-07;3,5;8,6;0;19,3;13,8;6,1;64,5;1,966667;
1979-04-08;1,1;7,3;0;21,3;15,9;9,4;61,75;2,2;
1979-04-09;3,6;0;0;19,7;15,18;11,2;86,75;1,866667;
1979-04-10;1,2;0;4,5;19,2;15,86;13;86;,8;
1979-04-11;,8;9,7;0;21,4;16,16;11;62;2,8;
1979-04-12;2,8;9,6;0;20,5;14,2;7,6;68;3,833333;
1979-04-13;3,2;1,3;0;21,2;17,24;11,2;57,25;3,9;
1979-04-14;null;null;null;null;null;null;null;null;
1979-04-15;1;0;54;22,3;18,02;15,5;76;2,7;
1979-04-16;1,4;8;0;25,6;19,34;12;61,75;1,266667;
1979-04-17;1,5;2,5;0;21,1;18,8;16,2;84;1,066667;
1979-04-18;1;6,4;,7;25,2;20,02;16,4;66;3,133333;
1979-04-19;2;8,3;0;26,8;20,12;14,1;60,25;2,366667;
1979-04-20;3,1;8,6;1,4;25,5;19,4;14,5;62,5;1,466667;
1979-04-21;null;null;null;null;null;null;null;null;
1979-04-22;2,8;7,3;0;22,1;16,24;10,9;70;4,8;
1979-04-23;3,1;7,2;0;20,8;16,4;12,5;57;4,6;
1979-04-24;3,6;7,2;0;21,2;15,44;8,6;60,5;3,1;
1979-04-25;3,2;9,7;0;21,2;15,34;9,6;61,5;3,566667;
1979-04-26;2,8;8,9;0;20,5;14,5;8,6;70,25;2,3;
1979-04-27;2,4;8,6;0;22;15;8,4;61,75;2,466667;
1979-04-28;3;8,7;0;23,7;17,14;9,6;52,75;2,166667;
1979-04-29;3;,6;0;20,7;15,28;12,1;79;2,4;
1979-04-30;1,7;4,3;3,8;17,6;13,32;9,2;67,25;7,2;
1979-05-01;4;8,8;0;17;12,46;10,9;63,75;4,366667;
1979-05-02;2,5;6,8;0;19;12,7;7,6;55,5;1,233333;
1979-05-03;null;null;null;null;null;null;null;null;
1979-05-04;null;null;null;null;null;null;null;null;
1979-05-05;3,8;8,9;0;19,5;11,94;4,1;44,75;3,366667;
1979-05-06;3,3;7;0;21,3;13,88;6,1;43,75;1,466667;
1979-05-07;3,5;10,1;0;22,4;14,72;7,8;46,5;2,9;
1979-05-08;3,2;4,5;0;18,3;13,38;8,6;61;5,8;
1979-05-09;3,8;3;0;19,8;15,12;11,1;64;2,366667;
1979-05-10;1,9;7,9;0;20,2;13,12;7;70;2,133333;
1979-05-11;1,8;2,3;0;19,6;13,16;6,9;73;1,366667;
1979-05-12;1,3;5,5;0;21,1;14,6;9,4;63,75;3,7;
1979-05-13;2,5;5,3;0;19,9;13,06;8;68,5;3,433333;
1979-05-14;2,2;7,5;0;21,5;14,78;9;66;2,833333;
1979-05-15;2,1;5;0;20,5;14,38;7,6;72,75;3,133333;
1979-05-16;1,5;2,4;0;23,7;17,62;11,2;68,25;,733333;
1979-05-17;null;null;null;null;null;null;null;null;
1979-05-18;null;null;null;null;null;null;null;null;
1979-05-19;,6;10,1;0;20,4;12,74;6,2;47,25;2;
1979-05-20;null;null;null;null;null;null;null;null;
1979-05-21;5,4;6,3;0;24,6;17,76;11,6;75,25;3,5;
1979-05-22;null;null;null;null;null;null;null;null;
1979-05-23;2,2;7,1;0;13,9;9,24;5,8;53,5;1,233333;
1979-05-24;null;null;null;null;null;null;null;null;
1979-05-25;3,3;9,6;0;19,2;12,86;6,9;46,25;3,166667;
1979-05-26;4,4;9,1;0;14,5;9,86;7,9;41,5;4,433333;
1979-05-27;null;null;null;null;null;null;null;null;
1979-05-28;null;null;null;null;null;null;null;null;
1979-05-29;null;null;null;null;null;null;null;null;
1979-05-30;null;null;null;null;null;null;null;null;
1979-05-31;null;null;null;null;null;null;null;null;
1979-06-01;null;null;null;null;null;null;null;null;
1979-06-02;4,8;9,7;0;20,5;13,56;5,9;45,25;3,766667;
1979-06-03;6,9;9,3;0;21,9;14,78;9,4;51,5;3,133333;
1979-06-04;4,6;1;3,4;16,2;13,2;11,8;59,75;2,866667;
1979-06-05;2,7;9,7;,3;12,7;5,44;,5;48,5;2,266667;
1979-06-06;null;null;null;null;null;null;null;null;
1979-06-07;null;null;null;null;null;null;null;null;
1979-06-08;null;null;null;null;null;null;null;null;
1979-06-09;4,2;9,4;0;15,8;8,18;2;50,75;1,366667;
1979-06-10;null;null;null;null;null;null;null;null;
1979-06-11;null;null;null;null;null;null;null;null;
1979-06-12;,6;9,5;1,9;17;10,14;4;56,5;2,9;
1979-06-13;null;null;null;null;null;null;null;null;
1979-06-14;null;null;null;null;null;null;null;null;
1979-06-15;null;null;null;null;null;null;null;null;
1979-06-16;null;null;null;null;null;null;null;null;
1979-06-17;null;null;null;null;null;null;null;null;
1979-06-18;null;null;null;null;null;null;null;null;
1979-06-19;3,4;8,5;0;24,7;18;11,4;73,5;2,2;
1979-06-20;null;null;null;null;null;null;null;null;
1979-06-21;1,5;6,8;,2;26,5;18,64;12;67;3,333333;
1979-06-22;4,2;8;0;26,2;17,48;12,4;61,75;3,033333;
1979-06-23;7,1;5;1,2;20,8;15,84;14;76,25;3,866667;
1979-06-24;null;null;null;null;null;null;null;null;
1979-06-25;null;null;null;null;null;null;null;null;
1979-06-26;3,7;9,7;0;18,5;9,9;3,2;51,5;,433333;
1979-06-27;2,8;9,1;0;19,6;11,24;2,4;47,5;1,366667;
1979-06-28;4,1;7,8;0;19,5;12,5;3,5;77,25;1,8;
1979-06-29;null;null;null;null;null;null;null;null;
1979-06-30;1,4;5,4;0;21,5;13,16;8,1;88;2,8;
1979-07-01;2,1;0;0;13,7;12,42;9,4;95,5;4,366667;
1979-07-02;null;null;null;null;null;null;null;null;
1979-07-03;1,1;1,3;,3;14,4;12,26;10,1;89,5;3,866667;
1979-07-04;1;1,5;0;14,8;9,4;5,7;87;3,966667;
1979-07-05;null;null;null;null;null;null;null;null;
1979-07-06;null;null;null;null;null;null;null;null;
1979-07-07;null;null;null;null;null;null;null;null;
1979-07-08;,4;6,2;0;15,3;10,5;8,9;68,25;3,4;
1979-07-09;null;null;null;null;null;null;null;null;
1979-07-10;1,6;9,4;0;16,8;10,04;4;73,25;2,933333;
1979-07-11;2,2;9,6;0;18,4;11,14;4;79,75;1,466667;
1979-07-12;2;9,5;0;20,4;12,38;5;68,25;3,033333;
1979-07-13;null;null;null;null;null;null;null;null;
1979-07-14;null;null;null;null;null;null;null;null;
1979-07-15;,4;7,8;3,2;14,2;10,3;8,1;62;5,866667;
1979-07-16;null;null;null;null;null;null;null;null;
1979-07-17;null;null;null;null;null;null;null;null;
1979-07-18;null;null;null;null;null;null;null;null;
1979-07-19;null;null;null;null;null;null;null;null;
1979-07-20;null;null;null;null;null;null;null;null;
1979-07-21;null;null;null;null;null;null;null;null;
1979-07-22;null;null;null;null;null;null;null;null;
1979-07-23;3;9,7;0;19,3;12,08;4,1;72,75;2,8;
1979-07-24;null;null;null;null;null;null;null;null;
1979-07-25;null;null;null;null;null;null;null;null;
1979-07-26;1,8;5,3;0;18,7;14,86;13,6;87;5,333333;
1979-07-27;1,3;6,1;0;28,8;19,62;11,1;null;4,2;
1979-07-28;null;null;null;null;null;null;null;null;
1979-07-29;null;null;null;null;null;null;null;null;
1979-07-30;null;null;null;null;null;null;null;null;
1979-07-31;11,5;9,3;0;29,3;20,72;13,9;null;5,133333;
1979-08-01;null;4,9;0;29,2;22,52;17,1;55;null;
1979-08-02;null;0;0;25,2;18,16;13,9;84;null;
1979-08-03;3;0;29,3;14,7;13,44;11,5;98,75;5,233333;
1979-08-04;,3;1,8;28;15,7;13,24;11,7;90;4,4;
1979-08-05;,7;,2;0;15,8;13,16;11,8;86,25;3,066667;
1979-08-06;1,7;0;3,4;18,5;16,48;11,3;92,5;4,233333;
1979-08-07;null;5,2;3,1;null;12,42;7,4;81,5;null;
1979-08-08;null;,7;0;14,2;12,24;7,9;93,75;null;
1979-08-09;null;4,7;17,7;22,7;17,66;12,2;90,25;null;
1979-08-10;null;0;0;null;15,62;13,9;92,5;null;
1979-08-11;null;0;0;null;10,94;9,2;86,25;null;
1979-08-12;null;,4;0;10,5;7,7;2,4;85,75;null;
1979-08-13;null;5,3;0;17,9;12,02;5,6;81,75;null;
1979-08-14;null;5,1;0;18,4;13,36;9,2;87;null;
1979-08-15;null;4,1;0;18,5;12,8;7;89;null;
1979-08-16;,7;0;0;15,5;12,36;7,3;95;2,9;
1979-08-17;,5;0;15,3;16;14,62;11,4;95,75;2,666667;
1979-08-18;null;,1;,9;18;15,94;14,1;88,25;null;
1979-08-19;,8;6,3;0;18,7;14,7;11,2;86,75;1,166667;
1979-08-20;null;9,3;0;19,8;14,98;9,2;74,5;null;
1979-08-21;null;8,1;0;25,7;17,84;10,8;69,5;null;
1979-08-22;3,1;7,4;0;26,1;18,98;11,4;71,25;,766667;
1979-08-23;2,1;7,4;0;23,7;17,88;14,3;70;2,633333;
1979-08-24;2,5;7;0;24,3;17,7;12,2;73,75;4,3;
1979-08-25;null;0;20,4;null;15,46;12,4;89,75;null;
1979-08-26;1;10,4;14,2;19,5;14,1;10;53,25;2,866667;
1979-08-27;3,6;7,5;0;19,4;13,7;6,2;68,5;4,733333;
1979-08-28;4,4;,4;1,6;16;11,32;9,7;58,25;2,566667;
1979-08-29;null;7,7;0;14;8,76;3,7;56,75;null;
1979-08-30;null;,8;0;13,8;10,38;3;67;null;
1979-08-31;null;,9;0;14,9;11,46;9,5;84,25;null;
1979-09-01;2,4;7,6;0;16,7;10;4,2;35;4,633333;
1979-09-02;null;10,6;0;16,1;9,98;3,7;44,5;null;
1979-09-03;3,9;10;0;19,4;11,58;4,4;46,5;2,1;
1979-09-04;4,4;10,2;0;13,1;7,9;2,4;53;4,3;
1979-09-05;null;10,2;0;15,4;9,08;,5;61;null;
1979-09-06;3;10,1;0;18,4;11,34;4;62,25;2,966667;
1979-09-07;3,8;8;0;21;13,58;4,3;63;3,033333;
1979-09-08;3,3;7,8;0;21,9;15,1;8;71,5;3,8;
1979-09-09;3,9;4,4;0;21;15,78;10,9;70;4,466667;
1979-09-10;null;1;,9;18,9;15,26;12;85,25;null;
1979-09-11;2,1;5,5;0;22;17,16;11,4;67,5;1,866667;
1979-09-12;2,2;2,8;0;22,5;17,02;11,2;71,75;1,7;
1979-09-13;null;0;18,8;null;13,22;11;88;null;
1979-09-14;null;10,6;2,8;16,5;10,52;3,8;55,75;null;
1979-09-15;2,2;10,3;0;19;12,4;4,8;55,25;1,433333;
1979-09-16;4;10,8;0;16,4;10,62;5;36,25;4,433333;
1979-09-17;6,5;7,6;0;13,9;9,12;4,2;62;3,133333;
1979-09-18;null;5,5;0;11,8;7,68;2,4;60,5;null;
1979-09-19;null;10,8;0;13,9;8,2;1,4;50,75;null;
1979-09-20;null;10,6;0;19,4;11,62;3,2;47,5;null;
1979-09-21;5,3;9,8;0;25,7;16,66;7,4;49,75;2,4;
1979-09-22;3,3;6,8;0;24,8;17,76;10,2;62;1,766667;
1979-09-23;5,4;9,9;0;28,1;20,8;12,6;68,5;3,3;
1979-09-24;5,5;,1;0;25,5;19,66;15,9;90;4,733333;
1979-09-25;1,4;0;35,3;20;17,52;14,9;90,5;3,633333;
1979-09-26;1,8;8,2;0;31,4;23,62;14,7;71,75;5,366667;
1979-09-27;6,4;3,7;0;26,8;17,46;13,6;91;4,166667;
1979-09-28;,8;0;41,6;15;12,74;10,3;98,5;2,933333;
1979-09-29;,7;,4;36,2;16,4;13,2;11;93,5;4,466667;
1979-09-30;,7;,4;0;17;13,64;9,6;90,25;4,066667;
1979-10-01;1,3;3,3;0;20;15,18;10,2;85,25;3,566667;
1979-10-02;2,5;6;0;20,5;15,82;10,9;81,75;5,7;
1979-10-03;2,5;0;0;18,8;16,7;12,5;96;3;
1979-10-04;,2;0;3,3;19,2;17,9;14,3;93;5,066667;
1979-10-05;,9;0;20,9;19;17,86;16,2;94,75;4,633333;
1979-10-06;,6;0;17;19,8;17,24;14,8;96,5;1,866667;
1979-10-07;,6;3,7;0;18;14,7;11;83,75;4,833333;
1979-10-08;2;11,2;0;24,5;17,66;9,5;57;1,8;
1979-10-09;3,7;10,8;0;22,1;16,7;11,2;69;2,9;
1979-10-10;3,5;9,6;0;23,6;17,92;11,9;63,25;3,3;
1979-10-11;4,5;10,1;0;24;18,08;11,2;71,75;3,8;
1979-10-12;3,5;0;0;21,4;17,56;11,7;85,25;3,466667;
1979-10-13;,5;1,1;0;21,8;18,86;15,8;85;3,166667;
1979-10-14;3;5,7;0;21,9;17,62;14,3;74;6,166667;
1979-10-15;3,6;10,3;0;21,8;15,08;11,7;55,5;4,266667;
1979-10-16;3,4;12;0;22,1;15,64;7,9;54,5;2,1;
1979-10-17;3,9;12,1;0;25,9;19,06;10,3;52,5;3,633333;
1979-10-18;6,7;6,5;0;20,1;14,56;10,9;54,5;5,033333;
1979-10-19;5,2;10,5;0;20,4;14,3;7,3;63;4,1;
1979-10-20;3,5;11,3;0;24,5;17,88;8,5;60,25;5,433333;
1979-10-21;1,7;1;0;24,7;18,22;10,9;85,75;3,266667;
1979-10-22;3;0;0;21;17,1;12,2;95,75;3,2;
1979-10-23;2,2;9;35,9;22,3;18,06;11,2;66;2,3;
1979-10-24;null;2,6;4;21,5;17,46;13,6;92,25;null;
1979-10-25;3;7;1,5;24,3;19,84;13,2;73,25;1,633333;
1979-10-26;1,8;7,5;0;26;20,06;13,8;72,75;1,966667;
1979-10-27;null;7;0;29,5;22,48;15,6;77;null;
1979-10-28;null;0;22,5;null;19,24;15,8;88,75;null;
1979-10-29;2,9;4,9;0;26,5;20,88;15,6;86;2;
1979-10-30;2,7;9,5;,6;22;18;16;50,25;4,266667;
1979-10-31;4;11,7;0;25,3;18,56;9;52,75;2,766667;
1979-11-01;5,3;12,2;0;27,4;21,48;12,9;42,75;2,133333;
1979-11-02;5,8;9,9;0;30,5;22,22;11,7;49,5;2,7;
1979-11-03;5,8;4,5;0;25;19,82;16,7;68;3,133333;
1979-11-04;5,2;10,9;0;27,1;20,36;12,8;51,5;3,933333;
1979-11-05;5,9;9,5;0;28,2;22,36;13,1;72,25;4,5;
1979-11-06;null;null;null;null;null;null;null;null;
1979-11-07;1,5;0;0;20,9;18,34;15,7;95,75;4,966667;
1979-11-08;2;5,5;50;19,5;15,68;14,2;63;5,8;
1979-11-09;null;null;null;null;null;null;null;null;
1979-11-10;1,4;11,4;3,5;24,4;15,28;7,2;62,5;3,066667;
1979-11-11;null;null;null;null;null;null;null;null;
1979-11-12;null;null;null;null;null;null;null;null;
1979-11-13;5,6;4,3;0;27;20,04;13,9;52,5;1,2;
1979-11-14;5,7;8,3;0;21;15,62;11,4;56,75;5,9;
1979-11-15;6,5;1,9;0;20,5;15,18;7,1;68,75;6;
1979-11-16;1,2;1,3;2,8;22,4;18,64;13,1;93,5;3,633333;
1979-11-17;null;null;null;null;null;null;null;null;
1979-11-18;2;4,9;31;21,7;17,46;14,7;74;3,4;
1979-11-19;4,7;5,6;0;20,4;16,1;10,9;66,25;2,366667;
1979-11-20;2,3;0;0;21,6;16,52;9,4;74,25;2;
1979-11-21;3,3;7,4;0;24,5;19,4;12,6;70,5;2,6;
1979-11-22;2,7;12,2;,3;27,1;21,24;13,4;58,5;2,566667;
1979-11-23;1,3;11;0;27,4;22,26;16,4;58,75;3,733333;
1979-11-24;,9;3,4;2,6;23,5;18,04;13,2;58,75;3,133333;
1979-11-25;null;null;null;null;null;null;null;null;
1979-11-26;null;null;null;null;null;null;null;null;
1979-11-27;,8;13;0;24;17,68;10,2;45;3,433333;
1979-11-28;,7;12;0;28;21,38;12,4;40,75;3,233333;
1979-11-29;1,7;11;0;29,5;22,72;14,4;46;3,033333;
1979-11-30;2,4;6,1;0;30,6;23,22;16,6;78,25;1,5;
1979-12-01;1,6;3,3;2;26,8;20,9;16,2;60;5,133333;
1979-12-02;2;3,7;0;26,9;19,34;11,6;64,25;4,966667;
1979-12-03;null;null;null;null;null;null;null;null;
1979-12-04;3;0;3,4;21,5;18,52;14,6;82;3,533333;
1979-12-05;2,5;0;0;25,9;21,32;14,5;70;4,466667;
1979-12-06;3,5;2,6;4,7;26;20,92;17,8;92;3,466667;
1979-12-07;2;5;71,6;27,9;23,88;17,3;84,25;3,133333;
1979-12-08;2,5;9,2;0;30,3;23,34;20,1;85,25;2,733333;
1979-12-09;2,9;4,8;20,5;30,3;23,6;17,1;74,25;3,366667;
1979-12-10;null;null;null;null;null;null;null;null;
1979-12-11;3;11,4;0;33,4;26,84;19;71,75;2,966667;
1979-12-12;5,5;5,2;0;34,3;25,12;20,8;86,5;2,233333;
1979-12-13;2,2;0;4;25,4;22,9;18,2;95;,933333;
1979-12-14;3;10,5;1,2;30,3;22,3;18,3;83,5;4,466667;
1979-12-15;1,8;9,7;3,9;21,6;17,08;12,9;55,5;6,2;
1979-12-16;7,4;12,7;0;22,1;16,84;8,7;56,75;3,933333;
1979-12-17;5;9;0;23,9;19,68;11,2;63;2;
1979-12-18;3,5;11,4;0;27,6;22,46;14,2;56,5;2,133333;
1979-12-19;5,8;10,7;0;30,5;23;14,2;70,5;3,366667;
1979-12-20;6;12,1;0;30;25,22;17,8;51,75;1,1;
1979-12-21;3,3;12,5;0;30,5;25,1;18,8;49;4,033333;
1979-12-22;3;8,4;0;26,4;19,88;15,9;58,25;5,533333;
1979-12-23;7,6;11,6;0;25,4;18,86;11,7;55;4,4;
1979-12-24;3,6;12,4;0;26,1;20,06;11,7;55,5;2,633333;
1979-12-25;3;12;0;27;21,34;12,8;50,25;2,166667;
1979-12-26;3,1;9,1;0;28,8;22,22;13,6;52,75;3,133333;
1979-12-27;null;null;null;null;null;null;null;null;
1979-12-28;9;11,8;0;30,3;24,3;16,1;55,5;2,166667;
1979-12-29;4;6,2;0;32,5;22,92;16,8;74,5;1,5;
1979-12-30;null;null;null;null;null;null;null;null;
1979-12-31;null;null;null;null;null;null;null;null;
1980-01-01;null;11,3;0;22,3;16,54;8,2;55,25;null;
1980-01-02;3,8;12,2;0;25,3;19,46;10,2;52;2,533333;
1980-01-03;5;12,6;0;28,3;21,86;12,7;45,25;1,3;
1980-01-04;null;12,6;0;30;23,4;14,7;43,75;null;
1980-01-05;null;7,7;0;29,7;23,62;15,1;54,75;null;
1980-01-06;6,8;7;13,1;29,5;22,68;18,4;78,5;3,033333;
1980-01-07;3,2;11,4;,2;32;26,02;17,8;55,5;1,3;
1980-01-08;null;8,2;0;31,7;24,56;19,4;59;null;
1980-01-09;4,6;10,4;1;31,5;22,68;15,7;62,25;2,566667;
1980-01-10;null;11,2;0;31,4;23,22;16;59,5;null;
1980-01-11;null;12,7;1;30;24,52;18,3;43,5;null;
1980-01-12;6;12,6;0;30;22,94;15,2;51;2,866667;
1980-01-13;6,5;12,8;0;31;24;15,7;55,5;2,8;
1980-01-14;6;11,1;0;31,1;24,04;14,2;47,75;4,333333;
1980-01-15;10,3;12,7;0;31;23,62;14,6;50;3,666667;
1980-01-16;6;12,6;0;31,5;25,08;16,6;46,75;1,966667;
1980-01-17;6,6;12,3;0;33,5;26,1;18,1;44,25;2,066667;
1980-01-18;null;9,1;0;34;26,52;19,5;60,75;null;
1980-01-19;null;11,6;3,4;34;26,16;17,3;38,75;null;
1980-01-20;null;12,3;0;29;23,04;15,9;44;null;
1980-01-21;5,5;10,5;0;32,5;24,82;15,3;34,75;1,433333;
1980-01-22;9;9,4;0;36;27,78;15,2;29,5;4,1;
1980-01-23;8;5,8;0;34,5;26,46;19,3;53,5;5,566667;
1980-01-24;10,5;7,8;0;27,4;21,28;17,1;32,5;4,166667;
1980-01-25;9,2;12,7;0;27;19,92;11,3;38;2,133333;
1980-01-26;6;12,7;0;31,2;23,3;13,4;39;2,733333;
1980-01-27;4;7,2;0;33,5;24,62;15,7;49;3,666667;
1980-01-28;9;11,8;0;29;22,76;15,3;48,75;3,866667;
1980-01-29;6,4;11,4;0;32;24,78;15,1;44,75;3,3;
1980-01-30;6,8;9,4;0;34,3;26,54;18,1;50;3,433333;
1980-01-31;7;7,5;0;27,3;23,74;19,5;57,5;3,766667;
1980-02-01;null;11,3;0;29;23,04;17,4;43,25;null;
1980-02-02;5,9;10,2;0;34,5;23,32;13;59,75;2,4;
1980-02-03;6;10,9;0;32,8;25,32;17,1;47,75;1,7;
1980-02-04;7;6,4;0;31,5;23,06;19,1;75,25;3,5;
1980-02-05;3,5;0;33,5;26;22,12;19,9;80,5;2,933333;
1980-02-06;1,5;12,4;0;30,5;24,08;15,9;48;1,733333;
1980-02-07;7,6;9,9;0;30;22,54;15,2;40,75;2,8;
1980-02-08;6,4;12,3;0;28,6;22,74;13,8;36,5;1,633333;
1980-02-09;7;12;0;34,8;26,66;16,8;45,75;4,466667;
1980-02-10;1,1;0;26,3;29,8;20,64;15;84;4,133333;
1980-02-11;4,1;1;8;27;20,28;13,1;50,25;1,733333;
1980-02-12;3,9;11,5;0;32,4;24,98;15,3;41;1,4;
1980-02-13;5;11,9;0;32,4;23,96;15,1;51,75;3,766667;
1980-02-14;5,6;10,4;0;31,7;25;15,8;49,25;2;
1980-02-15;null;8,2;0;34,3;25,96;20,1;58,5;null;
1980-02-16;4,1;0;,2;25,5;22,26;19,3;74,75;,833333;
1980-02-17;4,4;8,2;43,2;26,4;21,42;18;69,25;4,4;
1980-02-18;2,1;1,8;0;26,5;19,98;13,3;49,75;4,166667;
1980-02-19;7,8;11,7;0;24,7;20,52;13;46,25;3,7;
1980-02-20;9,2;0;0;26,5;20,68;13,4;54,75;3,633333;
1980-02-21;13,1;0;0;27,3;21,02;13,3;67,75;3,766667;
1980-02-22;3,1;8,4;0;27,5;22,5;16,5;61,25;2,333333;
1980-02-23;1,1;0;12,2;26;21,76;18,1;74,25;1,9;
1980-02-24;1,1;0;7,2;24,1;21,02;18,3;80,25;3,133333;
1980-02-25;1;5,1;5,5;28,5;22,96;17,6;60;2,2;
1980-02-26;,9;9,3;0;29,6;24,34;17,4;59,5;,833333;
1980-02-27;1;11,9;0;32;22,18;11,3;50;1,566667;
1980-02-28;1;10;0;32,5;26,18;19,1;54,25;1,766667;
1980-02-29;1;11;0;32,5;27;20,4;55,5;2,433333;
1980-03-01;1,8;4,4;0;28,5;24,46;18,9;68,75;2,033333;
1980-03-02;,8;2,3;34,8;27,2;22,74;19,4;74;2,266667;
1980-03-03;null;,2;0;null;20,76;18;83,5;null;
1980-03-04;,2;8,1;,2;29,5;23,98;18,1;72,25;1,9;
1980-03-05;1,1;9,9;0;33;26,6;19,8;66,75;2,533333;
1980-03-06;2;0;21,5;27,6;21,14;17;80,75;2,8;
1980-03-07;2,1;4,2;20,5;27;22,3;18,1;77;3,133333;
1980-03-08;2,1;8,2;0;28,6;23,62;18,6;63,75;1,3;
1980-03-09;3;8,8;0;31,5;24,84;17,5;65,25;1,1;
1980-03-10;,8;3;0;32,1;23,84;17,5;82,25;2,233333;
1980-03-11;1,1;0;20,6;24,7;22;18,2;86,5;2,166667;
1980-03-12;2,9;0;0;25,4;21,94;19,6;83,25;3,066667;
1980-03-13;1;9,1;9,7;26,1;21,34;17,1;73,5;1,866667;
1980-03-14;1,3;10,9;0;27;21,74;16,1;59,25;2,566667;
1980-03-15;2,3;10,7;0;27,8;23;15,5;70;3,666667;
1980-03-16;2,7;9,1;0;29;23,2;15,4;69,5;1,5;
1980-03-17;2;10,6;0;28;23,52;18,1;65,75;2,4;
1980-03-18;4,2;7,7;0;29,9;24,38;20,1;70,75;2,066667;
1980-03-19;null;10,6;0;33,9;26,64;18,8;65,75;null;
1980-03-20;6,5;8,2;0;34;26,96;18,8;59,75;1,633333;
1980-03-21;5,8;10,7;0;33,1;27,26;20,1;60,5;1,133333;
1980-03-22;null;10,2;0;34;28,14;22,4;54,5;null;
1980-03-23;null;9,2;0;34,4;28,36;22,5;54,75;null;
1980-03-24;8,2;7,8;0;33,9;26,86;21,7;68,25;4,533333;
1980-03-25;5,5;,5;0;25,7;21,22;19,3;86,5;3,966667;
1980-03-26;,9;1,3;23;24,5;21,66;18,1;87,25;2,466667;
1980-03-27;4;0;13;22,5;21,04;19;88;2,2;
1980-03-28;2;3,3;6,6;25,5;21,4;18,8;81,5;3,4;
1980-03-29;3,3;7,2;0;26,7;20,62;17,5;77,25;3,566667;
1980-03-30;3;10,3;0;23,5;17,64;10,9;62,5;3,3;
1980-03-31;3,9;9,8;0;25;18,88;11,9;65,25;3,766667;
1980-04-01;1,5;3;0;25;20,22;12,9;78,75;2,833333;
1980-04-02;1;1,6;2,2;24,4;19,64;12,9;78,5;3,066667;
1980-04-03;1,3;10,2;0;28,5;22,06;15,3;69,25;2,733333;
1980-04-04;2,1;6,7;0;29,5;22;17,4;76,75;1,8;
1980-04-05;3;9,5;2;28,9;22,14;16,9;72,5;1,666667;
1980-04-06;2,9;6,6;0;27,9;22,46;16,9;74,25;1,466667;
1980-04-07;2;6,1;0;25,5;20,92;16,8;68,25;4,133333;
1980-04-08;1,8;3,9;0;25,7;20,34;16,4;80,75;2,8;
1980-04-09;1,9;8,3;3,1;28,7;22,3;16,4;76,5;1,433333;
1980-04-10;2,3;2,3;4,5;28,9;23,92;19,4;81;5,533333;
1980-04-11;3;2,4;4;29,9;22,72;19,4;81,5;6,833333;
1980-04-12;null;0;87,1;null;14,54;12,3;77,5;null;
1980-04-13;,5;7,7;3,5;17,3;11,66;6,1;53,25;2,733333;
1980-04-14;1,4;9,8;0;17,1;11,24;7,6;48,75;3,2;
1980-04-15;1;9,7;0;18,1;11,08;3,2;45,5;1,4;
1980-04-16;2,1;7,6;0;20;13,22;5,6;54,5;1,933333;
1980-04-17;null;4,2;0;20,2;15,52;7,9;79,5;null;
1980-04-18;null;,4;17,5;24;19,94;16,1;84,25;null;
1980-04-19;null;,6;95;21,7;19,66;16,3;88,5;null;
1980-04-20;null;0;111;24,6;20,64;17,1;88;null;
1980-04-21;2;7,2;0;29;22,68;17,3;79,5;3,1;
1980-04-22;1,7;10,1;0;30;22,56;17,3;70,25;2,266667;
1980-04-23;1,6;5;0;30,4;24,24;16,9;67,25;5,633333;
1980-04-24;2,1;9,7;0;30,2;24,6;18,9;66,5;3,233333;
1980-04-25;3;9,7;0;30,7;25,04;19,9;62,5;2,266667;
1980-04-26;3,1;7,2;0;27,3;20,92;14,6;74,25;2,4;
1980-04-27;3,9;8,2;0;28,3;22,06;15,5;65;2,066667;
1980-04-28;1;7,4;0;28,4;21,58;15,6;69;2,233333;
1980-04-29;2,1;6;0;28,9;21,9;15,8;64;3,533333;
1980-04-30;null;0;1,6;null;15,5;13,2;81,75;null;
1980-05-01;null;3,9;4,7;16,4;13,32;7,1;65,5;null;
1980-05-02;1;4,3;0;16,8;10,88;6,7;68,75;3,1;
1980-05-03;2;8,8;0;15,1;9,98;6,9;69,25;2,933333;
1980-05-04;null;10,3;0;17;10,58;4,7;63;null;
1980-05-05;3;7,2;0;18,7;11,94;4,4;69;,933333;
1980-05-06;3,5;5,7;0;20,9;13,44;8,1;68,25;1,866667;
1980-05-07;2,8;,3;0;17,5;13,24;6,2;79;1,8;
1980-05-08;1,9;,1;0;19;14,84;6,4;93,75;2,066667;
1980-05-09;null;0;,4;19;17,16;14,1;92,25;null;
1980-05-10;1;3,4;18;23,4;18,46;15,1;89,5;1,866667;
1980-05-11;1,2;7,2;0;26;19,22;12,1;78,25;2,633333;
1980-05-12;3;9,1;0;29,3;21,48;12,4;80,75;4,2;
1980-05-13;4,5;9,7;0;29,4;23,28;17,7;76,75;3,366667;
1980-05-14;7,2;8,9;0;29,3;22,16;15,6;74,5;2,666667;
1980-05-15;null;1,5;0;null;19,94;18,5;84,5;null;
1980-05-16;1,5;0;2;18,5;15,74;14,6;93,75;3,033333;
1980-05-17;,5;3,2;1;19,9;16,76;11,9;87;1,8;
1980-05-18;1,5;,4;0;21,5;17,96;14,9;91;2,166667;
1980-05-19;2,6;2,2;1,7;23,6;18,68;16,3;90;1,4;
1980-05-20;3;1,8;0;24,5;19,42;13,2;87;2,633333;
1980-05-21;null;1;3;null;17,9;16,4;95,25;null;
1980-05-22;2,3;7,6;1,9;20,8;15,82;14,1;79;1,033333;
1980-05-23;2,3;9,7;0;21,5;15,1;9,4;80;4,033333;
1980-05-24;2;6,9;0;22,5;15,08;8,7;83,25;1,766667;
1980-05-25;2,7;2,6;0;18,7;14,5;10,4;88,25;1,4;
1980-05-26;3,2;5,1;0;22,5;16,34;10,6;84,25;3,633333;
1980-05-27;2,2;9,2;0;26,5;18,72;10,6;60;4,3;
1980-05-28;null;7;0;26,4;19,78;15,8;78,75;null;
1980-05-29;2,2;4,7;0;22,5;17,52;13,1;85,25;3,366667;
1980-05-30;null;3,8;1;23,5;20,1;17,1;88,5;null;
1980-05-31;null;,4;0;null;16,82;14,6;92,75;null;
1980-06-01;null;6,7;27,6;15,6;9,58;6,6;62;null;
1980-06-02;null;7,4;0;13,5;7,5;1;70,5;null;
1980-06-03;null;8,8;0;null;4,04;,4;71,75;null;
1980-06-04;null;9,2;0;10,4;4,2;-1,6;70,5;null;
1980-06-05;null;9,5;0;16,6;8,86;,8;63,5;null;
1980-06-06;null;0;,2;15,6;13,5;9,3;82,5;null;
1980-06-07;null;1,9;0;25;18,26;14,1;69;null;
1980-06-08;2;7,6;0;27,3;18,84;11,1;59;3,566667;
1980-06-09;3,9;4;0;25,3;19,64;12,6;68,75;2,6;
1980-06-10;1;,8;0;23,3;18,48;12,7;85,5;2,6;
1980-06-11;1,9;0;12,5;18,3;14,88;11,9;91;3,4;
1980-06-12;null;0;41,5;null;14,72;13;94;null;
1980-06-13;2,9;,7;31,4;13;10,18;8;87,25;4,666667;
1980-06-14;null;8,6;,5;12,9;8,12;4,9;82;null;
1980-06-15;null;9;0;14,7;9,02;3,2;75,5;null;
1980-06-16;1,3;6,4;0;19,3;12,4;4,4;73,75;1,733333;
1980-06-17;null;5,1;0;24,1;16,18;10,4;72,25;null;
1980-06-18;1,3;0;0;18,2;15,72;10,4;91;2,433333;
1980-06-19;2,5;4;12,3;16,9;9,42;7,1;62;6,066667;
1980-06-20;null;,6;0;14;8,86;2,5;79,25;null;
1980-06-21;null;7;0;17,3;11,66;4,6;73;null;
1980-06-22;null;5,4;0;17,7;12,38;8,2;81,25;null;
1980-06-23;3;7;0;18,5;12,24;6,5;75,5;4,4;
1980-06-24;3,2;0;0;13,6;11,3;6,5;94,25;2,533333;
1980-06-25;3,3;6,9;33,5;12,2;7,32;4,2;65,5;3,766667;
1980-06-26;null;3,7;0;7,5;4,26;2,4;82,5;null;
1980-06-27;null;8,5;0;12;5,52;-1,4;59,5;null;
1980-06-28;null;9,2;0;18,9;10,86;1,4;60,5;null;
1980-06-29;null;3;12;22;17,58;9,4;75,75;null;
1980-06-30;1,7;0;0;19,7;9,9;6,3;88,25;6,166667;
1980-07-01;null;3;0;9,1;12,46;,8;61,5;null;
1980-07-02;null;9,5;0;8,6;3,42;-1,7;69,75;null;
1980-07-03;null;9,1;0;9,9;4,48;-3;73,5;null;
1980-07-04;null;,4;0;12,6;8,78;3,3;91,25;null;
1980-07-05;null;4,1;0;14,4;11,42;4,8;88;null;
1980-07-06;null;,2;,1;17,1;14,52;10,9;90,5;null;
1980-07-07;2,2;,2;0;18,4;16,84;12,7;90;4,966667;
1980-07-08;null;5,4;13;null;10,86;8,4;81,25;null;
1980-07-09;null;9,6;,7;14,6;8,52;3,4;62,25;null;
1980-07-10;null;8,4;0;14,8;8,32;2,5;70;null;
1980-07-11;null;2,9;0;10,2;6,1;1,1;94,25;null;
1980-07-12;null;3,6;,2;11;5,3;-2,1;94,25;null;
1980-07-13;null;,6;0;20,4;14,26;5,4;90,25;null;
1980-07-14;1,5;8,2;7,3;17,9;7,32;3,6;52,25;5,033333;
1980-07-15;null;3,4;0;11,5;5,34;-2,4;42,5;null;
1980-07-16;null;3,6;0;16,7;8,42;1;67;null;
1980-07-17;null;5,6;0;18,6;11,44;5,7;66;null;
1980-07-18;2,2;4,5;0;19,3;13,24;3,9;76;3,466667;
1980-07-19;2,3;8,1;0;27,3;19,26;11,6;70,75;2,866667;
1980-07-20;2,9;2,2;24;21,2;11,7;8,1;87,25;2,166667;
1980-07-21;null;9,1;29;18;11,2;4,9;41;null;
1980-07-22;2,3;9,5;0;20;12,78;4,9;54;3,133333;
1980-07-23;3,7;9,4;0;18,5;12,16;5,9;58;2,4;
1980-07-24;2,1;8,1;0;22,2;14,24;6;65,5;4,2;
1980-07-25;null;6,1;0;26,5;18,48;11,4;64,5;null;
1980-07-26;,6;,6;2;18,9;15,42;14;90,25;3,866667;
1980-07-27;1,9;6,6;19,4;17,1;10,96;5,4;63,25;1,933333;
1980-07-28;1;2,6;,7;18,4;12,06;5,6;87,5;2,333333;
1980-07-29;,9;,4;,8;13,1;7,54;5,7;60,25;4,533333;
1980-07-30;null;10,2;0;8,3;3,3;-,8;56;null;
1980-07-31;null;6,5;0;11,5;5,08;-2,4;47,25;null;
1980-08-01;null;8,3;0;15,9;9,22;1,4;44,5;null;
1980-08-02;null;0;0;15,6;10,9;6,4;73,25;null;
1980-08-03;null;0;0;16,8;14,44;9,8;85,25;null;
1980-08-04;,7;0;5,4;17,9;15,82;10,5;92,5;2,633333;
1980-08-05;1,5;0;38,3;16,4;15,64;14;93;2,833333;
1980-08-06;3,1;0;47,2;16;13,24;9,8;86,25;2,3;
1980-08-07;2;6,9;0;20;13,2;8,2;80,5;3,266667;
1980-08-08;1,9;10;0;19,1;9,9;2,2;54,75;1;
1980-08-09;1;8,4;0;20,3;12,66;2,7;61;3,466667;
1980-08-10;1,4;8,9;0;24,5;15,3;8;72,75;2,5;
1980-08-11;3;9,7;0;16,4;11,18;7,4;53,5;2,466667;
1980-08-12;1,1;9,4;0;15,1;9,3;2,6;46,5;3,066667;
1980-08-13;1,8;5,7;0;20,8;11,66;4;58,25;1,466667;
1980-08-14;4,1;9,2;0;23;14,3;5,4;71,5;1,8;
1980-08-15;null;6,7;0;25,5;17,92;10,4;64,5;null;
1980-08-16;4,6;5,4;0;25,5;18,34;10,5;78,25;1,633333;
1980-08-17;3,1;0;0;20,3;13,04;9,4;83,75;2,733333;
1980-08-18;1;8,4;0;19,2;13,8;7,1;70,75;3,2;
1980-08-19;null;0;2,4;null;13,16;10,4;86;null;
1980-08-20;2;0;0;17,2;13,44;7,7;76,5;3,5;
1980-08-21;null;1,8;0;16,4;14,26;11,7;89,5;null;
1980-08-22;3,1;8,3;0;15;9,6;7,7;35,5;6;
1980-08-23;null;10,6;0;16,3;9,32;1,3;34,25;null;
1980-08-24;4,1;10,5;0;17,3;9,86;1,6;41,75;1,2;
1980-08-25;3;10,1;0;19,5;11,52;3,3;51,25;3,533333;
1980-08-26;2;10;0;12,7;6,64;3;59,75;4,533333;
1980-08-27;null;10,7;0;14,6;6,8;-1,4;50,5;null;
1980-08-28;null;8,9;0;19,9;11,82;3,5;52;null;
1980-08-29;2;10,1;0;23,5;15,34;6;63,75;3,3;
1980-08-30;2,1;0;0;25,9;18,96;11,7;71,5;3,9;
1980-08-31;2,3;0;0;21,1;17,56;12;82;3,533333;
1980-09-01;null;4,6;0;17;13,08;7;48,5;null;
1980-09-02;2,2;7,5;0;19,7;13,16;6,7;53;1,466667;
1980-09-03;2,1;9,7;0;21,3;13,56;9,4;38,5;5;
1980-09-04;1,1;8,9;0;15,7;9,32;2,5;31,25;4,266667;
1980-09-05;12;10,7;0;20,5;12,64;3,4;34,25;1,4;
1980-09-06;1,2;10,2;0;23,4;15,48;7,2;33,75;1,6;
1980-09-07;2,3;9,9;0;28;18,22;7,4;38,25;3,366667;
1980-09-08;null;0;0;null;12,42;8,2;81,75;null;
1980-09-09;null;10,6;8,7;15,4;9,3;3,4;45,5;null;
1980-09-10;,6;10,2;0;18;11,3;2,4;50;2,633333;
1980-09-11;3;10,3;0;22;14,42;4,7;53,75;2,733333;
1980-09-12;2;10,3;0;25,7;17,6;8,9;43,5;4,033333;
1980-09-13;2;8,2;0;27,6;20,24;11,4;58,75;3,433333;
1980-09-14;null;0;0;null;15,38;11,3;85,25;null;
1980-09-15;null;6,4;8,4;null;7,36;4,9;51,5;null;
1980-09-16;null;10,3;0;10,8;6,7;-,2;36,75;null;
1980-09-17;null;6,7;0;15,9;9,7;,3;49,25;null;
1980-09-18;1,1;5,2;0;18,9;12,68;4,4;45,25;1,166667;
1980-09-19;2,1;6,9;0;20,5;14,1;6,2;61,25;2,866667;
1980-09-20;3,1;8,4;0;21;14,76;7;52,5;2,3;
1980-09-21;2,1;10,3;0;21;12,68;6,4;44,5;4,133333;
1980-09-22;4;10,6;0;17,7;11,3;2,2;40,25;2,333333;
1980-09-23;2,2;10,8;0;20;13,18;5,8;47,5;2,733333;
1980-09-24;2,1;10,8;0;21;14,04;3,2;35,5;2,4;
1980-09-25;4,9;10,7;0;20,9;13,22;4,2;39,5;3,4;
1980-09-26;null;9,7;0;20,1;13,26;3,9;43;null;
1980-09-27;3;0;0;15,4;12,38;9,3;62,75;3,366667;
1980-09-28;3,1;,2;5,4;15;12,46;8,5;87,75;1,3;
1980-09-29;2;6,5;0;18,7;14,42;8,4;66,5;3,133333;
1980-09-30;3,1;5,7;0;28,5;20,32;8,9;57,75;3,9;
1980-10-01;null;4,4;0;33,7;23,08;18;62,75;null;
1980-10-02;,9;0;28,9;21,5;18,04;16,4;90;4,1;
1980-10-03;,1;0;80,1;16,4;13,96;12,2;90,5;3,8;
1980-10-04;,1;0;60,2;14,6;11,3;8,6;63,25;4,3;
1980-10-05;1;11,2;,5;16;10,72;4,5;48,75;3,533333;
1980-10-06;null;11;0;15,6;9,92;3,7;57;null;
1980-10-07;2,7;6,6;0;18,9;13,34;3,8;57,5;5,733333;
1980-10-08;3,1;2,4;29,3;15,6;13,02;9,4;90;2,3;
1980-10-09;1;3,5;0;20,3;15,86;11,2;78,75;3,533333;
1980-10-10;2,2;6,4;,2;20,3;16,66;11;67;3,633333;
1980-10-11;3,1;,1;0;19,4;16,1;11,3;78,75;4,7;
1980-10-12;3;1,9;0;21,5;16,74;11,8;76,75;2,733333;
1980-10-13;2,1;8,6;0;23,5;17,42;9,6;68,25;1,3;
1980-10-14;null;11,1;0;24,6;18,7;10,4;61,5;null;
1980-10-15;3,1;11,2;0;26,1;19,46;9,9;59,25;1,533333;
1980-10-16;3,7;9,5;0;29,4;22,18;13,8;49,75;2,7;
1980-10-17;4,4;8;0;30,6;22,02;16,2;57,5;3,066667;
1980-10-18;5;0;2;23,9;19,52;15,1;80;2,133333;
1980-10-19;3;,1;0;19,7;17,8;15;90,75;3,7;
1980-10-20;3,1;0;30,1;21;18,26;15,2;89,5;1,9;
1980-10-21;null;5,9;21;26;21,32;18,2;77,75;null;
1980-10-22;2,1;7,2;7,8;22,1;14,52;12,2;53;6,733333;
1980-10-23;null;2,6;0;null;8,94;3,8;62;null;
1980-10-24;1,1;10,1;0;18,5;14,1;7;50,5;5,233333;
1980-10-25;2,1;8,8;0;22,9;17,22;7;64,75;1,6;
1980-10-26;null;4,4;0;27,8;22;17,9;79,25;null;
1980-10-27;2,8;0;34,1;22,3;19,82;18,3;90,25;1,7;
1980-10-28;2,8;7,3;0;26;21,4;15,2;58,5;1,833333;
1980-10-29;3;2,9;0;25;19,74;15,6;83,5;2,833333;
1980-10-30;2,2;9,5;71;20,3;15,4;11,4;41,75;2,866667;
1980-10-31;,8;11,7;0;20,4;15,54;10,1;35,5;1,933333;
1980-11-01;null;12,4;0;20;15,5;7,9;43;null;
1980-11-02;4;12,2;0;26,9;17,84;9,6;53,5;3,366667;
1980-11-03;2,2;10,7;0;31,2;22,24;9,9;57,5;1,966667;
1980-11-04;2,8;11,9;0;29,9;24,5;15,9;50,5;2,5;
1980-11-05;2,1;2,6;0;25,9;21,32;15,8;74,75;2,7;
1980-11-06;null;0;34;null;18,62;18;86,5;null;
1980-11-07;1,1;4,3;,8;24,7;19,66;12,7;73;2,933333;
1980-11-08;3,2;3,2;3,1;21,4;13,82;10,3;81,75;4,1;
1980-11-09;,6;6;5,2;17,7;13,46;8,5;76,25;3,733333;
1980-11-10;2,1;1,7;2,5;18,7;15,12;9,5;60,75;2,233333;
1980-11-11;2,9;11,9;0;21,5;16,82;8,9;43,75;1,166667;
1980-11-12;2,1;12,8;0;23;18,6;11,2;47,75;2,733333;
1980-11-13;2,6;10,1;0;25;19,28;13,8;41,75;4,033333;
1980-11-14;1,9;12,2;0;29,2;21,94;12,4;51,25;2,666667;
1980-11-15;4,5;8,1;0;31;24,88;17,1;44,75;2,733333;
1980-11-16;3,1;11,4;0;28,2;22,14;19,2;54,75;4,966667;
1980-11-17;1,9;8,7;0;25;19,32;9,6;50;5;
1980-11-18;3,1;0;0;22,5;19,26;16;76;4,7;
1980-11-19;1,8;11;3;28;22,12;16,4;61,25;2,733333;
1980-11-20;2,1;6,8;0;28;21,46;16;66,75;2,2;
1980-11-21;3,1;2,5;0;25;20,54;14,4;83;3,266667;
1980-11-22;4;,5;47,9;21,5;19,72;18;94,5;2;
1980-11-23;4,1;10;47,8;19,7;15,62;13,4;62,75;4,533333;
1980-11-24;3;12,7;0;23,6;17,86;7,4;38,5;2,3;
1980-11-25;3,1;11,7;0;22,9;16,52;11,5;54;2,966667;
1980-11-26;3,2;4,6;0;22,5;17,9;10,7;59;3,033333;
1980-11-27;3,6;11;0;29,6;21,24;12,7;62,5;4,3;
1980-11-28;6;0;0;20,7;19,48;16,9;83,75;2,866667;
1980-11-29;2;7,6;6,8;27,7;20,64;17;75;3,2;
1980-11-30;3;3,7;11,5;22,7;19,76;16,4;79,75;1,566667;
1980-12-01;1,9;9,9;0;27,6;22,54;16,6;71,75;3,533333;
1980-12-02;3,4;2,5;0;27,6;22,34;18,6;79,5;1,9;
1980-12-03;1,9;1;2,9;24,8;21,54;18;86,5;2,066667;
1980-12-04;1,7;11,7;6,6;26,5;21,94;17,1;63,75;4,7;
1980-12-05;4,4;10,3;0;26,5;21,62;15,1;59,25;2,9;
1980-12-06;4;11,5;0;28,7;22,12;15,1;54,25;1,933333;
1980-12-07;4,6;13,1;0;29,3;23,76;15,3;51;2,2;
1980-12-08;4,4;13;0;30,5;24,52;15,6;48,5;1,866667;
1980-12-09;5,5;11,1;0;33,6;26,3;18,1;46,75;3,6;
1980-12-10;8,1;9,2;0;33,4;27,24;18,9;53,25;1,566667;
1980-12-11;4,4;1,5;6,6;28,2;21,4;17,2;65;2,4;
1980-12-12;3,5;10,9;1,2;28,4;22;15,5;65,5;4,7;
1980-12-13;4;12,1;0;29;22,18;15;63,75;3,833333;
1980-12-14;4,9;10,4;0;28,7;22,14;14,6;42,75;2,566667;
1980-12-15;5;12,1;0;30;24,52;18,1;37;4,166667;
1980-12-16;4,6;13;0;28,3;21,8;15;36,5;4,033333;
1980-12-17;null;,7;,4;null;19,96;16,9;78;null;
1980-12-18;null;3,1;77,1;null;16,78;14,5;84,5;null;
1980-12-19;1,8;4,9;28,3;22,7;18,4;12,2;51,75;5,033333;
1980-12-20;3,3;10,8;0;23;17,7;12;48;2,866667;
1980-12-21;3,5;12,1;0;23,5;18,44;10,6;47;1,533333;
1980-12-22;5,4;12,9;0;24,5;20;15;48;2,733333;
1980-12-23;5;12,9;0;26,5;21,02;11,9;52,75;2,666667;
1980-12-24;5,1;12;0;28;21,2;12,9;57,5;2,066667;
1980-12-25;3,3;11,6;0;29;23,14;14;50,75;2,2;
1980-12-26;3,3;7,8;0;28,8;23,36;14,5;65,25;2,233333;
1980-12-27;2,6;3,6;,5;26,8;20,84;12,2;79;1,933333;
1980-12-28;4,2;8,2;0;28,8;22,86;12,4;60,25;2,166667;
1980-12-29;3,5;12,3;0;30,5;25,18;19,1;54,25;2,5;
1980-12-30;4,1;12,8;0;30,6;24,2;21,5;57,25;3,233333;
1980-12-31;4,5;7,6;0;30,6;24,88;17,1;56,75;2,2;
1981-01-01;3;11,6;0;31;25,66;18,6;55,5;2,666667;
1981-01-02;3,4;2,1;0;30,6;24,9;17,2;61,75;3,266667;
1981-01-03;null;1,9;30,2;null;21;15,8;70,5;null;
1981-01-04;3,5;13,2;0;27;21,9;14,4;48;2,466667;
1981-01-05;4,6;9,3;0;30;24,34;16,4;42,25;2,633333;
1981-01-06;4,6;2,2;14,5;26,9;21,46;14,7;75;3,266667;
1981-01-07;3,8;12,5;0;26,8;22,44;16,1;51,75;3,266667;
1981-01-08;4,2;12,9;0;27;21,68;13,7;46,25;2,266667;
1981-01-09;4,6;10;0;28,7;23,12;15;48,25;2,133333;
1981-01-10;4,5;,2;0;26,5;22,46;15,2;65,25;1,966667;
1981-01-11;4,9;5,5;0;29,1;22,34;16,1;74;2,066667;
1981-01-12;4,8;11,5;1,3;30,5;25,74;20,4;60;2,3;
1981-01-13;3,2;2,8;0;29,3;24,38;18,3;49,25;2,333333;
1981-01-14;6,4;13,1;0;28,1;22,34;15,7;47,75;4,266667;
1981-01-15;5,7;12,2;0;26,7;21,74;16,8;55,75;2,866667;
1981-01-16;4,3;10,4;0;29;24,42;14;47;3,133333;
1981-01-17;null;7,6;34,8;30,4;24,4;17,4;62,25;null;
1981-01-18;null;12,7;0;30,4;25,68;19;58,75;null;
1981-01-19;2;1,1;0;26,8;22,08;18,7;84;2,4;
1981-01-20;4,7;9,9;83;28;23,2;18,7;59;4,3;
1981-01-21;4,5;12,1;0;23,3;18,14;12,9;39,75;4,233333;
1981-01-22;2,8;10,5;0;24,2;19,7;12,7;51,25;2,133333;
1981-01-23;3,4;10,4;0;29;22,86;14,4;63,5;2,933333;
1981-01-24;5,2;7;0;29,6;22,6;17,3;76,5;1,733333;
1981-01-25;6,5;6,2;27;29,7;23,72;17,6;72,75;2,633333;
1981-01-26;2,9;1,1;0;25,7;24,02;20,1;80;3,066667;
1981-01-27;4,7;9,8;7;31,5;26,26;20,3;70,25;3,833333;
1981-01-28;6,7;2,3;0;30,3;25,34;22,5;76;4,1;
1981-01-29;null;7;3,2;26,6;22,32;18,9;58,75;null;
1981-01-30;5,1;11,5;0;26,6;22,02;18;60,75;3,466667;
1981-01-31;4,9;5,6;0;27;21,62;15,3;72;3,233333;
1981-02-01;2;4,4;0;32,6;24,84;19,5;76,5;3,666667;
1981-02-02;5,3;0;10,3;31;25,5;19,7;59;2,433333;
1981-02-03;5,5;3,2;0;28,5;22,42;17,9;86,5;3,966667;
1981-02-04;5,3;9,1;35;24,6;20,68;17,7;57,75;6,533333;
1981-02-05;null;10,6;0;23;18,1;11,2;57,25;null;
1981-02-06;3,3;4,1;0;26;20,64;12,4;69,25;2,733333;
1981-02-07;3,5;8,9;0;28,4;23,68;16,3;73,75;4,966667;
1981-02-08;2,9;4,2;0;29,5;23,1;20,1;65,5;3,666667;
1981-02-09;4,8;2;1;26,5;22,22;18,1;72,5;3,433333;
1981-02-10;4,2;,2;20,6;23;20,24;16,7;84;1,7;
1981-02-11;null;3,4;51,3;28,1;22,66;19,1;79,5;null;
1981-02-12;1,9;0;4,6;28;22,72;19,7;84,5;2,8;
1981-02-13;4,1;,9;16;26;22,42;18,3;73,75;3,4;
1981-02-14;2;0;0;22,5;17,54;13,2;84,25;4,366667;
1981-02-15;3,9;0;18,4;26,5;20,26;16,1;86,25;3,2;
1981-02-16;2,1;0;42,6;25;20,58;14,1;67,75;2,5;
1981-02-17;3,1;8,5;0;30,7;25;18,4;66;2,733333;
1981-02-18;null;5,8;0;31,2;24,44;21,1;76,75;null;
1981-02-19;4,3;10,9;30,7;26,5;23,34;17,9;80;2,633333;
1981-02-20;3,3;6,8;0;27,5;23,06;18,3;81,5;1,733333;
1981-02-21;2,4;12;8,5;29,5;24,3;17,9;65,25;4,066667;
1981-02-22;5;10,3;0;29,6;24,96;20,3;63;3,2;
1981-02-23;4,1;11,9;0;30;24,54;18,4;64,25;3,566667;
1981-02-24;2;10,8;0;31,5;25,66;19,9;66,25;2,466667;
1981-02-25;2;11,9;0;32;26,54;20,9;61,25;3,266667;
1981-02-26;2;10,7;0;32,5;27,22;20,7;60,25;2,3;
1981-02-27;2;11,9;0;33;27,7;21,7;58,5;2,133333;
1981-02-28;2,9;12,2;0;28,1;23,58;21,5;68,25;3,7;
1981-03-01;2,2;8,7;0;27,5;21,52;14,5;64,75;1,8;
1981-03-02;2;1,1;0;29;21,96;16,3;77,5;1,866667;
1981-03-03;2,1;1,9;15;24;19,96;16,9;69,25;5,366667;
1981-03-04;2,9;10;0;25;19,16;13,2;67;3,133333;
1981-03-05;3,2;10,8;0;27,2;20,84;13,1;73,25;1,966667;
1981-03-06;2,2;4,8;0;27,4;22,14;16,4;71,75;3,533333;
1981-03-07;3,1;4,3;0;24,3;19,82;15,3;69,25;4,466667;
1981-03-08;2,5;5,9;0;23,6;17,86;12,4;65,25;2,066667;
1981-03-09;2,4;10,9;0;27,5;20,76;12,6;60,5;,766667;
1981-03-10;3;11,2;0;28;21,44;14,3;59,75;1,366667;
1981-03-11;4,1;5,2;0;28;21,2;16,1;76,75;2,8;
1981-03-12;2,5;9,5;0;27;20,1;12,8;70,5;1,133333;
1981-03-13;2,6;5,1;0;27,1;21,54;15,1;76;1,933333;
1981-03-14;3,6;0;0;22,3;20,38;18,3;87,75;3,7;
1981-03-15;1,1;11,2;20;25,7;19,32;12,8;69,75;1,633333;
1981-03-16;3,7;11,1;0;21,4;15,88;13;49,5;4,466667;
1981-03-17;5,5;11,2;0;22,5;15,7;6,8;55;2,033333;
1981-03-18;4,2;11,1;0;25;18,7;10,4;57;1,7;
1981-03-19;null;5,3;0;23,5;17,68;13,5;74,75;null;
1981-03-20;3,5;11,3;0;22,4;15,2;7,6;52,75;2,666667;
1981-03-21;1,5;11,3;0;23,5;15,74;7,6;50,75;1,566667;
1981-03-22;4,5;11;0;26,5;19,04;10,5;55,25;4,233333;
1981-03-23;6,6;8,8;0;30;21,68;13,7;64;1,5;
1981-03-24;3,5;10,2;0;26,9;20,14;13,7;66;4,533333;
1981-03-25;3,9;10,5;0;26;18,2;9,6;62,25;1,866667;
1981-03-26;3,2;10,4;0;28;21,04;13,5;57,75;2,6;
1981-03-27;4,5;10,5;0;29,5;21,48;12,8;66;2,3;
1981-03-28;3,8;7,2;0;30;23,4;16,5;70,5;4,2;
1981-03-29;null;0;0;null;20,22;16,8;86,5;null;
1981-03-30;3,5;5;2,6;24,5;20,14;17,3;80,5;4,6;
1981-03-31;2;3,2;0;22,9;19,24;14,4;84,5;2,4;
1981-04-01;null;9,4;0;24,8;19,16;13,9;64,5;null;
1981-04-02;3,6;9;0;25;19,02;12,2;66,25;2,8;
1981-04-03;4;8,7;,2;27,2;19,48;14,5;75,5;3,366667;
1981-04-04;4,5;10,7;0;23,1;16,92;11,2;70,25;1,733333;
1981-04-05;1,4;10,7;0;25,4;18,2;11;58,25;1,766667;
1981-04-06;4,5;9,9;0;26,5;18,46;10,8;49,75;3,233333;
1981-04-07;6,6;10,4;0;30,2;21,94;13,2;64;3,333333;
1981-04-08;3,9;6,4;0;28,7;21,98;15,5;70,25;3,066667;
1981-04-09;3,7;,9;0;25,5;21,14;16,3;81,25;2,866667;
1981-04-10;3;1,1;18,3;24,8;20,48;16,3;88,75;2,3;
1981-04-11;1,6;,9;0;28;21,36;17,5;80,25;2,333333;
1981-04-12;null;3,4;,3;23,7;20,3;17,3;86;null;
1981-04-13;2,6;4,7;0;23;17,8;13,3;74;4,2;
1981-04-14;2,9;0;0;21,9;17,82;13,7;77,5;5,7;
1981-04-15;4;,3;0;21,3;17,52;13,5;68,5;4,566667;
1981-04-16;3,3;10,3;0;22,5;15,98;9,6;59,25;4,866667;
1981-04-17;4,6;0;0;22,5;16,12;9,5;62,5;3,666667;
1981-04-18;4,4;7;0;24,6;17,1;9,5;70,5;2,533333;
1981-04-19;4,2;10,2;0;26;17,58;10,4;64;1,966667;
1981-04-20;4,2;8,6;0;26;19,1;10,6;68,25;1,3;
1981-04-21;2,8;7,8;0;28,5;20,74;12,2;55,75;2,8;
1981-04-22;2,5;2;0;26,2;18,68;15,7;79,25;3,533333;
1981-04-23;,5;8,9;28,7;23;16,24;11,6;69,5;2,733333;
1981-04-24;1;,2;0;17,2;12,18;5,8;63,5;2,733333;
1981-04-25;1,1;,3;58,6;18;14,92;9,6;93,25;1,533333;
1981-04-26;1,3;0;15,2;19,2;15,7;12,1;85,75;3,4;
1981-04-27;2,4;7,9;0;21,2;15,84;11,4;77,25;2,566667;
1981-04-28;2,5;0;,5;16,4;13,72;12;93;1,633333;
1981-04-29;,3;6,5;8,8;16;11,58;8;84,75;2,566667;
1981-04-30;1,3;8,2;0;20;13,72;7,2;70,25;1,133333;
1981-05-01;2,1;8,6;0;20,7;14,56;8,5;67,75;,8;
1981-05-02;null;9,5;0;22,8;15,58;7,2;61,25;null;
1981-05-03;4;2,5;0;24,8;17,74;10,7;73,75;,866667;
1981-05-04;2,5;7,8;0;28,7;21,46;12,7;68;3,266667;
1981-05-05;3,9;4,2;0;30,5;23,68;19;70,25;3,7;
1981-05-06;3,5;0;8;22,7;19,58;18,3;92,5;2,233333;
1981-05-07;1,9;7,5;19,4;31;22,76;16,3;70,75;3,8;
1981-05-08;2,9;9,7;0;29,6;23,06;16,7;64,25;3,8;
1981-05-09;7,5;,1;0;25,2;19,96;17,9;84,75;1,4;
1981-05-10;1,5;1,5;2,8;22;18,64;14,1;93,25;1,9;
1981-05-11;1,1;3,1;10,2;27;21,56;17,9;83;3,7;
1981-05-12;2,6;5,9;0;28,7;22,88;17;62,5;3,833333;
1981-05-13;6;1;0;28,7;19,7;15,9;89,75;2,133333;
1981-05-14;,8;5,9;41,5;21,4;15,88;14;85,25;4,4;
1981-05-15;1,7;4,6;,2;18,5;13,06;8,6;84,25;1,9;
1981-05-16;1,3;7,3;0;22,5;15,8;8,3;81,25;2;
1981-05-17;2,5;2,2;0;21,8;17,16;12,6;83,5;2,2;
1981-05-18;null;1;0;22,2;18,26;15,8;84,5;null;
1981-05-19;null;2,4;,2;26,9;16,72;12,2;83,75;null;
1981-05-20;1;6;20;15,8;10,46;6,6;73,25;2,866667;
1981-05-21;1,8;9,4;0;21,9;14,8;5,6;81,25;1,966667;
1981-05-22;null;9,3;0;26,1;19,78;14;85;null;
1981-05-23;2,4;8;0;27,3;20,3;14,1;79,75;3,466667;
1981-05-24;3,1;9,3;0;27,5;21;14,3;72,25;2,9;
1981-05-25;4,6;0;17,6;22,1;16,04;13,3;89;5,333333;
1981-05-26;1,2;,3;9,2;16;12,34;9;88,25;4,466667;
1981-05-27;1,9;8,4;0;18,2;12,86;7,2;78,75;4,2;
1981-05-28;2,5;9,1;0;21;14,52;7,6;82,5;2,266667;
1981-05-29;2,3;9,5;0;24;16,72;11;80,25;1,533333;
1981-05-30;2,3;7,4;0;24,4;16,36;10;76,25;2,3;
1981-05-31;3;9,1;0;24,5;17,5;10,4;71;2,7;
1981-06-01;null;2,1;0;22,6;17,88;15,7;79;null;
1981-06-02;2;,8;4,5;16,4;11,78;9,9;92,75;4,633333;
1981-06-03;,8;7,8;26,8;16;10,06;5,4;76,75;2,8;
1981-06-04;1,8;3,9;0;15,2;8,4;3,2;72,75;,466667;
1981-06-05;null;5,3;0;14,7;8,34;2,4;74;null;
1981-06-06;null;0;0;13,1;9,72;4,8;82,5;null;
1981-06-07;2,3;8;0;13,5;8,62;4,6;77,25;4,6;
1981-06-08;null;4,8;0;15,3;8,98;4,6;82,25;null;
1981-06-09;null;9,1;0;17,7;9,78;1,4;79;null;
1981-06-10;null;,6;0;14;10,8;7;91;null;
1981-06-11;,7;8,2;0;16,6;9,98;5,2;64,5;1,033333;
1981-06-12;2;9,7;0;17,3;9,24;2,2;74,75;2,8;
1981-06-13;null;3,8;0;15,6;8,04;2;84,25;null;
1981-06-14;null;7,2;,2;13;6,36;,4;65,5;null;
1981-06-15;null;9,5;0;17,7;9,06;1,4;51,25;null;
1981-06-16;null;1;0;null;8,04;6,4;80;null;
1981-06-17;null;2,9;1,2;null;5,2;1,2;73,75;null;
1981-06-18;null;8,9;0;10;4,4;-,4;68;null;
1981-06-19;null;9,3;0;14,3;6,1;-1;57,5;null;
1981-06-20;null;9,7;0;15,9;7,86;1,2;53,5;null;
1981-06-21;null;8,2;0;17;9,84;2,3;52;null;
1981-06-22;2,8;0;31;12;9,72;6,5;94,75;3,3;
1981-06-23;,1;5,3;12,6;14,5;10,44;8,2;85;2,866667;
1981-06-24;null;6,5;0;17,5;11,56;5,8;69,75;null;
1981-06-25;4,1;1,6;0;16,7;12,5;4,9;82;,9;
1981-06-26;null;0;11,3;null;14,14;12,3;92;null;
1981-06-27;null;0;,4;19;15,24;9,8;91,5;null;
1981-06-28;,5;3,9;3;18,9;14,68;11,7;89,25;1,533333;
1981-06-29;,8;5,7;0;21,1;15,3;11,8;90,5;2,6;
1981-06-30;1;4,3;0;20,5;15,56;12;86,5;1,8;
1981-07-01;1,3;3,4;0;15;10,3;6;69,25;2;
1981-07-02;1,9;7,7;0;14;7,92;4,6;76,75;2,166667;
1981-07-03;null;9,6;0;15;7,68;,4;79,5;null;
1981-07-04;null;6,9;0;16,4;10,04;3,2;68,5;null;
1981-07-05;,5;9,2;0;17,5;11,8;5;73,5;5,4;
1981-07-06;2,9;7,6;0;18,5;12,24;7;76;4,8;
1981-07-07;3,1;8,5;0;20,5;12,6;6,8;76,75;2,633333;
1981-07-08;2,3;8,8;0;21,5;13,16;6;66;5,3;
1981-07-09;2,2;8,9;0;22,5;14,62;8;62;3,533333;
1981-07-10;2;1,6;0;17,4;13,48;10,2;90,5;3,6;
1981-07-11;,7;0;8,3;14;13,04;10,6;94;1,866667;
1981-07-12;,6;3,1;1,8;21,5;16,76;10,6;93,25;1,866667;
1981-07-13;,4;2,3;,5;24,5;18,54;13,2;83,75;2,566667;
1981-07-14;null;3,6;0;25;21,2;17,5;55,5;null;
1981-07-15;2;4,1;1,7;25,5;18,06;15,7;84;2,033333;
1981-07-16;,7;0;6,3;15,8;11,8;10,2;96;6,333333;
1981-07-17;,4;,1;20,3;10,3;6,18;3;89,25;5,5;
1981-07-18;null;1,2;0;7;4,88;2,4;87,5;null;
1981-07-19;null;1,1;8,5;11,3;7,58;2;87,25;null;
1981-07-20;null;3,6;,6;14,4;9,56;4;86,25;null;
1981-07-21;,5;7,3;0;14,6;10,2;6,1;75,5;1,366667;
1981-07-22;,3;,7;0;14;9,22;4,8;75;1,3;
1981-07-23;null;7,1;0;11,5;7,02;5;72,75;null;
1981-07-24;null;6,3;0;13,4;7;,4;80,5;null;
1981-07-25;null;1,8;0;12,4;8,14;3;85,5;null;
1981-07-26;null;6,8;0;17;11,24;4,9;82,5;null;
1981-07-27;,5;9,4;0;20,2;13,22;6,6;74,5;1,833333;
1981-07-28;,5;7,7;0;20,7;14,12;6,6;76,5;2,466667;
1981-07-29;null;,5;0;19;15,48;12,2;84;null;
1981-07-30;,3;3,3;0;25,6;17,4;10,6;76,25;2,366667;
1981-07-31;,8;0;26,3;22,4;16,84;12,2;87,75;2,733333;
1981-08-01;,3;2,5;0;22;16,36;10,8;88,25;2,9;
1981-08-02;null;7,2;0;26,8;19,84;13,2;58,25;null;
1981-08-03;1,5;8,2;0;28,8;20,1;13;55,25;4,633333;
1981-08-04;null;7,6;0;30,4;23,16;15,3;48;null;
1981-08-05;12,5;4,8;0;29,5;23,78;18,5;50,75;5,633333;
1981-08-06;10;0;0;23,5;19,16;16,8;87;2,333333;
1981-08-07;1,1;0;17,3;18;15,46;13,8;94,5;4,633333;
1981-08-08;,9;10;4;16,9;11,42;9,2;71,5;4,133333;
1981-08-09;null;9,5;0;13,3;7,22;,2;64,25;null;
1981-08-10;null;9,9;0;17,5;9,84;1,9;64,25;null;
1981-08-11;3,6;9,9;0;22,7;13,02;3,5;61,25;1,2;
1981-08-12;3,9;2,5;0;16,7;12,06;5,2;82;2,9;
1981-08-13;1,5;8,8;0;17,7;10,78;6,3;68,5;3,2;
1981-08-14;3,5;9,4;0;19,6;12,26;5,2;54;3,633333;
1981-08-15;5,5;8,8;0;22,3;15,58;9,6;60,75;2,466667;
1981-08-16;3,8;9,5;0;24,5;16,28;8,7;49,75;1,633333;
1981-08-17;5,3;10;0;23,7;15,9;10,8;55,75;1,033333;
1981-08-18;2,9;10,1;0;22,5;15,56;10,2;51,5;2,533333;
1981-08-19;5,3;10,1;0;21,6;14,06;7,3;63,5;,866667;
1981-08-20;2,5;10;0;19,3;12,66;6,1;65,75;2,566667;
1981-08-21;3,2;9,2;0;22,5;14,6;6,6;72;2,466667;
1981-08-22;3,1;9,2;0;23,5;15,5;8,4;69,25;2,233333;
1981-08-23;3,9;8,6;0;25,2;17,3;9,9;62,25;3,066667;
1981-08-24;4;5,8;0;24,7;16,82;10;76;2,1;
1981-08-25;2,8;4,1;0;22,5;15,66;9,4;84,25;2,433333;
1981-08-26;1,6;0;2,2;17,1;10,62;8,5;90,75;5;
1981-08-27;null;1,2;0;16;11,14;6,7;77,25;null;
1981-08-28;2,2;10;0;20;13,94;5,8;75;4,3;
1981-08-29;null;0;0;20,5;16,84;13,3;84,25;null;
1981-08-30;2,4;7,5;0;17,7;9,76;5,8;70,25;6,5;
1981-08-31;null;,5;0;15,6;10,58;5,4;71,25;null;
1981-09-01;null;0;3;null;10,74;9,2;96,5;null;
1981-09-02;,2;0;16,2;13,8;11,72;8,8;94,75;4,033333;
1981-09-03;,4;0;,8;12,8;12;10,6;99,5;3,8;
1981-09-04;,6;10,5;12,4;16,8;11,82;7,6;68;4,133333;
1981-09-05;2,8;10,5;0;19,3;13,46;7,6;62;2,4;
1981-09-06;4;10,7;0;22;15;6,7;56,75;2,833333;
1981-09-07;5,3;9,4;0;27,5;18,7;10,2;66;5,7;
1981-09-08;null;6,2;0;30,3;23,38;15,7;39,5;null;
1981-09-09;13;2,7;0;27,2;18,3;14,2;79,75;4,066667;
1981-09-10;4,2;0;2,3;14,2;12,48;10,4;67,5;4,733333;
1981-09-11;3,4;0;0;15,8;14;10,6;90,75;3,066667;
1981-09-12;null;0;22,4;null;11,64;9,8;95;null;
1981-09-13;,7;0;25,8;13,7;12,36;10,1;97,25;5,2;
1981-09-14;,4;,7;8,4;15;10,58;7,9;88,5;5,133333;
1981-09-15;null;,3;1;10,4;7,62;4,8;82,5;null;
1981-09-16;null;10,3;0;17,4;10,78;2,4;64;null;
1981-09-17;null;6;0;22,7;16,42;8,2;58;null;
1981-09-18;4,7;9,1;0;25,8;18,9;11,7;64,25;1,766667;
1981-09-19;null;0;0;null;16,22;15;87,75;null;
1981-09-20;4,9;,6;8;15;13,44;12,6;80,75;4,666667;
1981-09-21;2,1;10,9;,4;15,9;10,8;6,2;47,75;6,133333;
1981-09-22;4,8;5,1;0;17,9;11,32;3,6;67,75;4,6;
1981-09-23;null;0;0;15,7;13,46;10;85;null;
1981-09-24;1,2;0;0;18;15,54;12,1;82,5;4,7;
1981-09-25;1,9;0;0;19,8;16,84;13,8;87,25;2,366667;
1981-09-26;1;5,1;0;24;18,56;13,6;82,25;1,233333;
1981-09-27;1,9;7,1;0;27;20,18;12,3;79,5;2,566667;
1981-09-28;null;4,2;0;26;16,16;11,2;77,5;null;
1981-09-29;2,7;4,6;1,2;13,6;9,58;5,8;61;6;
1981-09-30;null;10,8;0;13,6;8,08;,4;56,25;null;
1981-10-01;2,8;9,3;0;21,5;13,46;2,6;57,25;5,5;
1981-10-02;6,6;10,6;0;25,5;17,2;7,3;56;4,7;
1981-10-03;null;5,7;0;26,6;17,76;13,7;63;null;
1981-10-04;null;0;0;null;11,44;9,7;88,75;null;
1981-10-05;1,1;0;6,7;13,8;12,4;9,2;93,75;3,4;
1981-10-06;null;,1;4,1;17,6;13,76;12,2;93,25;null;
1981-10-07;1,2;8,2;0;18,5;12,86;8,2;55,5;4,7;
1981-10-08;3,9;10,5;0;18,2;12,58;6,3;54;4,566667;
1981-10-09;4,1;11,1;0;18;12,04;5,7;58,25;3,933333;
1981-10-10;4,8;11,3;0;19,1;12,48;6,4;56,5;2,6;
1981-10-11;4,2;8,9;0;19,4;13,26;6,8;64,75;2,9;
1981-10-12;3,7;10,5;0;21;14,76;7,2;52,75;4;
1981-10-13;5,1;11,2;0;21,7;15,52;7;52,25;1,6;
1981-10-14;4,2;11,5;0;22,5;16,54;10,2;47;5,133333;
1981-10-15;6,1;10,6;0;26,7;18,9;11,2;56,5;2,3;
1981-10-16;5,8;10,1;0;20,1;14,72;12;51,5;6,7;
1981-10-17;null;9,8;0;16,4;11,02;5;49,25;null;
1981-10-18;4,7;,8;0;18,4;13,5;6,7;63,75;2,633333;
1981-10-19;3,8;10,1;0;21,4;15,3;6,7;63;4,766667;
1981-10-20;4,5;7,4;0;22,3;16,9;11,2;62,5;1,566667;
1981-10-21;3,1;11,4;0;24,6;17,78;10,1;55;2,333333;
1981-10-22;5,1;11,7;0;24,4;17,86;11,3;52;1,866667;
1981-10-23;4,9;11,3;0;26,5;19,7;10,7;47,5;2,533333;
1981-10-24;7,4;8,5;0;29,5;22,74;14,5;57;1,533333;
1981-10-25;6,5;0;0;26,2;20,88;18,2;79,75;1,066667;
1981-10-26;2,7;0;5,3;20,5;18,16;17,1;90,75;2,5;
1981-10-27;1,3;3,3;1;23,1;20,18;15,3;78,25;4,433333;
1981-10-28;3;10;0;26,9;22,16;17;70,75;4,633333;
1981-10-29;5,2;10,2;0;30,9;24,98;17,9;61,75;4,466667;
1981-10-30;6,7;12,2;0;31,7;26,14;19,9;59,5;4,5;
1981-10-31;7,2;11,6;0;32;24,36;20,7;70;3,3;
1981-11-01;3,9;11,8;10;33;24,84;20;79,5;3,833333;
1981-11-02;3,7;3;0;28,5;22,88;19,6;86,5;1,466667;
1981-11-03;2,1;9,8;1;28,7;23,74;19,9;68,25;4,233333;
1981-11-04;3,8;7,1;1,6;25;20,1;18;83,75;3,533333;
1981-11-05;3,1;0;0;21,2;19,42;18,4;93,75;5,2;
1981-11-06;,8;2,2;33,3;21,5;18,62;17,6;71,25;6,066667;
1981-11-07;2,5;12,3;0;22,1;17,1;11,2;64,25;2,033333;
1981-11-08;3,5;11,9;0;26,7;19,82;12;65;2,1;
1981-11-09;3,7;12,6;0;27,9;21,9;12,7;59,5;2,033333;
1981-11-10;5,3;12,7;0;29,4;23,76;18,3;53,25;3,133333;
1981-11-11;5,5;13;0;28,3;21,54;15,7;72,5;3,366667;
1981-11-12;4;12,5;0;28,2;23,04;17,3;58,5;2,033333;
1981-11-13;4,5;11,9;0;27,9;22,66;16,9;60,5;2,166667;
1981-11-14;4,9;5;0;27,5;21,24;16,2;73,5;2,733333;
1981-11-15;4,1;9,7;0;25;20,18;16,6;68,75;4,266667;
1981-11-16;3,4;10;0;24,3;19,42;13,9;69;3,133333;
1981-11-17;2,6;12,5;0;26,8;21;14,7;58;3,4;
1981-11-18;4,5;,2;0;22;18,26;15,4;86,5;1,166667;
1981-11-19;1,5;9,4;3,4;20,6;15,84;13,9;55,5;6,733333;
1981-11-20;4,8;12,9;0;25,9;18,92;11,6;36,25;4,933333;
1981-11-21;11,2;12,9;0;29,6;22,48;14,1;36,75;2,6;
1981-11-22;7,5;8,4;0;28,5;21,64;16,1;59,25;3,033333;
1981-11-23;5,7;11,3;0;27,6;21,24;15,1;62,5;4,633333;
1981-11-24;5,3;10,5;0;27,9;21,3;15,3;62,75;5,7;
1981-11-25;5,8;12,9;0;26,5;19,4;13,2;55,25;4,866667;
1981-11-26;6,6;12,7;0;25,4;19,38;12;55,25;4,533333;
1981-11-27;5,9;8,6;0;26,5;18,94;12,7;69,5;3,8;
1981-11-28;4,5;2,7;2,1;26,1;20,04;16,6;72,5;4,333333;
1981-11-29;4,6;10,9;0;23,7;20,26;16,1;74,5;3,466667;
1981-11-30;3,2;4,4;0;28,3;19,56;16,2;77;3,5;
1981-12-01;3,3;12,9;0;26,2;20,34;13,6;49,5;6,666667;
1981-12-02;8,4;12,7;0;23,5;17,54;11,7;49,25;3,633333;
1981-12-03;6;11,9;0;24,9;17,96;9,2;45,25;2,9;
1981-12-04;5,8;12,8;0;28;21,12;12,9;42,5;2,9;
1981-12-05;8,2;,9;0;23,5;20,6;16,6;87,75;5,166667;
1981-12-06;1,6;12,6;69;27,9;21,98;17,3;48,25;3,3;
1981-12-07;7,4;12,1;0;26,8;20,74;13,6;49,25;3,166667;
1981-12-08;6,8;12,4;0;25,7;20,74;15,3;48;3,833333;
1981-12-09;6,3;12,7;0;26,7;20,94;14,3;58,75;2,466667;
1981-12-10;4,1;7,4;0;26,4;21,12;15,5;61,5;4,033333;
1981-12-11;3,1;8,6;0;28,5;22,42;15,1;57;1,7;
1981-12-12;3,7;12,5;0;30,5;24,02;16,9;52;2,233333;
1981-12-13;4;7,4;0;32;24,18;17,8;57,5;2,733333;
1981-12-14;3,3;8,2;0;33,2;24,48;18,3;57,25;3,133333;
1981-12-15;3,3;9,7;15,4;29;22,92;18,3;56,25;5,933333;
1981-12-16;2,2;12,9;0;29,3;23,72;17,4;46;3,7;
1981-12-17;9,4;12,3;0;31,7;25,28;17,4;57;1,866667;
1981-12-18;6,2;8,2;0;32,2;26,54;20,6;55,5;1,7;
1981-12-19;7,1;5,8;0;27,5;23,74;21,3;79,25;4,8;
1981-12-20;null;12,2;3,2;29;22,64;15,5;91,5;null;
1981-12-21;2;5,9;19;24,5;19,8;16,6;53,75;5,233333;
1981-12-22;null;0;0;null;16,1;14,8;86,5;null;
1981-12-23;1,7;10,4;5,3;25,1;19,2;13,1;66,25;1,5;
1981-12-24;null;13;0;26,6;22,44;17,9;59,25;null;
1981-12-25;4,5;11,2;0;28,5;23;16,4;65,25;3,2;
1981-12-26;5,2;7;0;30,5;25,08;16,4;61,75;1,4;
1981-12-27;5,4;10,5;0;30,6;24,9;19,6;65,75;3,766667;
1981-12-28;3,7;7,9;,7;30,7;24,6;19;70,75;2,9;
1981-12-29;4,1;5,9;0;29,7;23,4;19,4;78;3,9;
1981-12-30;3,4;10;0;33;25,9;19,6;62,5;2,466667;
1981-12-31;5,7;,1;0;26,5;21,72;19,6;72,75;5,966667;
1982-01-01;null;2,2;14,2;20,5;16,12;11,5;72,5;null;
1982-01-02;2,2;11,7;,7;24,7;18,6;10,4;48,5;3,1;
1982-01-03;6,8;12,4;0;24,4;19,32;11,3;46;2,1;
1982-01-04;5,8;12,7;0;27,6;21,32;12,7;58;2,966667;
1982-01-05;6,2;10,1;0;30,5;23,56;16,2;56,75;1,733333;
1982-01-06;5,4;12,3;0;28,5;23,5;16,5;57,25;3,733333;
1982-01-07;5,3;4,7;1,1;25,1;21,52;18,2;69;3,7;
1982-01-08;3,6;3,7;0;26;21,84;16,9;72,75;4,166667;
1982-01-09;3,5;8,1;26,3;28,9;21,58;16,7;76;2,133333;
1982-01-10;null;12,5;0;26,9;21,9;16,7;73,75;null;
1982-01-11;4,6;12,7;0;26,6;20,86;14,6;61,5;3,633333;
1982-01-12;4,1;12,8;0;25,4;20,08;13,3;57;3,366667;
1982-01-13;5,1;11,9;0;27,8;21,52;13,1;56;2,566667;
1982-01-14;5;11,8;0;30,4;23,58;16,2;56;2,333333;
1982-01-15;6,4;12,5;0;32,5;25,1;18;45,5;3,133333;
1982-01-16;8,7;11,8;0;33,2;26,4;17,4;41,75;3,266667;
1982-01-17;8,8;3,1;2;33,1;25,02;17,4;61,75;2,733333;
1982-01-18;5,3;12,6;0;29,6;23,8;17,3;45,5;3,666667;
1982-01-19;7,2;11,9;0;30;23,12;14,9;52,75;3,4;
1982-01-20;7,7;12,4;0;33,6;25,82;15,4;47,5;5,2;
1982-01-21;10,6;2,5;0;29,1;23,74;20,3;73;2,9;
1982-01-22;4,1;12,6;7,8;25;20,5;16,6;53,75;4,9;
1982-01-23;6,8;12,5;0;26,8;20,38;12;53;1,9;
1982-01-24;7,2;12,2;0;31,3;23,48;14,4;40;2,566667;
1982-01-25;8,9;12;0;31,5;23,6;14,4;43,25;2,633333;
1982-01-26;6,7;12,4;0;33,9;25,36;15,2;45;1,866667;
1982-01-27;7,2;10,4;0;36;27,5;18;41,75;1,833333;
1982-01-28;7,7;5,5;0;37;26,28;22,3;70,25;5,533333;
1982-01-29;5,6;5,4;16;34,5;24,5;21,1;80,25;4,3;
1982-01-30;4;6,8;4,9;31,5;24,7;20,5;77,25;3,7;
1982-01-31;3,5;1,6;0;31;23,32;20,3;82,5;3,866667;
1982-02-01;null;0;5,1;22,9;22,1;20,3;93;null;
1982-02-02;1,9;10,5;4,9;32,1;24,62;20,9;63,75;6,666667;
1982-02-03;5,2;,5;57,9;24,7;21,72;19,2;81;2,533333;
1982-02-04;2,4;10,2;0;26;21,2;18,1;59,25;5,066667;
1982-02-05;5,4;10,5;0;25,5;19,96;14,1;54;3,466667;
1982-02-06;5,3;1,1;0;27;21,52;13,9;66;2,866667;
1982-02-07;4,9;10,5;0;30,7;24,7;17,7;66,5;2,166667;
1982-02-08;null;0;0;null;22,36;20,7;93,5;null;
1982-02-09;,7;0;22,2;23,6;21,98;20,1;96,75;3,233333;
1982-02-10;null;6,5;23,1;28,4;24,74;21,7;74;null;
1982-02-11;null;0;23,4;27,3;21,84;19,3;95,5;null;
1982-02-12;1,6;10,5;30,2;28;23,16;18,9;77,75;3,233333;
1982-02-13;null;10,4;0;31;23,48;20,3;80,5;null;
1982-02-14;3,8;5,4;24,3;23;19,38;17;71,25;4,133333;
1982-02-15;3;0;0;25,1;20,7;15,5;87,75;3,066667;
1982-02-16;null;5,1;20,1;27,4;23,24;20,9;81,25;null;
1982-02-17;1,9;4,2;8;27,6;22,68;19,7;73,25;3,8;
1982-02-18;4;0;0;22,6;19,58;18,4;89,5;4,9;
1982-02-19;1,2;5;5,6;26,5;21,58;17,5;83,75;3,666667;
1982-02-20;2,6;,1;0;26;22,76;18,7;84,5;4,4;
1982-02-21;null;0;27,2;26;22;20,3;77;null;
1982-02-22;3,6;5,7;,3;24,2;19,22;16;72,75;4,033333;
1982-02-23;2,9;10;0;23,2;18,1;14,4;72,25;4;
1982-02-24;2,1;10,7;0;22,6;18,18;13,4;67,75;2,133333;
1982-02-25;3,3;11,2;0;25;19,88;13,3;67;2,266667;
1982-02-26;3,3;11,2;0;27,6;22;15,2;65,75;1,433333;
1982-02-27;3,5;10,8;0;29;23,5;16,6;66,25;1,266667;
1982-02-28;3,5;5,2;0;29,2;23,94;18,7;73,5;2,4;
1982-03-01;3,4;6,2;0;27,8;22,3;19;77,75;4,3;
1982-03-02;3,4;6,5;0;25,3;21,54;19;70,25;5,4;
1982-03-03;4,5;11,2;0;26,4;21,12;16,2;63,5;4,4;
1982-03-04;5,1;9,6;0;26,2;20,28;14,5;67,25;3,733333;
1982-03-05;6;2,4;0;23,4;19,34;16,4;79,75;2,166667;
1982-03-06;2,3;3,4;0;26,8;21;14,7;71,5;1,733333;
1982-03-07;3,2;9,3;0;28,9;23,58;17,1;63,75;1,4;
1982-03-08;4,2;11;0;30;24,18;17,4;63;2,8;
1982-03-09;4,5;9,3;0;29,5;23,46;18;72,5;1,966667;
1982-03-10;3,3;10,5;0;30,7;24,98;19,5;68;3,2;
1982-03-11;4;11;0;30,6;24,38;18,4;63;2,866667;
1982-03-12;2,5;8,6;0;27,6;22,46;18,2;72,75;4,6;
1982-03-13;3,3;8,6;0;28,3;22,66;17,5;69;4,233333;
1982-03-14;4,3;0;0;24,3;20,7;17,1;84,5;1,8;
1982-03-15;1;0;17,6;27,7;22,46;18,7;78,25;2,333333;
1982-03-16;null;11,3;1;30,3;24,58;20,3;71,5;null;
1982-03-17;null;9,5;0;30;22,98;17,6;80;null;
1982-03-18;3,8;9,4;9,4;27;22,14;17,5;76,25;2,466667;
1982-03-19;2,3;7,2;0;30;23,2;17,9;68,5;1,6;
1982-03-20;3;10,6;0;28,1;21,98;16,3;64,75;2,9;
1982-03-21;4,8;10,8;0;27,8;21,88;16,4;74,5;1,733333;
1982-03-22;,9;9,6;0;28,6;22,36;16,3;71,5;1,7;
1982-03-23;null;10;0;28,5;22,58;17,1;70,75;null;
1982-03-24;2,7;8,9;0;30,4;23,7;16,8;70,25;3,733333;
1982-03-25;4,3;10,6;0;31,6;25;19,7;68,25;3,533333;
1982-03-26;null;,4;0;30;22,34;20,1;85,5;null;
1982-03-27;null;0;23,9;null;15,6;14,6;80,25;null;
1982-03-28;3;10,9;,3;19,1;13,44;8,1;62,75;3,5;
1982-03-29;3,3;10,9;0;23,1;16,38;8,2;72,75;1,5;
1982-03-30;2,9;10,7;0;24,5;18,9;13;70;2,166667;
1982-03-31;3;9,3;0;28,2;21,42;14,9;68,75;1,466667;
1982-04-01;3,1;5;0;28,5;22,74;14,9;66,5;1,5;
1982-04-02;3,3;10,1;0;28,8;22,32;16,3;70,5;3,033333;
1982-04-03;3,8;1,1;0;23,2;19,46;17;92,5;3,066667;
1982-04-04;1;5,5;6,2;26,4;20,08;11,5;84,75;1,533333;
1982-04-05;1,6;8,4;0;27,1;21,28;16;77,5;2,466667;
1982-04-06;2,5;7,3;0;26,4;21,76;16,2;78;2,066667;
1982-04-07;2,3;4,6;0;28;20,86;15,5;69,5;2,466667;
1982-04-08;3,9;6,8;0;25,9;19,26;14,4;71,5;2,566667;
1982-04-09;3,5;7;0;25;18,72;14,1;64,5;2,066667;
1982-04-10;2;10,8;0;25,5;18,8;12,8;70;2,866667;
1982-04-11;3,6;10,3;0;29;20,12;12;62,5;1,233333;
1982-04-12;3,5;9,4;0;29,5;21,62;14,5;69,25;1,4;
1982-04-13;3,7;,8;0;29,9;21,54;17,3;77;2,733333;
1982-04-14;3,2;0;41,6;21,5;16,64;14,3;67,5;4,3;
1982-04-15;3,5;5,2;1;20,6;16,28;14;60,5;3,733333;
1982-04-16;null;10,6;0;17,8;13,24;10,8;64,25;null;
1982-04-17;2,8;10,4;0;20,5;14,78;10,4;62,5;1,766667;
1982-04-18;null;10,5;0;24;17,46;12,9;72,25;null;
1982-04-19;null;4,3;0;25,5;19,5;15,2;66,25;null;
1982-04-20;null;0;1,1;25,3;20,3;18,5;75;null;
1982-04-21;2,9;2,9;0;18,5;14,7;13,6;83,25;1,8;
1982-04-22;1,9;7,9;0;20,5;16,24;12,3;80,75;2,3;
1982-04-23;1,5;7,7;0;24,2;18,46;13,4;75,5;2,766667;
1982-04-24;null;6,4;,6;24,3;18,88;15,9;81,25;null;
1982-04-25;null;7,6;0;26;20,24;17,1;74,5;null;
1982-04-26;2,5;2,2;0;23,5;18,46;15;79,75;5,033333;
1982-04-27;2,8;0;0;21,7;17,68;15,7;84,25;3,966667;
1982-04-28;2,8;6,3;0;23,5;18,28;14,9;75;4,633333;
1982-04-29;4;8,5;0;25,2;19,14;14,5;72,25;1,8;
1982-04-30;2,8;10,4;0;27;19,92;14,3;65,25;1,4;
1982-05-01;3,4;8,5;0;27;20,48;15,3;63,5;1,266667;
1982-05-02;4,8;5,3;0;23,2;17,68;12,5;83;3,3;
1982-05-03;2,8;8,5;0;19,8;13,44;7,5;74,5;3,1;
1982-05-04;1,7;9,7;0;21,7;15,3;9,6;65;2,9;
1982-05-05;4,1;7;0;21,9;15,8;9,5;69,25;3,4;
1982-05-06;4;8,6;0;25,5;17,62;10,2;63,5;3,166667;
1982-05-07;4,8;9;0;25,9;17,88;9,7;65,25;3,733333;
1982-05-08;null;0;17,6;null;16,96;15,4;95,75;null;
1982-05-09;1,2;1,7;15,4;23,4;20,32;15,7;71,25;5,8;
1982-05-10;3;5,7;13,6;23,6;17,68;13,8;86,25;2,733333;
1982-05-11;2,3;6,6;20,6;24,8;19,24;15;80,5;3,633333;
1982-05-12;null;7;0;28,1;22,02;15,9;80;null;
1982-05-13;null;,8;0;26,5;21,2;18,8;89;null;
1982-05-14;2,7;,9;69,5;18,8;14,76;13,4;68,25;4,866667;
1982-05-15;2,9;7,9;0;19;13,6;6,5;64;3,2;
1982-05-16;4,6;,3;0;21;16,78;10,3;89,75;2,166667;
1982-05-17;null;null;0;27,6;20,26;16,7;82,75;null;
1982-05-18;null;2,8;58,5;18,2;15,28;14,2;84,25;null;
1982-05-19;1,8;10,2;1,2;18,5;12,76;8,8;72,75;2,533333;
1982-05-20;2,4;6,5;0;17,5;11,38;6,5;75,25;1,766667;
1982-05-21;1,8;9,3;0;16,8;10,82;6,4;72;2,3;
1982-05-22;2,4;9,4;0;17,3;9,84;2,5;70,25;2,733333;
1982-05-23;2,6;8,7;0;20;13,22;4,4;68,75;3,833333;
1982-05-24;3;6,2;0;18,5;12,86;8,1;84,25;1,2;
1982-05-25;1,3;6,3;0;20;13,42;8,6;83,75;2,633333;
1982-05-26;2;9;0;18,2;11,64;7,5;72,75;3,9;
1982-05-27;2,1;9,1;0;16,6;9,88;4,7;79,75;1,1;
1982-05-28;1,4;9,5;0;18,1;9,64;3,4;80;,433333;
1982-05-29;null;9,7;0;19,5;11,08;,4;56,25;null;
1982-05-30;3;7,9;0;20,5;12,16;3,9;70,25;2,866667;
1982-05-31;3;8,1;0;21,4;13,66;6;69,5;2,466667;
1982-06-01;null;6,7;0;23,5;16,7;9,8;73;null;
1982-06-02;3,9;7,2;0;25,9;18,28;13;66,75;5,466667;
1982-06-03;null;0;,7;null;15,72;14,1;95,75;null;
1982-06-04;,4;4,7;,5;21,2;15,46;12,6;89,75;1,533333;
1982-06-05;,7;4,5;0;21,3;14,9;10;87,75;1,4;
1982-06-06;1;0;0;16;13,86;9,7;96;2,966667;
1982-06-07;,3;0;0;15,8;14,06;12,3;98;3,2;
1982-06-08;null;0;3,6;20,9;16,84;13,9;87,5;null;
1982-06-09;1,1;0;,2;18,6;15,8;13;99,25;2,166667;
1982-06-10;null;,2;22,4;18,1;15,98;15;90,75;null;
1982-06-11;,8;,6;,1;20,6;15,32;10,6;94;1,533333;
1982-06-12;,8;7,8;,3;17,5;13,5;11,6;71,5;4,866667;
1982-06-13;2,5;2,1;0;21,5;17,26;10,4;84,25;4,133333;
1982-06-14;null;0;2,4;null;14,14;10,7;95,5;null;
1982-06-15;,8;4,9;1,1;12,5;7,4;5,5;72,75;6,133333;
1982-06-16;null;9;0;8,4;4,32;1,4;62;null;
1982-06-17;null;,5;0;13,2;9,08;1;81,75;null;
1982-06-18;null;0;3,4;18,5;15,52;12,1;98,75;null;
1982-06-19;null;0;34,4;null;13,98;12,5;96,75;null;
1982-06-20;,5;0;15,3;14,2;12,84;12,4;84;3,966667;
1982-06-21;1,2;,2;1,2;14,5;11,56;9,6;91,75;2,133333;
1982-06-22;null;5,9;,4;null;8,78;8;80;null;
1982-06-23;null;5,3;0;12,4;7,52;3,3;75;null;
1982-06-24;null;,2;0;11;7,24;3;78,25;null;
1982-06-25;null;3,2;0;12,4;7,66;3,3;81,75;null;
1982-06-26;null;0;0;12,5;8,68;3,6;82,25;null;
1982-06-27;null;0;0;14,6;12,08;7,7;94,75;null;
1982-06-28;null;4,2;,5;null;7,7;4,8;73,25;null;
1982-06-29;null;9,4;0;10,6;4,8;,8;60,25;null;
1982-06-30;null;8,1;0;17,7;10,42;3;59;null;
1982-07-01;3,6;9,8;0;19,5;11,84;3,2;62,25;1,4;
1982-07-02;3,8;9,7;0;22,8;14,3;4;74;4,2;
1982-07-03;null;null;0;27;20,7;14;77,25;null;
1982-07-04;5,1;2,1;29,6;21,1;15,62;14;86,5;4,3;
1982-07-05;1;1,2;15;15,8;14,84;13;98,5;3,2;
1982-07-06;,6;0;1,7;15,8;13,4;12;96,5;4,166667;
1982-07-07;null;0;2;null;8,92;8,9;84,25;null;
1982-07-08;null;,8;0;7,6;5,02;2,1;87,5;null;
1982-07-09;null;8,5;0;14,1;8,28;3,1;74,5;null;
1982-07-10;null;9,4;0;17,1;9,04;1,5;67,25;null;
1982-07-11;1,2;8,3;0;16,3;10,86;2,9;70,25;1,866667;
1982-07-12;null;0;0;15,5;12,22;10,5;94;null;
1982-07-13;,9;6,1;2,6;13,6;10,26;8,1;76,5;5;
1982-07-14;null;8,4;0;13,5;7,16;1,1;80;null;
1982-07-15;null;7,8;0;18,4;11,88;5,2;74,75;null;
1982-07-16;null;0;20,6;16,2;15,04;12,4;96;null;
1982-07-17;,7;0;2,1;19,5;15,66;14;90;3,666667;
1982-07-18;,8;5,9;21,1;17;11,04;6,1;79,5;2,2;
1982-07-19;1,6;8,5;0;18;13,44;8,4;83,75;3,7;
1982-07-20;2,2;,2;0;23,5;18,1;11,6;82,5;3,866667;
1982-07-21;null;2,2;0;23,5;15,56;11,4;85;null;
1982-07-22;2,2;0;36,7;14;12,28;10,5;93,75;4,933333;
1982-07-23;null;,1;1,6;14,9;12,74;12;93,25;null;
1982-07-24;,5;0;5,2;14,3;13,42;12;98,75;2,033333;
1982-07-25;null;5,8;1,7;22,2;17,42;14,1;89,25;null;
1982-07-26;,8;6,4;0;25,5;17,66;11,1;78,75;1,6;
1982-07-27;2,3;5,3;0;24,2;17,96;12;77,75;2,2;
1982-07-28;null;,6;0;21,4;14,8;11,3;82,25;null;
1982-07-29;1,9;8,1;2,5;11,5;7,64;6;67,5;4,8;
1982-07-30;null;9,7;0;14,5;7,56;,9;67,25;null;
1982-07-31;null;5;0;17,5;10,76;2,7;70,75;null;
1982-08-01;2,5;0;0;16,8;12,18;7;82,5;1,466667;
1982-08-02;,9;,2;0;13,6;8,26;6,6;81,25;4,133333;
1982-08-03;null;5,4;0;13,8;8,08;1,8;82,5;null;
1982-08-04;null;8,3;0;18,2;11,04;5;77,25;null;
1982-08-05;null;7,4;0;22,3;15,16;7,1;81;null;
1982-08-06;null;0;8,6;18;13,02;10,1;98;null;
1982-08-07;,3;0;64,3;11,2;10,18;8;97,75;4,2;
1982-08-08;null;0;55;13,3;12,14;9,9;98,25;null;
1982-08-09;null;2,5;1,6;16,8;13,52;12;88,25;null;
1982-08-10;,9;10,4;0;17,2;11,26;5,4;73,25;2,533333;
1982-08-11;1,9;10,3;0;18;12,38;5,4;75,25;3,6;
1982-08-12;null;9,8;0;21,4;14,86;9,1;77,25;null;
1982-08-13;null;5,6;0;24,9;19,16;12,5;64,25;null;
1982-08-14;null;,5;,9;null;16,8;13,8;86,5;null;
1982-08-15;2;8;4,8;16,5;12,36;10;68,25;5,5;
1982-08-16;2,9;9,6;0;16,8;11,46;7;68,25;3,333333;
1982-08-17;2,4;6,9;0;16,6;10,74;6,8;74,75;2,966667;
1982-08-18;1,7;6;0;12,6;8,72;6,1;70,5;4;
1982-08-19;null;10,6;0;15,2;8,68;1,8;68,75;null;
1982-08-20;2,8;10,2;0;22,2;14,02;4,6;67,5;3,233333;
1982-08-21;null;6;0;23,2;15,14;12,3;65,5;null;
1982-08-22;4,1;8,3;0;15,3;9,46;4;67,25;3,2;
1982-08-23;2,9;8,9;0;18,4;12,76;6,1;81,25;1,9;
1982-08-24;null;8,2;0;29,2;20,98;11,7;72;null;
1982-08-25;null;5,5;0;28,4;23,32;20,1;75;null;
1982-08-26;4,7;0;0;26,7;21,64;18,6;81,75;4,566667;
1982-08-27;1,8;5,8;38,3;26,3;20,98;17,7;77,25;4,4;
1982-08-28;3,8;9;0;29;22,84;16,2;69;6,2;
1982-08-29;8,3;4,4;0;27,4;20,22;16,6;81,5;5,966667;
1982-08-30;2,7;1,6;,2;17,5;14,44;12,9;60,5;3,9;
1982-08-31;3,8;10,5;0;16,3;11,66;8,8;68;4,733333;
1982-09-01;2,7;9,2;0;19,8;13,24;5,2;76,75;3,1;
1982-09-02;2,7;10;0;25,8;18,08;10,4;65,25;1,7;
1982-09-03;3,5;9,3;0;28,5;21,06;13,6;68,75;4,566667;
1982-09-04;4,6;7,5;0;29,6;20,8;16,9;77,75;7,066667;
1982-09-05;9,1;8,5;5,8;17,6;10,56;8,5;54,75;5,4;
1982-09-06;3,9;10;0;17,9;12,64;5,6;65;5,733333;
1982-09-07;4,3;9,7;0;23,5;16,34;8,2;76,25;4,966667;
1982-09-08;3;9,9;0;24,6;17,94;12,5;73,75;3,9;
1982-09-09;3,8;10,1;0;28,5;19,7;12,2;70;4,233333;
1982-09-10;5,2;5,9;0;29,5;20,2;15;79,25;4;
1982-09-11;4,3;0;20,2;18,9;17,98;17,3;97,5;3,633333;
1982-09-12;null;5;9,3;23,6;19,26;17,8;74,25;null;
1982-09-13;2,8;10,4;0;25,3;18,12;10,9;69,5;2,833333;
1982-09-14;3,6;10,5;0;29,6;21,28;13,2;65,25;1,366667;
1982-09-15;3,6;9,8;0;29,8;22,82;15;64,5;2,433333;
1982-09-16;4,4;8,8;0;31;24,74;19,4;67,25;5,133333;
1982-09-17;6,1;0;82,2;25,7;16,54;13,6;96,25;5,833333;
1982-09-18;,6;,7;39,8;13,6;11,04;10,1;82;5,833333;
1982-09-19;1,9;1,2;,2;15,9;12,16;7,5;81,5;2,133333;
1982-09-20;null;,1;1,7;16,6;13,46;11,3;76,5;null;
1982-09-21;,7;5,2;0;18,5;13,9;8,4;77,5;3,1;
1982-09-22;2,5;6,5;0;20,6;15,46;12,1;75,5;3,9;
1982-09-23;2,4;,2;0;20,7;17,12;12,7;80,75;4,033333;
1982-09-24;null;,3;3,6;23,7;20,38;17,3;87,25;null;
1982-09-25;null;1,9;0;25,4;20,74;18,6;86,25;null;
1982-09-26;1,1;0;8,8;21,9;18,86;17,3;82,75;3,633333;
1982-09-27;null;2,9;47;null;12,2;10,1;89;null;
1982-09-28;2;0;19,2;15;10,82;8,2;68,75;2,6;
1982-09-29;1,6;1,8;,2;16,2;11,5;7,8;68,25;3,3;
1982-09-30;2,7;,8;0;19;15,06;9,7;80,25;3,4;
1982-10-01;null;,2;,6;19,3;16,6;13,9;91;null;
1982-10-02;,6;9,1;2,3;20,6;16,9;14,2;75,25;2,8;
1982-10-03;1,9;9,9;0;22,4;16,38;10;65,25;2,3;
1982-10-04;3,2;7,8;0;26,6;17,24;12,4;81,25;4;
1982-10-05;3,1;11,4;1,4;18,5;12,98;9;52;5,1;
1982-10-06;3,1;8,2;0;19,4;14,14;6,7;59,25;5,466667;
1982-10-07;4,8;2,9;,7;20,1;14,96;11,5;74,5;3,3;
1982-10-08;2,4;5,4;,8;19,6;13,96;9;59,75;3,366667;
1982-10-09;4,2;11,1;0;21,8;15,64;7,8;58,25;5,566667;
1982-10-10;4,1;11;0;22,9;16,6;10,7;62,5;2,633333;
1982-10-11;3,6;11,8;0;24,2;18,08;11,2;53,75;3,066667;
1982-10-12;4,1;2,7;,7;20,6;15,78;13,3;69,75;4,766667;
1982-10-13;3;11,5;1,8;16,7;10,86;7,2;55,5;5,366667;
1982-10-14;3;11,7;0;20,8;13,46;4,6;51,5;1,733333;
1982-10-15;3,2;9;0;21,8;15,88;8,2;50,75;3,766667;
1982-10-16;6,1;11,4;0;27,4;19,74;11,4;66,75;4,866667;
1982-10-17;null;3,5;10,8;30,4;21,6;17,1;68,5;null;
1982-10-18;2,5;11,8;3,6;18,8;13,48;8,2;51,5;3,6;
1982-10-19;1,8;11,7;0;23,1;16,66;9,6;52;4,066667;
1982-10-20;1,7;7,3;0;29;22,64;13,3;69;2,2;
1982-10-21;2,1;,8;22,4;25,7;20,04;18;91,75;6,033333;
1982-10-22;,1;4,3;87,3;23,7;19,92;17,8;89,25;2,7;
1982-10-23;,6;,4;9,5;21,3;18,86;17,5;86,75;2,733333;
1982-10-24;,7;5,4;4,9;21,7;16,44;13;70,25;4,666667;
1982-10-25;,9;12;0;21,4;16,36;11;57,5;3,3;
1982-10-26;,9;9,4;0;23,2;18,12;12,4;63,5;3,666667;
1982-10-27;4,5;12,1;0;23,1;18,64;15;56,5;5,566667;
1982-10-28;5,2;11,9;0;24,2;17,62;9,8;50,5;1,866667;
1982-10-29;5;11,5;0;28,2;19,94;14;71,25;3,5;
1982-10-30;7;12,1;5,2;23,5;16,8;11,5;49,75;3,766667;
1982-10-31;5,8;11,6;0;24;18,98;13;51,75;2,333333;
1982-11-01;5,1;0;,4;19,6;17,06;14,5;91,75;9,033333;
1982-11-02;null;0;84;23;19,14;16,5;92;null;
1982-11-03;null;0;50,9;20,2;15,22;12,4;84;null;
1982-11-04;1,4;10,3;3,4;19,2;14,58;8;63;2,9;
1982-11-05;3,3;,3;0;17,4;14,52;12;82;3,133333;
1982-11-06;1,3;7,4;0;22,6;17,66;12,5;69;1,633333;
1982-11-07;2,1;8,3;0;22,5;18,16;12,8;75,5;2,066667;
1982-11-08;3,1;11,1;,7;19,5;15,04;11,3;57,75;3,3;
1982-11-09;3,8;3,8;0;23,2;16,9;8,5;52,75;4,766667;
1982-11-10;7;12,3;0;23,5;19,4;14,8;91,5;4,3;
1982-11-11;1,4;2,6;33,2;19,9;16,22;14,8;70,75;6,066667;
1982-11-12;3,9;12,4;0;19,4;14,54;7,5;39,5;3;
1982-11-13;5,9;11,1;0;21,5;15,8;8,5;52,25;4,866667;
1982-11-14;5,1;,7;0;18;14,84;11;83,25;1,833333;
1982-11-15;null;2,9;1,2;22,3;16,74;14;84,25;null;
1982-11-16;2,5;3,6;0;22,2;17,82;13,5;71,5;4,433333;
1982-11-17;3,7;11,9;0;25,2;19,44;12,5;72,5;4,8;
1982-11-18;3,9;1,4;0;22,5;19,78;14,5;91,75;3,2;
1982-11-19;null;0;11;24,1;21,34;18,5;84;null;
1982-11-20;1,2;9,3;0;25,5;19,6;17;55,75;4,566667;
1982-11-21;3,6;12,6;0;22,2;16,64;9,2;50,75;2,1;
1982-11-22;4,2;12,2;0;26,1;20,1;11,5;49,75;2,433333;
1982-11-23;5,8;12,5;0;27,5;21,62;14,5;54,75;2,3;
1982-11-24;5,7;12,6;0;28,3;22,38;15,6;48,5;1,933333;
1982-11-25;5,9;12,1;0;30,2;23,52;16;44,25;2,333333;
1982-11-26;6,6;8,4;0;32;24,22;17;56,75;2,366667;
1982-11-27;5,2;6,9;0;29,2;24,5;18,2;62,25;1,7;
1982-11-28;4,3;10,3;0;30,4;25,78;20,5;62,25;2,733333;
1982-11-29;4,6;6,6;0;30,6;24,32;21,2;78,75;3;
1982-11-30;3,4;,2;3,9;27,4;22,3;20;92;2,166667;
1982-12-01;null;0;9,1;20,8;19,16;18,1;80;null;
1982-12-02;2,5;12,7;,2;21,8;17,06;12,8;52,75;7,4;
1982-12-03;6,9;12,9;0;23,4;17,62;11;51,25;5,333333;
1982-12-04;6,1;10,9;0;23,8;18,44;11,5;53,25;5,966667;
1982-12-05;4,9;5;0;25,3;19,94;13,5;66;3,3;
1982-12-06;5,8;8,9;0;26,4;18,38;15,4;59;7;
1982-12-07;null;12,2;0;22;16,16;8;41;null;
1982-12-08;6,9;13;0;26,2;19,46;11;38,25;1,766667;
1982-12-09;6,7;11;0;28,5;21,6;13;36;3,4;
1982-12-10;8,6;12,9;0;32,2;24,14;15,2;42,5;2,966667;
1982-12-11;9;12;0;33,8;26,98;19,8;50;2,166667;
1982-12-12;5,7;2,9;0;28,5;24,48;20,6;67,75;2,566667;
1982-12-13;3,8;11,5;0;34,5;27,28;20;55,25;5,566667;
1982-12-14;6,6;1,4;16,5;27,9;21,24;17,8;85;4,1;
1982-12-15;1,7;11,4;1,9;28,5;22,82;16,5;71,75;2,5;
1982-12-16;4;1,3;0;27;21,52;19,7;84,5;3,3;
1982-12-17;3,1;7,2;37;29,6;24,52;19,1;74,5;2,966667;
1982-12-18;3;3;0;28,5;25,16;21,2;80,5;2,3;
1982-12-19;2,8;12,3;,8;29;23,9;19,8;51;2,7;
1982-12-20;5;12,3;0;29,3;23,12;17;47,5;3,633333;
1982-12-21;8,1;,7;0;25,1;21,4;16;67,75;2,866667;
1982-12-22;3;6,5;,4;27,3;22,48;19;87,25;1,4;
1982-12-23;2,8;10,2;12,3;27,2;21,94;19;71;3,466667;
1982-12-24;4;13;0;29,5;23,78;17,5;48,5;3,4;
1982-12-25;7,3;12,9;0;32,8;25,86;18,8;54,75;2,166667;
1982-12-26;5,5;11,6;0;32,2;27,24;21;51,75;2,033333;
1982-12-27;6,1;12,4;0;32,7;27,56;21;49,75;2,5;
1982-12-28;6,8;12,1;0;34,5;27,56;21,4;52,25;2,133333;
1982-12-29;6,2;8;0;35;27,56;22;60,25;1,733333;
1982-12-30;5,5;7,8;0;34,4;26,84;22,3;69,5;1,6;
1982-12-31;4,7;9,8;15,2;32,1;26,7;19,9;61,75;2,5;
1983-01-01;5,5;12;0;30,5;24,78;19,6;54,75;3,366667;
1983-01-02;6,6;11,5;0;28,3;22,76;16,2;58,25;4,233333;
1983-01-03;6,1;10,4;0;31;24,82;17,9;60,5;3,666667;
1983-01-04;1,6;4;0;28,5;22,32;19,8;85,25;4,766667;
1983-01-05;2,5;0;5,1;22;19,94;18,2;85,25;4,733333;
1983-01-06;1,7;3,8;15,7;26,7;22,16;18;74;3,066667;
1983-01-07;3,2;7,6;0;30;24,48;19,3;70,25;1,3;
1983-01-08;2,8;10,6;0;29,3;25,04;19,8;64,5;2,3;
1983-01-09;2,8;12,1;0;29,8;24,96;19,9;57,75;1,533333;
1983-01-10;3,4;11,6;0;33,4;27,14;20;59,5;2,266667;
1983-01-11;2,4;4,3;0;31,2;26,82;22,6;63,25;2,733333;
1983-01-12;1,7;11,6;0;31,4;26,04;19,8;58,25;3,8;
1983-01-13;1,7;8,7;0;31,8;26,58;19;66,75;3,6;
1983-01-14;4,8;5,4;18,5;29,5;24,72;19,5;77;2,866667;
1983-01-15;3;12,1;1,2;30,1;26;21,8;65,25;3,2;
1983-01-16;4,3;7,3;0;27,4;23,34;19,6;74;4,633333;
1983-01-17;3,9;6,4;0;27,6;22,96;18;69,75;3,566667;
1983-01-18;4,1;3;0;27,5;23,46;19,5;80;1,3;
1983-01-19;1,9;10,2;0;27,5;21,62;18,1;75,25;3,466667;
1983-01-20;3,1;10,2;0;28,8;23,98;18,6;69,25;3,666667;
1983-01-21;4,2;12,6;0;33,4;26,82;19;55;1,533333;
1983-01-22;3,3;12,7;0;35,5;28,86;21,9;48;1,133333;
1983-01-23;3,1;12,6;0;34,2;26,62;14,2;54,75;2,233333;
1983-01-24;2,1;5,9;0;32,5;25,04;21,2;78;4,133333;
1983-01-25;4,9;5,4;22,3;29,8;24,82;21;80;4,4;
1983-01-26;3,4;0;14,2;25,9;23,06;20,2;84,75;1,933333;
1983-01-27;1,3;6;0;29,2;24,22;21;79,5;4,2;
1983-01-28;3,4;9,8;0;31,3;26,56;21;71,5;3,9;
1983-01-29;5;2,4;0;29,5;24,8;23;86,5;4;
1983-01-30;3,1;9,4;2;29,5;24,84;19,7;81,75;3,766667;
1983-01-31;3,1;10,5;9,5;27;21,46;17,2;68;7,566667;
1983-02-01;5,8;12,1;0;23,6;18,26;13;57,25;5,8;
1983-02-02;3,7;12;0;24,3;19,44;13;58,25;2,833333;
1983-02-03;5,9;12,1;0;27;21,48;14,1;64,75;3,033333;
1983-02-04;4,5;9;0;28,1;22,42;17,1;62,25;3,2;
1983-02-05;5,4;6,4;0;28;23,38;18,2;65,5;2,4;
1983-02-06;4,1;9,9;0;28,8;24,3;18;73,75;1,9;
1983-02-07;3,4;8,4;0;30,3;25,22;20,6;76,5;2,633333;
1983-02-08;3,8;11,6;21,8;30;24,64;18,6;75,5;1,466667;
1983-02-09;3,1;11,6;0;31;25,7;18,8;66;2,133333;
1983-02-10;4,6;4,7;0;29,5;24,36;21,4;80,75;1,966667;
1983-02-11;2;4,4;,3;30,1;24,34;21,3;78;2,166667;
1983-02-12;3,3;8;0;24,3;20;18;58;6,566667;
1983-02-13;5,8;10,2;0;25,8;19,5;11;67,75;4,433333;
1983-02-14;5,2;0;,6;22,1;19,02;16,5;99,25;3,133333;
1983-02-15;,3;,5;163,8;24,3;21,08;18,2;94;2,033333;
1983-02-16;,6;2,4;11,3;24,2;20,48;19,1;82,5;5,2;
1983-02-17;1,3;12,1;,2;26,1;20,6;15;68,5;1,566667;
1983-02-18;3,2;11;0;28,4;22,6;16,8;71,25;1,9;
1983-02-19;4,3;9,1;0;31,7;25,82;20,5;74;2,6;
1983-02-20;4,7;9;0;32,6;25,88;23,3;65;5,7;
1983-02-21;5,6;0;7,4;23,3;21,14;19,7;96;3,366667;
1983-02-22;,4;8,5;34,4;29,2;24,56;20,1;80;2,1;
1983-02-23;3,1;6,9;0;30,2;26;23,1;86,25;2,233333;
1983-02-24;1;,4;117,4;25,9;21,88;20;93;3,1;
1983-02-25;1,4;0;14;21,7;20,56;20;97,5;2,733333;
1983-02-26;3;,4;58,6;23,8;21,44;18,9;78,75;3,3;
1983-02-27;3;,5;0;23,1;20,04;16,9;77,75;4,366667;
1983-02-28;2;10,4;0;25,2;19,42;15,8;71;2,9;
1983-03-01;2,3;9,1;0;26;20,66;14,8;70,75;1,966667;
1983-03-02;2;,1;0;22,2;19,76;17,4;81,75;2,666667;
1983-03-03;1,9;3,6;0;25;19,66;14,8;71,75;3,866667;
1983-03-04;3;8,4;0;26,3;21,1;16,7;76;1,9;
1983-03-05;3,2;10,1;0;27;21,78;17,8;67;2,366667;
1983-03-06;4,5;10,8;0;28,1;22,56;16,2;68;4,133333;
1983-03-07;4,1;11,3;0;28,3;23,02;17,3;69;3,666667;
1983-03-08;3,7;8,5;0;28,2;22,86;17,8;81,25;1,9;
1983-03-09;2,5;11;0;32,5;26,06;18,9;69,5;3,9;
1983-03-10;5,3;0;16,4;27;18,72;15,4;98,25;3,066667;
1983-03-11;,2;0;32,5;18,7;17,48;15,3;97,25;3;
1983-03-12;,2;9;9,8;24,2;19,66;16,6;75,25;1,766667;
1983-03-13;2,6;8,4;0;23,8;18,7;15,5;73,25;2,133333;
1983-03-14;2,8;10,9;0;24,3;18,28;12,1;62,75;2,033333;
1983-03-15;3,6;10,2;0;26,5;20;12,6;79,75;3,333333;
1983-03-16;3,2;0;0;21,7;19,26;17,5;96,25;3,866667;
1983-03-17;,6;3,1;46,8;23,1;20,08;17;86;1,266667;
1983-03-18;2,5;11;0;20,4;14,96;11,7;64,5;4,533333;
1983-03-19;3,6;11;0;23,8;17,36;11,7;64,25;1,966667;
1983-03-20;4;10,9;0;23,5;17,26;11;51;1,433333;
1983-03-21;3,9;10,9;0;22,8;16,82;10,2;66,75;1,633333;
1983-03-22;4;10,4;0;25,2;18,88;13;66;3,2;
1983-03-23;4,1;10,4;0;25,7;19,78;14,1;77;4,133333;
1983-03-24;3,4;10,8;0;25,9;19,82;13,5;68,25;4,033333;
1983-03-25;3,9;9,3;0;26,3;21,04;16;67,75;4,633333;
1983-03-26;4,1;9,4;0;27,6;21,36;16,1;76;2,633333;
1983-03-27;2,7;3,8;0;30;23,12;17,7;72,25;1,566667;
1983-03-28;3,2;8,8;0;29,1;21,36;18;69;3,866667;
1983-03-29;3,4;8,6;0;22,7;17,92;13,9;70,25;2,8;
1983-03-30;3,1;5,2;0;22,8;18,22;13,7;78;3,133333;
1983-03-31;4,1;0;0;23,5;19,08;15,2;79;3,133333;
1983-04-01;3,1;1,6;0;null;null;15,5;83,5;3,6;
1983-04-02;2,1;0;0;null;null;17,9;85,25;4,333333;
1983-04-03;2,3;0;34,5;null;null;18,4;98;1,3;
1983-04-04;,6;7,6;20,6;null;null;14;72,25;4,366667;
1983-04-05;3,8;5,4;0;null;null;11,5;71,75;3,4;
1983-04-06;2,6;9,8;0;null;null;11,2;70;1,7;
1983-04-07;3,6;10;0;null;null;13,9;63,25;4,366667;
1983-04-08;3,5;10,3;0;null;null;15,1;69,75;1,566667;
1983-04-09;3,5;3,7;0;null;null;14;83,5;2;
1983-04-10;1,4;9,2;0;null;null;14,8;79,5;1,433333;
1983-04-11;2,2;9,6;0;null;null;17;75,75;4,166667;
1983-04-12;4,3;9,6;0;null;null;17,2;70;3,933333;
1983-04-13;4,9;4,8;10,4;null;null;16,8;83,25;2,866667;
1983-04-14;2,6;3,4;0;null;null;11,7;79,5;2,833333;
1983-04-15;2;9,9;0;null;null;10,5;66,5;3,133333;
1983-04-16;3,6;10,1;0;null;null;10,6;63,75;3,5;
1983-04-17;4,2;,5;0;null;null;12;79,75;3,866667;
1983-04-18;2,1;0;4,8;null;null;13,7;97,75;2,5;
1983-04-19;,3;8,2;1,1;null;null;15,8;75,75;3,966667;
1983-04-20;2,4;10;0;null;null;10,9;79;4,3;
1983-04-21;2,5;8,6;0;null;null;10;74;3,7;
1983-04-22;2,4;10,2;0;null;null;7;68,25;1,9;
1983-04-23;2,5;8,7;0;null;null;6;67,75;1,966667;
1983-04-24;3;2;,5;null;null;9,1;89,75;1,566667;
1983-04-25;1,1;9,5;0;null;null;11;78,25;1,566667;
1983-04-26;2,1;8,3;0;null;null;10,4;74,5;1,5;
1983-04-27;3;8;0;null;null;13;79,25;1,633333;
1983-04-28;2,7;,6;0;null;null;15,3;98,25;,733333;
1983-04-29;1,2;6,1;10,2;null;null;12,4;76;4,466667;
1983-04-30;2,7;10,1;0;null;null;7,4;61,25;2,066667;
1983-05-01;4,3;2,3;0;null;null;11,4;81,75;2,6;
1983-05-02;3;0;0;null;null;14,3;79,5;4,566667;
1983-05-03;3,4;0;0;null;null;14,5;94,5;4,9;
1983-05-04;1,2;0;56,2;null;null;16,3;98,75;3,933333;
1983-05-05;,3;3,5;102;null;null;11,4;77,75;5,7;
1983-05-06;3,2;7,9;0;null;null;7,6;76,25;2,233333;
1983-05-07;2,2;6,2;0;null;null;9,5;66,75;,966667;
1983-05-08;2,9;7,8;5,2;null;null;12,5;76;2,233333;
1983-05-09;2,8;5,7;0;null;null;10,8;80;3,466667;
1983-05-10;2,1;0;0;null;null;13;95,25;3,1;
1983-05-11;,4;,2;1,6;null;null;14,1;89,25;3,6;
1983-05-12;1,3;1,9;0;null;null;10,8;86,5;,933333;
1983-05-13;,8;9,1;0;null;null;7,5;79,75;2,066667;
1983-05-14;2,2;1,8;,2;null;null;9,6;89,5;1,5;
1983-05-15;1;0;3,5;null;null;11,8;96,5;4,5;
1983-05-16;,7;2,4;,3;null;null;15,8;91,5;2;
1983-05-17;1,1;4,4;2,2;null;null;11,6;89,5;1,4;
1983-05-18;1,1;1,8;0;null;null;8,6;86,75;2;
1983-05-19;1,3;0;,7;null;null;10,5;93,5;1,6;
1983-05-20;,7;0;5;null;null;14,4;83,75;4,433333;
1983-05-21;1,7;1,2;,3;null;null;12,5;89,75;3,366667;
1983-05-22;1,5;1,1;0;null;null;13,6;84,25;3,9;
1983-05-23;1,5;,3;0;null;null;12,5;88,25;4,4;
1983-05-24;1,6;6,2;0;null;null;9,4;81;3,533333;
1983-05-25;2;9,4;0;null;null;6,6;74;4,533333;
1983-05-26;4,3;1,6;0;null;null;9,9;88,75;2,933333;
1983-05-27;1,7;0;19,6;null;null;11,6;87;3,533333;
1983-05-28;1,3;5,9;0;null;null;8,1;73,75;4,266667;
1983-05-29;2,8;9,2;0;null;null;3;65,75;1,833333;
1983-05-30;3,2;8,2;0;null;null;7,1;71,75;3,266667;
1983-05-31;3;3;0;null;null;3,4;89,75;4,9;
1983-06-01;1,3;2,5;,2;null;null;7,5;87,25;4,866667;
1983-06-02;1,3;1,8;,4;null;null;6,3;84,25;1,7;
1983-06-03;,8;,6;0;null;null;5,6;91,25;3,866667;
1983-06-04;1;8,9;4,3;null;null;1,6;69,25;5,533333;
1983-06-05;2,2;9,9;0;null;null;,3;74,25;1,066667;
1983-06-06;1,6;9,7;0;null;null;1;65,25;,666667;
1983-06-07;1,9;9,6;0;null;null;2,1;71,25;1,266667;
1983-06-08;2,4;8,8;0;null;null;2,4;78,25;1,433333;
1983-06-09;1,5;8,7;0;null;null;3;77,25;4,3;
1983-06-10;2;9,3;0;null;null;,2;72,5;1,6;
1983-06-11;1,6;9,2;0;null;null;,6;75,75;4,133333;
1983-06-12;3,2;0;0;null;null;2,2;95;5,733333;
1983-06-13;,2;3;21,5;null;null;7,9;92,25;6,966667;
1983-06-14;,1;1,8;,3;null;null;7,2;84;5,033333;
1983-06-15;1,9;6,6;0;null;null;4,7;83;2,4;
1983-06-16;,8;9,1;0;null;null;1,6;80,25;2,533333;
1983-06-17;1,7;9;0;null;null;5,2;78,25;3,866667;
1983-06-18;3,9;9,3;0;null;null;9,2;64,25;7,7;
1983-06-19;10,6;3,1;,1;22,7;21,12;18,4;72,25;7,3;
1983-06-20;6;5,8;0;null;null;18,9;82,5;5,866667;
1983-06-21;2,4;3,2;0;null;null;15,7;84,75;3,966667;
1983-06-22;2,6;0;11,2;null;null;11,6;96,5;6,2;
1983-06-23;,5;0;69,6;null;null;8,1;65;4,9;
1983-06-24;3,7;9,6;0;null;null;2,4;70;2,233333;
1983-06-25;2,3;9,8;0;null;null;2,2;62,75;1,2;
1983-06-26;2,5;9;0;null;null;2,7;75,5;1,4;
1983-06-27;2,3;6,6;0;null;null;1,5;70;1,866667;
1983-06-28;2;9,8;0;null;null;2,6;74,5;1,966667;
1983-06-29;2,5;8,4;0;null;null;2,3;64,5;2,633333;
1983-06-30;3,5;0;0;null;null;4,9;90,5;1,766667;
1983-07-01;,4;0;0;null;null;8,3;96,25;3,333333;
1983-07-02;,2;0;10;null;null;9,9;92,5;7,733333;
1983-07-03;2,1;9,7;42,8;null;null;5,2;63;4,3;
1983-07-04;3,4;8,3;0;null;null;6,4;58,75;3,133333;
1983-07-05;4,6;0;,7;null;null;9,8;92,75;3,733333;
1983-07-06;1,4;3,6;0;null;null;10,6;87,75;3,833333;
1983-07-07;2,3;1,2;5;null;null;8,4;96,5;2,366667;
1983-07-08;1,8;0;6,2;null;null;9,6;94,5;3,233333;
1983-07-09;,8;,7;2,5;null;null;6,8;86;4,433333;
1983-07-10;1,4;8,8;3,2;null;null;6,5;79,75;2,4;
1983-07-11;1,4;9,5;0;null;null;1,2;76;1,966667;
1983-07-12;2,3;9,2;0;null;null;1,5;70,25;2,566667;
1983-07-13;2,4;0;0;null;null;2,2;97;5,1;
1983-07-14;,4;0;36,8;null;null;8,3;95,75;2,333333;
1983-07-15;,6;4;19,2;null;null;9,4;74;7,266667;
1983-07-16;2,1;5,4;0;null;null;4,1;82;3,133333;
1983-07-17;1,5;3,8;0;null;null;4,4;83,5;2,3;
1983-07-18;1,4;3,9;0;null;null;4,8;75;2,766667;
1983-07-19;1,8;3,4;0;null;null;5,8;76,75;2,133333;
1983-07-20;1,3;9,8;0;null;null;2,5;78,75;1,3;
1983-07-21;1,8;5,8;0;null;null;2,4;77,5;2,266667;
1983-07-22;1,8;9,1;0;null;null;3,3;79,5;,533333;
1983-07-23;1,7;,1;0;null;null;6,6;83,75;2,633333;
1983-07-24;1,2;0;0;null;null;8,9;88,25;5,366667;
1983-07-25;1,7;2,4;2,4;null;null;6,6;70,75;5,9;
1983-07-26;2,5;0;0;null;null;6,5;86;4,533333;
1983-07-27;1,2;0;29,6;null;null;8,5;93;5,366667;
1983-07-28;,7;0;3;null;null;10;90,75;3,066667;
1983-07-29;,6;0;,1;null;null;10;94,25;3,533333;
1983-07-30;,5;6,9;3,5;null;null;4,8;65,5;4,666667;
1983-07-31;4,6;7,3;0;null;null;3;67,75;4,7;
1983-08-01;2,4;2,6;0;null;null;5,2;80,25;3,733333;
1983-08-02;1,7;1,3;,6;null;null;5;79,25;3,3;
1983-08-03;1,5;8,9;0;null;null;2,9;77,75;2,133333;
1983-08-04;2;9,1;0;null;null;5,1;77,5;2,8;
1983-08-05;2,9;9,5;0;null;null;6;63,25;5,033333;
1983-08-06;4,8;8,6;0;21,8;14,74;6,8;61;2,266667;
1983-08-07;4,4;3,1;0;18,4;13,04;10,1;67,5;3,1;
1983-08-08;2,2;0;18,8;12,6;7,56;5,6;91;5,033333;
1983-08-09;,8;1,5;4,8;12;9,06;4,5;80,25;3,033333;
1983-08-10;1,7;1;0;16,6;13;5,6;88,25;6,966667;
1983-08-11;1,3;7;,6;18;13,92;11,2;82,25;1,466667;
1983-08-12;1,4;0;3,2;20,8;17,04;11,8;94;3,633333;
1983-08-13;1,2;1,7;23;18,7;12,56;10,2;79,25;3,533333;
1983-08-14;1,4;7,2;0;18,6;12,62;6,2;76,75;2,066667;
1983-08-15;2,2;0;0;15,2;10,86;7,9;85,25;5,933333;
1983-08-16;1,5;9,6;0;11,6;6,8;2,2;58,25;4,033333;
1983-08-17;3,6;0;0;12,7;9,72;4,4;84,25;2,3;
1983-08-18;1,1;9,9;0;17,5;11,44;6,2;63;2,733333;
1983-08-19;3,4;10;0;15,8;9,94;6,8;64,25;4,633333;
1983-08-20;3,4;10,1;0;13,6;7,44;2,2;62,75;2,266667;
1983-08-21;1,8;9,6;0;15,3;9,3;2,2;74,75;3,533333;
1983-08-22;3;8,2;0;19,6;13,02;6;73,5;4,033333;
1983-08-23;3,6;7,7;0;22,7;16,04;9,1;72;4,333333;
1983-08-24;4,6;0;0;28,2;20,68;12,6;71,75;4,166667;
1983-08-25;4,8;0;0;30;22,62;15;72;4,4;
1983-08-26;7,6;0;5,6;29,8;22,6;17,9;81;3,066667;
1983-08-27;3,4;0;,4;22,9;19,96;17,2;73,25;2,266667;
1983-08-28;3,3;0;0;28,6;23,94;15,5;41,5;5,733333;
1983-08-29;9;0;0;27;21,6;18,9;72,75;6,933333;
1983-08-30;5;,3;0;18,9;12,54;10,5;78,25;4,933333;
1983-08-31;1,7;,1;0;12,7;10,36;9,2;81,75;4,4;
1983-09-01;1,9;3,9;0;13,2;9,78;6,4;69,5;3,966667;
1983-09-02;1,9;10,5;0;18,6;11,7;4,6;57,5;2,066667;
1983-09-03;3,3;10,3;0;20;13,6;7;58,75;,533333;
1983-09-04;2,4;10,2;0;21,8;14,84;7,2;55,5;3,8;
1983-09-05;4,8;8,9;0;23,7;17,58;11,6;65;1;
1983-09-06;2,7;,9;0;19;13;10,6;82,25;4,266667;
1983-09-07;2,5;9,3;0;13,6;8,34;6,6;45,25;4,866667;
1983-09-08;6;10,5;0;12,6;6,98;1,9;48,25;2,7;
1983-09-09;3,2;10,5;0;15,6;8,48;1,8;52,25;1,266667;
1983-09-10;3,3;6,9;0;18;11,36;4;53,25;1,733333;
1983-09-11;5,5;0;0;12,4;8,28;5;66,5;2,333333;
1983-09-12;2,3;9,1;0;16;10,14;6;59;1,833333;
1983-09-13;2,9;9,9;0;18,5;11,52;3,2;55,25;1,766667;
1983-09-14;2,6;2,6;0;17,8;12,42;7;67;3,2;
1983-09-15;2,5;5,7;0;19,8;14,26;8,7;75,25;2,933333;
1983-09-16;2,3;4,3;0;18,6;14,4;11,6;70,25;2,5;
1983-09-17;2,3;7,1;0;21,2;14,04;7,1;71,75;3,4;
1983-09-18;3,6;3,6;0;18,2;13,44;10,8;73,75;5,233333;
1983-09-19;3,8;10,1;0;15,6;9,94;4,4;48,75;4,366667;
1983-09-20;5,5;10,6;0;17,5;11,78;3,9;42,25;1,9;
1983-09-21;4;10,1;0;21;13,44;4,4;45;4,3;
1983-09-22;6;2,8;0;20,7;14,7;9,8;80,5;3,666667;
1983-09-23;2,4;2;17,8;21,4;17;13,4;81;2,2;
1983-09-24;1,4;8,4;0;22,9;16,7;10,8;76,5;1,033333;
1983-09-25;2,2;6,8;0;26,2;19,44;13,4;84,25;3,866667;
1983-09-26;4,1;,4;0;24,3;20,44;15;69,75;7,866667;
1983-09-27;5,8;2,9;28;25,9;21,52;19;80;6,366667;
1983-09-28;4,8;0;7,2;24,4;18,42;16,4;95,75;2,9;
1983-09-29;,9;5,1;38,8;16,4;11,88;9,7;67,5;6,8;
1983-09-30;3,2;8,7;0;16;11,94;5,6;58,5;4,566667;
1983-10-01;4;10,7;0;18,8;13,66;9,2;59;1,566667;
1983-10-02;1,2;10,7;0;20,7;14,5;6,6;62,75;2,466667;
1983-10-03;3;11;0;23,8;17,2;9;67;2,4;
1983-10-04;4;10,5;0;29,5;22,16;14,6;66,75;1,8;
1983-10-05;3,9;9,7;0;29,1;22,36;16,6;71,5;2,266667;
1983-10-06;4,9;10,7;0;31,2;23,48;15,7;57,5;4,766667;
1983-10-07;8;10,1;0;31,2;24,58;17,6;59,25;3,366667;
1983-10-08;6,2;8,9;0;33,8;27,22;21,8;61,25;4,766667;
1983-10-09;9,6;0;1,6;28,4;19,42;16,6;57,75;5,733333;
1983-10-10;3,3;,3;1,7;16,6;11,58;9;76;5,033333;
1983-10-11;2,2;10,9;0;20,8;14,52;7,4;67,25;4,433333;
1983-10-12;3,9;7,3;0;24,2;18,68;10,4;74,25;3,9;
1983-10-13;3,2;9,2;0;28,5;22,28;15,2;72,25;2,033333;
1983-10-14;4,4;0;31,7;24,3;18,26;15,2;86,25;3,833333;
1983-10-15;1,5;1,8;19,6;24,4;19,8;14,7;85,5;1,566667;
1983-10-16;2;0;14;20,7;18,12;13;95;4,8;
1983-10-17;,6;8,3;32,3;20,1;15,22;13,6;58,5;7,733333;
1983-10-18;4,2;11,9;0;18,6;12,96;6,8;60,5;1,5;
1983-10-19;4,8;9,4;0;23,4;17,24;10;58,75;3,1;
1983-10-20;3,7;11,6;0;26,1;19,68;11,4;54,75;2,033333;
1983-10-21;5,1;5,8;0;27,8;20,54;11,8;57,75;2,1;
1983-10-22;5;10,9;0;24;15,92;11,8;57,25;6,6;
1983-10-23;4;11,6;0;16;10,9;7;54,75;4,9;
1983-10-24;5;11,9;0;17,2;12;3,8;55,75;4,866667;
1983-10-25;5,5;10,8;0;22,7;16,58;9,4;55,75;6,366667;
1983-10-26;7;8,7;0;25,3;19,72;12,4;62,75;4,866667;
1983-10-27;5,6;5;2,4;24,8;20,22;17;79,25;3,3;
1983-10-28;6;4,7;2;29,5;22,44;17,5;69,5;4,3;
1983-10-29;5,7;2,1;0;25,5;20,92;16,4;70,25;2,866667;
1983-10-30;3,7;0;0;21,4;18,58;15,6;75,25;4,433333;
1983-10-31;3,2;6,6;0;23,1;17,18;12,8;67,25;6,133333;
1983-11-01;5,4;4,3;0;22,4;16,2;8,6;66,75;5,533333;
1983-11-02;5,5;0;0;17;16,04;14,4;92;5,633333;
1983-11-03;,8;5,2;13,7;24,3;18,96;15,6;84,25;1,466667;
1983-11-04;1,9;2,3;1,3;24,6;19,38;14,2;79,75;1,566667;
1983-11-05;2,6;10,2;0;28,3;22,6;16;66,25;1,7;
1983-11-06;3,5;9,1;0;28;22,92;17,1;69;2,766667;
1983-11-07;3,7;0;2,6;25,7;21,52;19;79,5;1,733333;
1983-11-08;1,8;11,8;,8;27,7;22,8;17,6;61,5;1,466667;
1983-11-09;4;9,1;0;28,2;22,74;16,8;61,5;4,1;
1983-11-10;2;3,8;0;28,6;21,8;19;79,25;2,666667;
1983-11-11;1,3;8,5;15;27;22,3;13,2;74,25;3;
1983-11-12;,8;5,7;63,2;26,9;20,04;16;81,75;3,866667;
1983-11-13;1;7,5;1,6;24,8;19,24;16,1;80,25;4,466667;
1983-11-14;2,5;3,6;,4;21,3;18,2;15,1;81,75;2,466667;
1983-11-15;1;4,2;5,6;21,4;18,96;15,8;83,75;1,966667;
1983-11-16;1,4;9,2;1,6;25,3;20,04;14,7;74,5;2,166667;
1983-11-17;3;8,6;0;28;21,9;16,6;71,25;2,5;
1983-11-18;,5;2,7;1,8;25,1;21,24;17,4;72,75;2,3;
1983-11-19;2,5;12,6;0;25;19,86;14,6;50;3,3;
1983-11-20;1;10,2;0;25,7;20,1;13,9;50;2,066667;
1983-11-21;2,1;,2;0;22,6;17,06;15;73,75;6,4;
1983-11-22;2,5;12,9;0;20,3;14,08;7,2;57;2,966667;
1983-11-23;2;12,8;0;25,4;18,84;10;43,75;5,1;
1983-11-24;2,2;12,8;0;30,3;23,24;15;48,75;3,933333;
1983-11-25;,8;12,3;0;28,2;22,28;16,5;63,75;3,466667;
1983-11-26;1;6;0;25,6;20,32;16,5;72,25;3,6;
1983-11-27;3;12,3;0;26,3;20,12;13,6;68,25;4,266667;
1983-11-28;4;12,6;0;30,4;24,3;16,6;60,5;2,566667;
1983-11-29;5,1;12,2;0;33,2;26,72;19,6;53;3,366667;
1983-11-30;7,1;9,6;0;35,1;28,52;22,6;49,25;2,733333;
1983-12-01;null;null;null;null;null;null;null;null;
1983-12-02;null;null;null;null;null;null;null;null;
1983-12-03;null;null;null;null;null;null;null;null;
1983-12-04;null;null;null;null;null;null;null;null;
1983-12-05;null;null;null;null;null;null;null;null;
1983-12-06;null;null;null;null;null;null;null;null;
1983-12-07;null;null;null;null;null;null;null;null;
1983-12-08;null;null;null;null;null;null;null;null;
1983-12-09;null;null;null;null;null;null;null;null;
1983-12-10;null;null;null;null;null;null;null;null;
1983-12-11;null;null;null;null;null;null;null;null;
1983-12-12;null;null;null;null;null;null;null;null;
1983-12-13;null;null;null;null;null;null;null;null;
1983-12-14;null;null;null;null;null;null;null;null;
1983-12-15;null;null;null;null;null;null;null;null;
1983-12-16;null;null;null;null;null;null;null;null;
1983-12-17;null;null;null;null;null;null;null;null;
1983-12-18;null;null;null;null;null;null;null;null;
1983-12-19;null;null;null;null;null;null;null;null;
1983-12-20;null;null;null;null;null;null;null;null;
1983-12-21;null;null;null;null;null;null;null;null;
1983-12-22;null;null;null;null;null;null;null;null;
1983-12-23;null;null;null;null;null;null;null;null;
1983-12-24;null;null;null;null;null;null;null;null;
1983-12-25;null;null;null;null;null;null;null;null;
1983-12-26;null;null;null;null;null;null;null;null;
1983-12-27;null;null;null;null;null;null;null;null;
1983-12-28;null;null;null;null;null;null;null;null;
1983-12-29;null;null;null;null;null;null;null;null;
1983-12-30;null;null;null;null;null;null;null;null;
1983-12-31;null;null;null;null;null;null;null;null;
1984-01-01;null;null;null;null;null;null;null;null;
1984-01-02;null;null;null;null;null;null;null;null;
1984-01-03;null;null;null;null;null;null;null;null;
1984-01-04;null;null;null;null;null;null;null;null;
1984-01-05;null;null;null;null;null;null;null;null;
1984-01-06;null;null;null;null;null;null;null;null;
1984-01-07;null;null;null;null;null;null;null;null;
1984-01-08;null;null;null;null;null;null;null;null;
1984-01-09;null;null;null;null;null;null;null;null;
1984-01-10;null;null;null;null;null;null;null;null;
1984-01-11;null;null;null;null;null;null;null;null;
1984-01-12;null;null;null;null;null;null;null;null;
1984-01-13;null;null;null;null;null;null;null;null;
1984-01-14;null;null;null;null;null;null;null;null;
1984-01-15;null;null;null;null;null;null;null;null;
1984-01-16;null;null;null;null;null;null;null;null;
1984-01-17;null;null;null;null;null;null;null;null;
1984-01-18;null;null;null;null;null;null;null;null;
1984-01-19;null;null;null;null;null;null;null;null;
1984-01-20;null;null;null;null;null;null;null;null;
1984-01-21;null;null;null;null;null;null;null;null;
1984-01-22;null;null;null;null;null;null;null;null;
1984-01-23;null;null;null;null;null;null;null;null;
1984-01-24;null;null;null;null;null;null;null;null;
1984-01-25;null;null;null;null;null;null;null;null;
1984-01-26;null;null;null;null;null;null;null;null;
1984-01-27;null;null;null;null;null;null;null;null;
1984-01-28;null;null;null;null;null;null;null;null;
1984-01-29;null;null;null;null;null;null;null;null;
1984-01-30;null;null;null;null;null;null;null;null;
1984-01-31;null;null;null;null;null;null;null;null;
1984-02-01;null;null;null;null;null;null;null;null;
1984-02-02;null;null;null;null;null;null;null;null;
1984-02-03;null;null;null;null;null;null;null;null;
1984-02-04;null;null;null;null;null;null;null;null;
1984-02-05;null;null;null;null;null;null;null;null;
1984-02-06;null;null;null;null;null;null;null;null;
1984-02-07;null;null;null;null;null;null;null;null;
1984-02-08;null;null;null;null;null;null;null;null;
1984-02-09;null;null;null;null;null;null;null;null;
1984-02-10;null;null;null;null;null;null;null;null;
1984-02-11;null;null;null;null;null;null;null;null;
1984-02-12;null;null;null;null;null;null;null;null;
1984-02-13;null;null;null;null;null;null;null;null;
1984-02-14;null;null;null;null;null;null;null;null;
1984-02-15;null;null;null;null;null;null;null;null;
1984-02-16;null;null;null;null;null;null;null;null;
1984-02-17;null;null;null;null;null;null;null;null;
1984-02-18;null;null;null;null;null;null;null;null;
1984-02-19;null;null;null;null;null;null;null;null;
1984-02-20;null;null;null;null;null;null;null;null;
1984-02-21;null;null;null;null;null;null;null;null;
1984-02-22;null;null;null;null;null;null;null;null;
1984-02-23;null;null;null;null;null;null;null;null;
1984-02-24;null;null;null;null;null;null;null;null;
1984-02-25;null;null;null;null;null;null;null;null;
1984-02-26;null;null;null;null;null;null;null;null;
1984-02-27;null;null;null;null;null;null;null;null;
1984-02-28;null;null;null;null;null;null;null;null;
1984-02-29;null;null;null;null;null;null;null;null;
1984-03-01;null;null;null;null;null;null;null;null;
1984-03-02;null;null;null;null;null;null;null;null;
1984-03-03;null;null;null;null;null;null;null;null;
1984-03-04;null;null;null;null;null;null;null;null;
1984-03-05;null;null;null;null;null;null;null;null;
1984-03-06;null;null;null;null;null;null;null;null;
1984-03-07;null;null;null;null;null;null;null;null;
1984-03-08;null;null;null;null;null;null;null;null;
1984-03-09;null;null;null;null;null;null;null;null;
1984-03-10;null;null;null;null;null;null;null;null;
1984-03-11;null;null;null;null;null;null;null;null;
1984-03-12;null;null;null;null;null;null;null;null;
1984-03-13;null;null;null;null;null;null;null;null;
1984-03-14;null;null;null;null;null;null;null;null;
1984-03-15;null;null;null;null;null;null;null;null;
1984-03-16;null;null;null;null;null;null;null;null;
1984-03-17;null;null;null;null;null;null;null;null;
1984-03-18;null;null;null;null;null;null;null;null;
1984-03-19;null;null;null;null;null;null;null;null;
1984-03-20;null;null;null;null;null;null;null;null;
1984-03-21;null;null;null;null;null;null;null;null;
1984-03-22;null;null;null;null;null;null;null;null;
1984-03-23;null;null;null;null;null;null;null;null;
1984-03-24;null;null;null;null;null;null;null;null;
1984-03-25;null;null;null;null;null;null;null;null;
1984-03-26;null;null;null;null;null;null;null;null;
1984-03-27;null;null;null;null;null;null;null;null;
1984-03-28;null;null;null;null;null;null;null;null;
1984-03-29;null;null;null;null;null;null;null;null;
1984-03-30;null;null;null;null;null;null;null;null;
1984-03-31;null;null;null;null;null;null;null;null;
1984-04-01;null;null;null;null;null;null;null;null;
1984-04-02;null;null;null;null;null;null;null;null;
1984-04-03;null;null;null;null;null;null;null;null;
1984-04-04;null;null;null;null;null;null;null;null;
1984-04-05;null;null;null;null;null;null;null;null;
1984-04-06;null;null;null;null;null;null;null;null;
1984-04-07;null;null;null;null;null;null;null;null;
1984-04-08;null;null;null;null;null;null;null;null;
1984-04-09;null;null;null;null;null;null;null;null;
1984-04-10;null;null;null;null;null;null;null;null;
1984-04-11;null;null;null;null;null;null;null;null;
1984-04-12;null;null;null;null;null;null;null;null;
1984-04-13;null;null;null;null;null;null;null;null;
1984-04-14;null;null;null;null;null;null;null;null;
1984-04-15;null;null;null;null;null;null;null;null;
1984-04-16;null;null;null;null;null;null;null;null;
1984-04-17;null;null;null;null;null;null;null;null;
1984-04-18;null;null;null;null;null;null;null;null;
1984-04-19;null;null;null;null;null;null;null;null;
1984-04-20;null;null;null;null;null;null;null;null;
1984-04-21;null;null;null;null;null;null;null;null;
1984-04-22;null;null;null;null;null;null;null;null;
1984-04-23;null;null;null;null;null;null;null;null;
1984-04-24;null;null;null;null;null;null;null;null;
1984-04-25;null;null;null;null;null;null;null;null;
1984-04-26;null;null;null;null;null;null;null;null;
1984-04-27;null;null;null;null;null;null;null;null;
1984-04-28;null;null;null;null;null;null;null;null;
1984-04-29;null;null;null;null;null;null;null;null;
1984-04-30;null;null;null;null;null;null;null;null;
1984-05-01;null;null;null;null;null;null;null;null;
1984-05-02;null;null;null;null;null;null;null;null;
1984-05-03;null;null;null;null;null;null;null;null;
1984-05-04;null;null;null;null;null;null;null;null;
1984-05-05;null;null;null;null;null;null;null;null;
1984-05-06;null;null;null;null;null;null;null;null;
1984-05-07;null;null;null;null;null;null;null;null;
1984-05-08;null;null;null;null;null;null;null;null;
1984-05-09;null;null;null;null;null;null;null;null;
1984-05-10;null;null;null;null;null;null;null;null;
1984-05-11;null;null;null;null;null;null;null;null;
1984-05-12;null;null;null;null;null;null;null;null;
1984-05-13;null;null;null;null;null;null;null;null;
1984-05-14;null;null;null;null;null;null;null;null;
1984-05-15;null;null;null;null;null;null;null;null;
1984-05-16;null;null;null;null;null;null;null;null;
1984-05-17;null;null;null;null;null;null;null;null;
1984-05-18;null;null;null;null;null;null;null;null;
1984-05-19;null;null;null;null;null;null;null;null;
1984-05-20;null;null;null;null;null;null;null;null;
1984-05-21;null;null;null;null;null;null;null;null;
1984-05-22;null;null;null;null;null;null;null;null;
1984-05-23;null;null;null;null;null;null;null;null;
1984-05-24;null;null;null;null;null;null;null;null;
1984-05-25;null;null;null;null;null;null;null;null;
1984-05-26;null;null;null;null;null;null;null;null;
1984-05-27;null;null;null;null;null;null;null;null;
1984-05-28;null;null;null;null;null;null;null;null;
1984-05-29;null;null;null;null;null;null;null;null;
1984-05-30;null;null;null;null;null;null;null;null;
1984-05-31;null;null;null;null;null;null;null;null;
1984-06-01;null;null;null;null;null;null;null;null;
1984-06-02;null;null;null;null;null;null;null;null;
1984-06-03;null;null;null;null;null;null;null;null;
1984-06-04;null;null;null;null;null;null;null;null;
1984-06-05;null;null;null;null;null;null;null;null;
1984-06-06;null;null;null;null;null;null;null;null;
1984-06-07;null;null;null;null;null;null;null;null;
1984-06-08;null;null;null;null;null;null;null;null;
1984-06-09;null;null;null;null;null;null;null;null;
1984-06-10;null;null;null;null;null;null;null;null;
1984-06-11;null;null;null;null;null;null;null;null;
1984-06-12;null;null;null;null;null;null;null;null;
1984-06-13;null;null;null;null;null;null;null;null;
1984-06-14;null;null;null;null;null;null;null;null;
1984-06-15;null;null;null;null;null;null;null;null;
1984-06-16;null;null;null;null;null;null;null;null;
1984-06-17;null;null;null;null;null;null;null;null;
1984-06-18;null;null;null;null;null;null;null;null;
1984-06-19;null;null;null;null;null;null;null;null;
1984-06-20;null;null;null;null;null;null;null;null;
1984-06-21;null;null;null;null;null;null;null;null;
1984-06-22;null;null;null;null;null;null;null;null;
1984-06-23;null;null;null;null;null;null;null;null;
1984-06-24;null;null;null;null;null;null;null;null;
1984-06-25;null;null;null;null;null;null;null;null;
1984-06-26;null;null;null;null;null;null;null;null;
1984-06-27;null;null;null;null;null;null;null;null;
1984-06-28;null;null;null;null;null;null;null;null;
1984-06-29;null;null;null;null;null;null;null;null;
1984-06-30;null;null;null;null;null;null;null;null;
1984-07-01;null;null;null;null;null;null;null;null;
1984-07-02;null;null;null;null;null;null;null;null;
1984-07-03;null;null;null;null;null;null;null;null;
1984-07-04;null;null;null;null;null;null;null;null;
1984-07-05;null;null;null;null;null;null;null;null;
1984-07-06;null;null;null;null;null;null;null;null;
1984-07-07;null;null;null;null;null;null;null;null;
1984-07-08;null;null;null;null;null;null;null;null;
1984-07-09;null;null;null;null;null;null;null;null;
1984-07-10;null;null;null;null;null;null;null;null;
1984-07-11;null;null;null;null;null;null;null;null;
1984-07-12;null;null;null;null;null;null;null;null;
1984-07-13;null;null;null;null;null;null;null;null;
1984-07-14;null;null;null;null;null;null;null;null;
1984-07-15;null;null;null;null;null;null;null;null;
1984-07-16;null;null;null;null;null;null;null;null;
1984-07-17;null;null;null;null;null;null;null;null;
1984-07-18;null;null;null;null;null;null;null;null;
1984-07-19;null;null;null;null;null;null;null;null;
1984-07-20;null;null;null;null;null;null;null;null;
1984-07-21;null;null;null;null;null;null;null;null;
1984-07-22;null;null;null;null;null;null;null;null;
1984-07-23;null;null;null;null;null;null;null;null;
1984-07-24;null;null;null;null;null;null;null;null;
1984-07-25;null;null;null;null;null;null;null;null;
1984-07-26;null;null;null;null;null;null;null;null;
1984-07-27;null;null;null;null;null;null;null;null;
1984-07-28;null;null;null;null;null;null;null;null;
1984-07-29;null;null;null;null;null;null;null;null;
1984-07-30;null;null;null;null;null;null;null;null;
1984-07-31;null;null;null;null;null;null;null;null;
1984-08-01;null;null;null;null;null;null;null;null;
1984-08-02;null;null;null;null;null;null;null;null;
1984-08-03;null;null;null;null;null;null;null;null;
1984-08-04;null;null;null;null;null;null;null;null;
1984-08-05;null;null;null;null;null;null;null;null;
1984-08-06;null;null;null;null;null;null;null;null;
1984-08-07;null;null;null;null;null;null;null;null;
1984-08-08;null;null;null;null;null;null;null;null;
1984-08-09;null;null;null;null;null;null;null;null;
1984-08-10;null;null;null;null;null;null;null;null;
1984-08-11;null;null;null;null;null;null;null;null;
1984-08-12;null;null;null;null;null;null;null;null;
1984-08-13;null;null;null;null;null;null;null;null;
1984-08-14;null;null;null;null;null;null;null;null;
1984-08-15;null;null;null;null;null;null;null;null;
1984-08-16;null;null;null;null;null;null;null;null;
1984-08-17;null;null;null;null;null;null;null;null;
1984-08-18;null;null;null;null;null;null;null;null;
1984-08-19;null;null;null;null;null;null;null;null;
1984-08-20;null;null;null;null;null;null;null;null;
1984-08-21;null;null;null;null;null;null;null;null;
1984-08-22;null;null;null;null;null;null;null;null;
1984-08-23;null;null;null;null;null;null;null;null;
1984-08-24;null;null;null;null;null;null;null;null;
1984-08-25;null;null;null;null;null;null;null;null;
1984-08-26;null;null;null;null;null;null;null;null;
1984-08-27;null;null;null;null;null;null;null;null;
1984-08-28;null;null;null;null;null;null;null;null;
1984-08-29;null;null;null;null;null;null;null;null;
1984-08-30;null;null;null;null;null;null;null;null;
1984-08-31;null;null;null;null;null;null;null;null;
1984-09-01;null;null;null;null;null;null;null;null;
1984-09-02;null;null;null;null;null;null;null;null;
1984-09-03;null;null;null;null;null;null;null;null;
1984-09-04;null;null;null;null;null;null;null;null;
1984-09-05;null;null;null;null;null;null;null;null;
1984-09-06;null;null;null;null;null;null;null;null;
1984-09-07;null;null;null;null;null;null;null;null;
1984-09-08;null;null;null;null;null;null;null;null;
1984-09-09;null;null;null;null;null;null;null;null;
1984-09-10;null;null;null;null;null;null;null;null;
1984-09-11;null;null;null;null;null;null;null;null;
1984-09-12;null;null;null;null;null;null;null;null;
1984-09-13;null;null;null;null;null;null;null;null;
1984-09-14;null;null;null;null;null;null;null;null;
1984-09-15;null;null;null;null;null;null;null;null;
1984-09-16;null;null;null;null;null;null;null;null;
1984-09-17;null;null;null;null;null;null;null;null;
1984-09-18;null;null;null;null;null;null;null;null;
1984-09-19;null;null;null;null;null;null;null;null;
1984-09-20;null;null;null;null;null;null;null;null;
1984-09-21;null;null;null;null;null;null;null;null;
1984-09-22;null;null;null;null;null;null;null;null;
1984-09-23;null;null;null;null;null;null;null;null;
1984-09-24;null;null;null;null;null;null;null;null;
1984-09-25;null;null;null;null;null;null;null;null;
1984-09-26;null;null;null;null;null;null;null;null;
1984-09-27;null;null;null;null;null;null;null;null;
1984-09-28;null;null;null;null;null;null;null;null;
1984-09-29;null;null;null;null;null;null;null;null;
1984-09-30;null;null;null;null;null;null;null;null;
1984-10-01;null;null;null;null;null;null;null;null;
1984-10-02;null;null;null;null;null;null;null;null;
1984-10-03;null;null;null;null;null;null;null;null;
1984-10-04;null;null;null;null;null;null;null;null;
1984-10-05;null;null;null;null;null;null;null;null;
1984-10-06;null;null;null;null;null;null;null;null;
1984-10-07;null;null;null;null;null;null;null;null;
1984-10-08;null;null;null;null;null;null;null;null;
1984-10-09;null;null;null;null;null;null;null;null;
1984-10-10;null;null;null;null;null;null;null;null;
1984-10-11;null;null;null;null;null;null;null;null;
1984-10-12;null;null;null;null;null;null;null;null;
1984-10-13;null;null;null;null;null;null;null;null;
1984-10-14;null;null;null;null;null;null;null;null;
1984-10-15;null;null;null;null;null;null;null;null;
1984-10-16;null;null;null;null;null;null;null;null;
1984-10-17;null;null;null;null;null;null;null;null;
1984-10-18;null;null;null;null;null;null;null;null;
1984-10-19;null;null;null;null;null;null;null;null;
1984-10-20;null;null;null;null;null;null;null;null;
1984-10-21;null;null;null;null;null;null;null;null;
1984-10-22;null;null;null;null;null;null;null;null;
1984-10-23;null;null;null;null;null;null;null;null;
1984-10-24;null;null;null;null;null;null;null;null;
1984-10-25;null;null;null;null;null;null;null;null;
1984-10-26;null;null;null;null;null;null;null;null;
1984-10-27;null;null;null;null;null;null;null;null;
1984-10-28;null;null;null;null;null;null;null;null;
1984-10-29;null;null;null;null;null;null;null;null;
1984-10-30;null;null;null;null;null;null;null;null;
1984-10-31;null;null;null;null;null;null;null;null;
1984-11-01;null;null;null;null;null;null;null;null;
1984-11-02;null;null;null;null;null;null;null;null;
1984-11-03;null;null;null;null;null;null;null;null;
1984-11-04;null;null;null;null;null;null;null;null;
1984-11-05;null;null;null;null;null;null;null;null;
1984-11-06;null;null;null;null;null;null;null;null;
1984-11-07;null;null;null;null;null;null;null;null;
1984-11-08;null;null;null;null;null;null;null;null;
1984-11-09;null;null;null;null;null;null;null;null;
1984-11-10;null;null;null;null;null;null;null;null;
1984-11-11;null;null;null;null;null;null;null;null;
1984-11-12;null;null;null;null;null;null;null;null;
1984-11-13;null;null;null;null;null;null;null;null;
1984-11-14;null;null;null;null;null;null;null;null;
1984-11-15;null;null;null;null;null;null;null;null;
1984-11-16;null;null;null;null;null;null;null;null;
1984-11-17;null;null;null;null;null;null;null;null;
1984-11-18;null;null;null;null;null;null;null;null;
1984-11-19;null;null;null;null;null;null;null;null;
1984-11-20;null;null;null;null;null;null;null;null;
1984-11-21;null;null;null;null;null;null;null;null;
1984-11-22;null;null;null;null;null;null;null;null;
1984-11-23;null;null;null;null;null;null;null;null;
1984-11-24;null;null;null;null;null;null;null;null;
1984-11-25;null;null;null;null;null;null;null;null;
1984-11-26;null;null;null;null;null;null;null;null;
1984-11-27;null;null;null;null;null;null;null;null;
1984-11-28;null;null;null;null;null;null;null;null;
1984-11-29;null;null;null;null;null;null;null;null;
1984-11-30;null;null;null;null;null;null;null;null;
1984-12-01;null;null;null;null;null;null;null;null;
1984-12-02;null;null;null;null;null;null;null;null;
1984-12-03;null;null;null;null;null;null;null;null;
1984-12-04;null;null;null;null;null;null;null;null;
1984-12-05;null;null;null;null;null;null;null;null;
1984-12-06;null;null;null;null;null;null;null;null;
1984-12-07;null;null;null;null;null;null;null;null;
1984-12-08;null;null;null;null;null;null;null;null;
1984-12-09;null;null;null;null;null;null;null;null;
1984-12-10;null;null;null;null;null;null;null;null;
1984-12-11;null;null;null;null;null;null;null;null;
1984-12-12;null;null;null;null;null;null;null;null;
1984-12-13;null;null;null;null;null;null;null;null;
1984-12-14;null;null;null;null;null;null;null;null;
1984-12-15;null;null;null;null;null;null;null;null;
1984-12-16;null;null;null;null;null;null;null;null;
1984-12-17;null;null;null;null;null;null;null;null;
1984-12-18;null;null;null;null;null;null;null;null;
1984-12-19;null;null;null;null;null;null;null;null;
1984-12-20;null;null;null;null;null;null;null;null;
1984-12-21;null;null;null;null;null;null;null;null;
1984-12-22;null;null;null;null;null;null;null;null;
1984-12-23;null;null;null;null;null;null;null;null;
1984-12-24;null;null;null;null;null;null;null;null;
1984-12-25;null;null;null;null;null;null;null;null;
1984-12-26;null;null;null;null;null;null;null;null;
1984-12-27;null;null;null;null;null;null;null;null;
1984-12-28;null;null;null;null;null;null;null;null;
1984-12-29;null;null;null;null;null;null;null;null;
1984-12-30;null;null;null;null;null;null;null;null;
1984-12-31;null;null;null;null;null;null;null;null;
1985-01-01;null;null;null;null;null;null;null;null;
1985-01-02;null;null;null;null;null;null;null;null;
1985-01-03;null;null;null;null;null;null;null;null;
1985-01-04;null;null;null;null;null;null;null;null;
1985-01-05;null;null;null;null;null;null;null;null;
1985-01-06;null;null;null;null;null;null;null;null;
1985-01-07;null;null;null;null;null;null;null;null;
1985-01-08;null;null;null;null;null;null;null;null;
1985-01-09;null;null;null;null;null;null;null;null;
1985-01-10;null;null;null;null;null;null;null;null;
1985-01-11;null;null;null;null;null;null;null;null;
1985-01-12;null;null;null;null;null;null;null;null;
1985-01-13;null;null;null;null;null;null;null;null;
1985-01-14;null;null;null;null;null;null;null;null;
1985-01-15;null;null;null;null;null;null;null;null;
1985-01-16;null;null;null;null;null;null;null;null;
1985-01-17;null;null;null;null;null;null;null;null;
1985-01-18;null;null;null;null;null;null;null;null;
1985-01-19;null;null;null;null;null;null;null;null;
1985-01-20;null;null;null;null;null;null;null;null;
1985-01-21;null;null;null;null;null;null;null;null;
1985-01-22;null;null;null;null;null;null;null;null;
1985-01-23;null;null;null;null;null;null;null;null;
1985-01-24;null;null;null;null;null;null;null;null;
1985-01-25;null;null;null;null;null;null;null;null;
1985-01-26;null;null;null;null;null;null;null;null;
1985-01-27;null;null;null;null;null;null;null;null;
1985-01-28;null;null;null;null;null;null;null;null;
1985-01-29;null;null;null;null;null;null;null;null;
1985-01-30;null;null;null;null;null;null;null;null;
1985-01-31;null;null;null;null;null;null;null;null;
1985-02-01;null;null;null;null;null;null;null;null;
1985-02-02;null;null;null;null;null;null;null;null;
1985-02-03;null;null;null;null;null;null;null;null;
1985-02-04;null;null;null;null;null;null;null;null;
1985-02-05;null;null;null;null;null;null;null;null;
1985-02-06;null;null;null;null;null;null;null;null;
1985-02-07;null;null;null;null;null;null;null;null;
1985-02-08;null;null;null;null;null;null;null;null;
1985-02-09;null;null;null;null;null;null;null;null;
1985-02-10;null;null;null;null;null;null;null;null;
1985-02-11;null;null;null;null;null;null;null;null;
1985-02-12;null;null;null;null;null;null;null;null;
1985-02-13;null;null;null;null;null;null;null;null;
1985-02-14;null;null;null;null;null;null;null;null;
1985-02-15;null;null;null;null;null;null;null;null;
1985-02-16;null;null;null;null;null;null;null;null;
1985-02-17;null;null;null;null;null;null;null;null;
1985-02-18;null;null;null;null;null;null;null;null;
1985-02-19;null;null;null;null;null;null;null;null;
1985-02-20;null;null;null;null;null;null;null;null;
1985-02-21;null;null;null;null;null;null;null;null;
1985-02-22;null;null;null;null;null;null;null;null;
1985-02-23;null;null;null;null;null;null;null;null;
1985-02-24;null;null;null;null;null;null;null;null;
1985-02-25;null;null;null;null;null;null;null;null;
1985-02-26;null;null;null;null;null;null;null;null;
1985-02-27;null;null;null;null;null;null;null;null;
1985-02-28;null;null;null;null;null;null;null;null;
1985-03-01;null;null;null;null;null;null;null;null;
1985-03-02;null;null;null;null;null;null;null;null;
1985-03-03;null;null;null;null;null;null;null;null;
1985-03-04;null;null;null;null;null;null;null;null;
1985-03-05;null;null;null;null;null;null;null;null;
1985-03-06;null;null;null;null;null;null;null;null;
1985-03-07;null;null;null;null;null;null;null;null;
1985-03-08;null;null;null;null;null;null;null;null;
1985-03-09;null;null;null;null;null;null;null;null;
1985-03-10;null;null;null;null;null;null;null;null;
1985-03-11;null;null;null;null;null;null;null;null;
1985-03-12;null;null;null;null;null;null;null;null;
1985-03-13;null;null;null;null;null;null;null;null;
1985-03-14;null;null;null;null;null;null;null;null;
1985-03-15;null;null;null;null;null;null;null;null;
1985-03-16;null;null;null;null;null;null;null;null;
1985-03-17;null;null;null;null;null;null;null;null;
1985-03-18;null;null;null;null;null;null;null;null;
1985-03-19;null;null;null;null;null;null;null;null;
1985-03-20;null;null;null;null;null;null;null;null;
1985-03-21;null;null;null;null;null;null;null;null;
1985-03-22;null;null;null;null;null;null;null;null;
1985-03-23;null;null;null;null;null;null;null;null;
1985-03-24;null;null;null;null;null;null;null;null;
1985-03-25;null;null;null;null;null;null;null;null;
1985-03-26;null;null;null;null;null;null;null;null;
1985-03-27;null;null;null;null;null;null;null;null;
1985-03-28;null;null;null;null;null;null;null;null;
1985-03-29;null;null;null;null;null;null;null;null;
1985-03-30;null;null;null;null;null;null;null;null;
1985-03-31;null;null;null;null;null;null;null;null;
1985-04-01;null;null;null;null;null;null;null;null;
1985-04-02;null;null;null;null;null;null;null;null;
1985-04-03;null;null;null;null;null;null;null;null;
1985-04-04;null;null;null;null;null;null;null;null;
1985-04-05;null;null;null;null;null;null;null;null;
1985-04-06;null;null;null;null;null;null;null;null;
1985-04-07;null;null;null;null;null;null;null;null;
1985-04-08;null;null;null;null;null;null;null;null;
1985-04-09;null;null;null;null;null;null;null;null;
1985-04-10;null;null;null;null;null;null;null;null;
1985-04-11;null;null;null;null;null;null;null;null;
1985-04-12;null;null;null;null;null;null;null;null;
1985-04-13;null;null;null;null;null;null;null;null;
1985-04-14;null;null;null;null;null;null;null;null;
1985-04-15;null;null;null;null;null;null;null;null;
1985-04-16;null;null;null;null;null;null;null;null;
1985-04-17;null;null;null;null;null;null;null;null;
1985-04-18;null;null;null;null;null;null;null;null;
1985-04-19;null;null;null;null;null;null;null;null;
1985-04-20;null;null;null;null;null;null;null;null;
1985-04-21;null;null;null;null;null;null;null;null;
1985-04-22;null;null;null;null;null;null;null;null;
1985-04-23;null;null;null;null;null;null;null;null;
1985-04-24;null;null;null;null;null;null;null;null;
1985-04-25;null;null;null;null;null;null;null;null;
1985-04-26;null;null;null;null;null;null;null;null;
1985-04-27;null;null;null;null;null;null;null;null;
1985-04-28;null;null;null;null;null;null;null;null;
1985-04-29;null;null;null;null;null;null;null;null;
1985-04-30;null;null;null;null;null;null;null;null;
1985-05-01;null;null;null;null;null;null;null;null;
1985-05-02;null;null;null;null;null;null;null;null;
1985-05-03;null;null;null;null;null;null;null;null;
1985-05-04;null;null;null;null;null;null;null;null;
1985-05-05;null;null;null;null;null;null;null;null;
1985-05-06;null;null;null;null;null;null;null;null;
1985-05-07;null;null;null;null;null;null;null;null;
1985-05-08;null;null;null;null;null;null;null;null;
1985-05-09;null;null;null;null;null;null;null;null;
1985-05-10;null;null;null;null;null;null;null;null;
1985-05-11;null;null;null;null;null;null;null;null;
1985-05-12;null;null;null;null;null;null;null;null;
1985-05-13;null;null;null;null;null;null;null;null;
1985-05-14;null;null;null;null;null;null;null;null;
1985-05-15;null;null;null;null;null;null;null;null;
1985-05-16;null;null;null;null;null;null;null;null;
1985-05-17;null;null;null;null;null;null;null;null;
1985-05-18;null;null;null;null;null;null;null;null;
1985-05-19;null;null;null;null;null;null;null;null;
1985-05-20;null;null;null;null;null;null;null;null;
1985-05-21;null;null;null;null;null;null;null;null;
1985-05-22;null;null;null;null;null;null;null;null;
1985-05-23;null;null;null;null;null;null;null;null;
1985-05-24;null;null;null;null;null;null;null;null;
1985-05-25;null;null;null;null;null;null;null;null;
1985-05-26;null;null;null;null;null;null;null;null;
1985-05-27;null;null;null;null;null;null;null;null;
1985-05-28;null;null;null;null;null;null;null;null;
1985-05-29;null;null;null;null;null;null;null;null;
1985-05-30;null;null;null;null;null;null;null;null;
1985-05-31;null;null;null;null;null;null;null;null;
1985-06-01;null;null;null;null;null;null;null;null;
1985-06-02;null;null;null;null;null;null;null;null;
1985-06-03;null;null;null;null;null;null;null;null;
1985-06-04;null;null;null;null;null;null;null;null;
1985-06-05;null;null;null;null;null;null;null;null;
1985-06-06;null;null;null;null;null;null;null;null;
1985-06-07;null;null;null;null;null;null;null;null;
1985-06-08;null;null;null;null;null;null;null;null;
1985-06-09;null;null;null;null;null;null;null;null;
1985-06-10;null;null;null;null;null;null;null;null;
1985-06-11;null;null;null;null;null;null;null;null;
1985-06-12;null;null;null;null;null;null;null;null;
1985-06-13;null;null;null;null;null;null;null;null;
1985-06-14;null;null;null;null;null;null;null;null;
1985-06-15;null;null;null;null;null;null;null;null;
1985-06-16;null;null;null;null;null;null;null;null;
1985-06-17;null;null;null;null;null;null;null;null;
1985-06-18;null;null;null;null;null;null;null;null;
1985-06-19;null;null;null;null;null;null;null;null;
1985-06-20;null;null;null;null;null;null;null;null;
1985-06-21;null;null;null;null;null;null;null;null;
1985-06-22;null;null;null;null;null;null;null;null;
1985-06-23;null;null;null;null;null;null;null;null;
1985-06-24;null;null;null;null;null;null;null;null;
1985-06-25;null;null;null;null;null;null;null;null;
1985-06-26;null;null;null;null;null;null;null;null;
1985-06-27;null;null;null;null;null;null;null;null;
1985-06-28;null;null;null;null;null;null;null;null;
1985-06-29;null;null;null;null;null;null;null;null;
1985-06-30;null;null;null;null;null;null;null;null;
1985-07-01;null;null;null;null;null;null;null;null;
1985-07-02;null;null;null;null;null;null;null;null;
1985-07-03;null;null;null;null;null;null;null;null;
1985-07-04;null;null;null;null;null;null;null;null;
1985-07-05;null;null;null;null;null;null;null;null;
1985-07-06;null;null;null;null;null;null;null;null;
1985-07-07;null;null;null;null;null;null;null;null;
1985-07-08;null;null;null;null;null;null;null;null;
1985-07-09;null;null;null;null;null;null;null;null;
1985-07-10;null;null;null;null;null;null;null;null;
1985-07-11;null;null;null;null;null;null;null;null;
1985-07-12;null;null;null;null;null;null;null;null;
1985-07-13;null;null;null;null;null;null;null;null;
1985-07-14;null;null;null;null;null;null;null;null;
1985-07-15;null;null;null;null;null;null;null;null;
1985-07-16;null;null;null;null;null;null;null;null;
1985-07-17;null;null;null;null;null;null;null;null;
1985-07-18;null;null;null;null;null;null;null;null;
1985-07-19;null;null;null;null;null;null;null;null;
1985-07-20;null;null;null;null;null;null;null;null;
1985-07-21;null;null;null;null;null;null;null;null;
1985-07-22;null;null;null;null;null;null;null;null;
1985-07-23;null;null;null;null;null;null;null;null;
1985-07-24;null;null;null;null;null;null;null;null;
1985-07-25;null;null;null;null;null;null;null;null;
1985-07-26;null;null;null;null;null;null;null;null;
1985-07-27;null;null;null;null;null;null;null;null;
1985-07-28;null;null;null;null;null;null;null;null;
1985-07-29;null;null;null;null;null;null;null;null;
1985-07-30;null;null;null;null;null;null;null;null;
1985-07-31;null;null;null;null;null;null;null;null;
1985-08-01;null;null;null;null;null;null;null;null;
1985-08-02;null;null;null;null;null;null;null;null;
1985-08-03;null;null;null;null;null;null;null;null;
1985-08-04;null;null;null;null;null;null;null;null;
1985-08-05;null;null;null;null;null;null;null;null;
1985-08-06;null;null;null;null;null;null;null;null;
1985-08-07;null;null;null;null;null;null;null;null;
1985-08-08;null;null;null;null;null;null;null;null;
1985-08-09;null;null;null;null;null;null;null;null;
1985-08-10;null;null;null;null;null;null;null;null;
1985-08-11;null;null;null;null;null;null;null;null;
1985-08-12;null;null;null;null;null;null;null;null;
1985-08-13;null;null;null;null;null;null;null;null;
1985-08-14;null;null;null;null;null;null;null;null;
1985-08-15;null;null;null;null;null;null;null;null;
1985-08-16;null;null;null;null;null;null;null;null;
1985-08-17;null;null;null;null;null;null;null;null;
1985-08-18;null;null;null;null;null;null;null;null;
1985-08-19;null;null;null;null;null;null;null;null;
1985-08-20;null;null;null;null;null;null;null;null;
1985-08-21;null;null;null;null;null;null;null;null;
1985-08-22;null;null;null;null;null;null;null;null;
1985-08-23;null;null;null;null;null;null;null;null;
1985-08-24;null;null;null;null;null;null;null;null;
1985-08-25;null;null;null;null;null;null;null;null;
1985-08-26;null;null;null;null;null;null;null;null;
1985-08-27;null;null;null;null;null;null;null;null;
1985-08-28;null;null;null;null;null;null;null;null;
1985-08-29;null;null;null;null;null;null;null;null;
1985-08-30;null;null;null;null;null;null;null;null;
1985-08-31;null;null;null;null;null;null;null;null;
1985-09-01;null;null;null;null;null;null;null;null;
1985-09-02;null;null;null;null;null;null;null;null;
1985-09-03;null;null;null;null;null;null;null;null;
1985-09-04;null;null;null;null;null;null;null;null;
1985-09-05;null;null;null;null;null;null;null;null;
1985-09-06;null;null;null;null;null;null;null;null;
1985-09-07;null;null;null;null;null;null;null;null;
1985-09-08;null;null;null;null;null;null;null;null;
1985-09-09;null;null;null;null;null;null;null;null;
1985-09-10;null;null;null;null;null;null;null;null;
1985-09-11;null;null;null;null;null;null;null;null;
1985-09-12;null;null;null;null;null;null;null;null;
1985-09-13;null;null;null;null;null;null;null;null;
1985-09-14;null;null;null;null;null;null;null;null;
1985-09-15;null;null;null;null;null;null;null;null;
1985-09-16;null;null;null;null;null;null;null;null;
1985-09-17;null;null;null;null;null;null;null;null;
1985-09-18;null;null;null;null;null;null;null;null;
1985-09-19;null;null;null;null;null;null;null;null;
1985-09-20;null;null;null;null;null;null;null;null;
1985-09-21;null;null;null;null;null;null;null;null;
1985-09-22;null;null;null;null;null;null;null;null;
1985-09-23;null;null;null;null;null;null;null;null;
1985-09-24;null;null;null;null;null;null;null;null;
1985-09-25;null;null;null;null;null;null;null;null;
1985-09-26;null;null;null;null;null;null;null;null;
1985-09-27;null;null;null;null;null;null;null;null;
1985-09-28;null;null;null;null;null;null;null;null;
1985-09-29;null;null;null;null;null;null;null;null;
1985-09-30;null;null;null;null;null;null;null;null;
1985-10-01;null;null;null;null;null;null;null;null;
1985-10-02;null;null;null;null;null;null;null;null;
1985-10-03;null;null;null;null;null;null;null;null;
1985-10-04;null;null;null;null;null;null;null;null;
1985-10-05;null;null;null;null;null;null;null;null;
1985-10-06;null;null;null;null;null;null;null;null;
1985-10-07;null;null;null;null;null;null;null;null;
1985-10-08;null;null;null;null;null;null;null;null;
1985-10-09;null;null;null;null;null;null;null;null;
1985-10-10;null;null;null;null;null;null;null;null;
1985-10-11;null;null;null;null;null;null;null;null;
1985-10-12;null;null;null;null;null;null;null;null;
1985-10-13;null;null;null;null;null;null;null;null;
1985-10-14;null;null;null;null;null;null;null;null;
1985-10-15;null;null;null;null;null;null;null;null;
1985-10-16;null;null;null;null;null;null;null;null;
1985-10-17;null;null;null;null;null;null;null;null;
1985-10-18;null;null;null;null;null;null;null;null;
1985-10-19;null;null;null;null;null;null;null;null;
1985-10-20;null;null;null;null;null;null;null;null;
1985-10-21;null;null;null;null;null;null;null;null;
1985-10-22;null;null;null;null;null;null;null;null;
1985-10-23;null;null;null;null;null;null;null;null;
1985-10-24;null;null;null;null;null;null;null;null;
1985-10-25;null;null;null;null;null;null;null;null;
1985-10-26;null;null;null;null;null;null;null;null;
1985-10-27;null;null;null;null;null;null;null;null;
1985-10-28;null;null;null;null;null;null;null;null;
1985-10-29;null;null;null;null;null;null;null;null;
1985-10-30;null;null;null;null;null;null;null;null;
1985-10-31;null;null;null;null;null;null;null;null;
1985-11-01;null;null;null;null;null;null;null;null;
1985-11-02;null;null;null;null;null;null;null;null;
1985-11-03;null;null;null;null;null;null;null;null;
1985-11-04;null;null;null;null;null;null;null;null;
1985-11-05;null;null;null;null;null;null;null;null;
1985-11-06;null;null;null;null;null;null;null;null;
1985-11-07;null;null;null;null;null;null;null;null;
1985-11-08;null;null;null;null;null;null;null;null;
1985-11-09;null;null;null;null;null;null;null;null;
1985-11-10;null;null;null;null;null;null;null;null;
1985-11-11;null;null;null;null;null;null;null;null;
1985-11-12;null;null;null;null;null;null;null;null;
1985-11-13;null;null;null;null;null;null;null;null;
1985-11-14;null;null;null;null;null;null;null;null;
1985-11-15;null;null;null;null;null;null;null;null;
1985-11-16;null;null;null;null;null;null;null;null;
1985-11-17;null;null;null;null;null;null;null;null;
1985-11-18;null;null;null;null;null;null;null;null;
1985-11-19;null;null;null;null;null;null;null;null;
1985-11-20;null;null;null;null;null;null;null;null;
1985-11-21;null;null;null;null;null;null;null;null;
1985-11-22;null;null;null;null;null;null;null;null;
1985-11-23;null;null;null;null;null;null;null;null;
1985-11-24;null;null;null;null;null;null;null;null;
1985-11-25;null;null;null;null;null;null;null;null;
1985-11-26;null;null;null;null;null;null;null;null;
1985-11-27;null;null;null;null;null;null;null;null;
1985-11-28;null;null;null;null;null;null;null;null;
1985-11-29;null;null;null;null;null;null;null;null;
1985-11-30;null;null;null;null;null;null;null;null;
1985-12-01;null;null;null;null;null;null;null;null;
1985-12-02;null;null;null;null;null;null;null;null;
1985-12-03;null;null;null;null;null;null;null;null;
1985-12-04;null;null;null;null;null;null;null;null;
1985-12-05;null;null;null;null;null;null;null;null;
1985-12-06;null;null;null;null;null;null;null;null;
1985-12-07;null;null;null;null;null;null;null;null;
1985-12-08;null;null;null;null;null;null;null;null;
1985-12-09;null;null;null;null;null;null;null;null;
1985-12-10;null;null;null;null;null;null;null;null;
1985-12-11;null;null;null;null;null;null;null;null;
1985-12-12;null;null;null;null;null;null;null;null;
1985-12-13;null;null;null;null;null;null;null;null;
1985-12-14;null;null;null;null;null;null;null;null;
1985-12-15;null;null;null;null;null;null;null;null;
1985-12-16;null;null;null;null;null;null;null;null;
1985-12-17;null;null;null;null;null;null;null;null;
1985-12-18;null;null;null;null;null;null;null;null;
1985-12-19;null;null;null;null;null;null;null;null;
1985-12-20;null;null;null;null;null;null;null;null;
1985-12-21;null;null;null;null;null;null;null;null;
1985-12-22;null;null;null;null;null;null;null;null;
1985-12-23;null;null;null;null;null;null;null;null;
1985-12-24;null;null;null;null;null;null;null;null;
1985-12-25;null;null;null;null;null;null;null;null;
1985-12-26;null;null;null;null;null;null;null;null;
1985-12-27;null;null;null;null;null;null;null;null;
1985-12-28;null;null;null;null;null;null;null;null;
1985-12-29;null;null;null;null;null;null;null;null;
1985-12-30;null;null;null;null;null;null;null;null;
1985-12-31;null;null;null;null;null;null;null;null;
1986-01-01;null;null;null;null;null;null;null;null;
1986-01-02;null;null;null;null;null;null;null;null;
1986-01-03;null;null;null;null;null;null;null;null;
1986-01-04;null;null;null;null;null;null;null;null;
1986-01-05;null;null;null;null;null;null;null;null;
1986-01-06;null;null;null;null;null;null;null;null;
1986-01-07;null;null;null;null;null;null;null;null;
1986-01-08;null;null;null;null;null;null;null;null;
1986-01-09;null;null;null;null;null;null;null;null;
1986-01-10;null;null;null;null;null;null;null;null;
1986-01-11;null;null;null;null;null;null;null;null;
1986-01-12;null;null;null;null;null;null;null;null;
1986-01-13;null;null;null;null;null;null;null;null;
1986-01-14;null;null;null;null;null;null;null;null;
1986-01-15;null;null;null;null;null;null;null;null;
1986-01-16;null;null;null;null;null;null;null;null;
1986-01-17;null;null;null;null;null;null;null;null;
1986-01-18;null;null;null;null;null;null;null;null;
1986-01-19;null;null;null;null;null;null;null;null;
1986-01-20;null;null;null;null;null;null;null;null;
1986-01-21;null;null;null;null;null;null;null;null;
1986-01-22;null;null;null;null;null;null;null;null;
1986-01-23;null;null;null;null;null;null;null;null;
1986-01-24;null;null;null;null;null;null;null;null;
1986-01-25;null;null;null;null;null;null;null;null;
1986-01-26;null;null;null;null;null;null;null;null;
1986-01-27;null;null;null;null;null;null;null;null;
1986-01-28;null;null;null;null;null;null;null;null;
1986-01-29;null;null;null;null;null;null;null;null;
1986-01-30;null;null;null;null;null;null;null;null;
1986-01-31;null;null;null;null;null;null;null;null;
1986-02-01;null;null;null;null;null;null;null;null;
1986-02-02;null;null;null;null;null;null;null;null;
1986-02-03;null;null;null;null;null;null;null;null;
1986-02-04;null;null;null;null;null;null;null;null;
1986-02-05;null;null;null;null;null;null;null;null;
1986-02-06;null;null;null;null;null;null;null;null;
1986-02-07;null;null;null;null;null;null;null;null;
1986-02-08;null;null;null;null;null;null;null;null;
1986-02-09;null;null;null;null;null;null;null;null;
1986-02-10;null;null;null;null;null;null;null;null;
1986-02-11;null;null;null;null;null;null;null;null;
1986-02-12;null;null;null;null;null;null;null;null;
1986-02-13;null;null;null;null;null;null;null;null;
1986-02-14;null;null;null;null;null;null;null;null;
1986-02-15;null;null;null;null;null;null;null;null;
1986-02-16;null;null;null;null;null;null;null;null;
1986-02-17;null;null;null;null;null;null;null;null;
1986-02-18;null;null;null;null;null;null;null;null;
1986-02-19;null;null;null;null;null;null;null;null;
1986-02-20;null;null;null;null;null;null;null;null;
1986-02-21;null;null;null;null;null;null;null;null;
1986-02-22;null;null;null;null;null;null;null;null;
1986-02-23;null;null;null;null;null;null;null;null;
1986-02-24;null;null;null;null;null;null;null;null;
1986-02-25;null;null;null;null;null;null;null;null;
1986-02-26;null;null;null;null;null;null;null;null;
1986-02-27;null;null;null;null;null;null;null;null;
1986-02-28;null;null;null;null;null;null;null;null;
1986-03-01;null;null;null;null;null;null;null;null;
1986-03-02;null;null;null;null;null;null;null;null;
1986-03-03;null;null;null;null;null;null;null;null;
1986-03-04;null;null;null;null;null;null;null;null;
1986-03-05;null;null;null;null;null;null;null;null;
1986-03-06;null;null;null;null;null;null;null;null;
1986-03-07;null;null;null;null;null;null;null;null;
1986-03-08;null;null;null;null;null;null;null;null;
1986-03-09;null;null;null;null;null;null;null;null;
1986-03-10;null;null;null;null;null;null;null;null;
1986-03-11;null;null;null;null;null;null;null;null;
1986-03-12;null;null;null;null;null;null;null;null;
1986-03-13;null;null;null;null;null;null;null;null;
1986-03-14;null;null;null;null;null;null;null;null;
1986-03-15;null;null;null;null;null;null;null;null;
1986-03-16;null;null;null;null;null;null;null;null;
1986-03-17;null;null;null;null;null;null;null;null;
1986-03-18;null;null;null;null;null;null;null;null;
1986-03-19;null;null;null;null;null;null;null;null;
1986-03-20;null;null;null;null;null;null;null;null;
1986-03-21;null;null;null;null;null;null;null;null;
1986-03-22;null;null;null;null;null;null;null;null;
1986-03-23;null;null;null;null;null;null;null;null;
1986-03-24;null;null;null;null;null;null;null;null;
1986-03-25;null;null;null;null;null;null;null;null;
1986-03-26;null;null;null;null;null;null;null;null;
1986-03-27;null;null;null;null;null;null;null;null;
1986-03-28;null;null;null;null;null;null;null;null;
1986-03-29;null;null;null;null;null;null;null;null;
1986-03-30;null;null;null;null;null;null;null;null;
1986-03-31;null;null;null;null;null;null;null;null;
1986-04-01;null;null;null;null;null;null;null;null;
1986-04-02;null;null;null;null;null;null;null;null;
1986-04-03;null;null;null;null;null;null;null;null;
1986-04-04;null;null;null;null;null;null;null;null;
1986-04-05;null;null;null;null;null;null;null;null;
1986-04-06;null;null;null;null;null;null;null;null;
1986-04-07;null;null;null;null;null;null;null;null;
1986-04-08;null;null;null;null;null;null;null;null;
1986-04-09;null;null;null;null;null;null;null;null;
1986-04-10;null;null;null;null;null;null;null;null;
1986-04-11;null;null;null;null;null;null;null;null;
1986-04-12;null;null;null;null;null;null;null;null;
1986-04-13;null;null;null;null;null;null;null;null;
1986-04-14;null;null;null;null;null;null;null;null;
1986-04-15;null;null;null;null;null;null;null;null;
1986-04-16;null;null;null;null;null;null;null;null;
1986-04-17;null;null;null;null;null;null;null;null;
1986-04-18;null;null;null;null;null;null;null;null;
1986-04-19;null;null;null;null;null;null;null;null;
1986-04-20;null;null;null;null;null;null;null;null;
1986-04-21;null;null;null;null;null;null;null;null;
1986-04-22;null;null;null;null;null;null;null;null;
1986-04-23;null;null;null;null;null;null;null;null;
1986-04-24;null;null;null;null;null;null;null;null;
1986-04-25;null;null;null;null;null;null;null;null;
1986-04-26;null;null;null;null;null;null;null;null;
1986-04-27;null;null;null;null;null;null;null;null;
1986-04-28;null;null;null;null;null;null;null;null;
1986-04-29;null;null;null;null;null;null;null;null;
1986-04-30;null;null;null;null;null;null;null;null;
1986-05-01;null;null;null;null;null;null;null;null;
1986-05-02;null;null;null;null;null;null;null;null;
1986-05-03;null;null;null;null;null;null;null;null;
1986-05-04;null;null;null;null;null;null;null;null;
1986-05-05;null;null;null;null;null;null;null;null;
1986-05-06;null;null;null;null;null;null;null;null;
1986-05-07;null;null;null;null;null;null;null;null;
1986-05-08;null;null;null;null;null;null;null;null;
1986-05-09;null;null;null;null;null;null;null;null;
1986-05-10;null;null;null;null;null;null;null;null;
1986-05-11;null;null;null;null;null;null;null;null;
1986-05-12;null;null;null;null;null;null;null;null;
1986-05-13;null;null;null;null;null;null;null;null;
1986-05-14;null;null;null;null;null;null;null;null;
1986-05-15;null;null;null;null;null;null;null;null;
1986-05-16;null;null;null;null;null;null;null;null;
1986-05-17;null;null;null;null;null;null;null;null;
1986-05-18;null;null;null;null;null;null;null;null;
1986-05-19;null;null;null;null;null;null;null;null;
1986-05-20;null;null;null;null;null;null;null;null;
1986-05-21;null;null;null;null;null;null;null;null;
1986-05-22;null;null;null;null;null;null;null;null;
1986-05-23;null;null;null;null;null;null;null;null;
1986-05-24;null;null;null;null;null;null;null;null;
1986-05-25;null;null;null;null;null;null;null;null;
1986-05-26;null;null;null;null;null;null;null;null;
1986-05-27;null;null;null;null;null;null;null;null;
1986-05-28;null;null;null;null;null;null;null;null;
1986-05-29;null;null;null;null;null;null;null;null;
1986-05-30;null;null;null;null;null;null;null;null;
1986-05-31;null;null;null;null;null;null;null;null;
1986-06-01;null;null;null;null;null;null;null;null;
1986-06-02;null;null;null;null;null;null;null;null;
1986-06-03;null;null;null;null;null;null;null;null;
1986-06-04;null;null;null;null;null;null;null;null;
1986-06-05;null;null;null;null;null;null;null;null;
1986-06-06;null;null;null;null;null;null;null;null;
1986-06-07;null;null;null;null;null;null;null;null;
1986-06-08;null;null;null;null;null;null;null;null;
1986-06-09;null;null;null;null;null;null;null;null;
1986-06-10;null;null;null;null;null;null;null;null;
1986-06-11;null;null;null;null;null;null;null;null;
1986-06-12;null;null;null;null;null;null;null;null;
1986-06-13;null;null;null;null;null;null;null;null;
1986-06-14;null;null;null;null;null;null;null;null;
1986-06-15;null;null;null;null;null;null;null;null;
1986-06-16;null;null;null;null;null;null;null;null;
1986-06-17;null;null;null;null;null;null;null;null;
1986-06-18;null;null;null;null;null;null;null;null;
1986-06-19;null;null;null;null;null;null;null;null;
1986-06-20;null;null;null;null;null;null;null;null;
1986-06-21;null;null;null;null;null;null;null;null;
1986-06-22;null;null;null;null;null;null;null;null;
1986-06-23;null;null;null;null;null;null;null;null;
1986-06-24;null;null;null;null;null;null;null;null;
1986-06-25;null;null;null;null;null;null;null;null;
1986-06-26;null;null;null;null;null;null;null;null;
1986-06-27;null;null;null;null;null;null;null;null;
1986-06-28;null;null;null;null;null;null;null;null;
1986-06-29;null;null;null;null;null;null;null;null;
1986-06-30;null;null;null;null;null;null;null;null;
1986-07-01;null;null;null;null;null;null;null;null;
1986-07-02;null;null;null;null;null;null;null;null;
1986-07-03;null;null;null;null;null;null;null;null;
1986-07-04;null;null;null;null;null;null;null;null;
1986-07-05;null;null;null;null;null;null;null;null;
1986-07-06;null;null;null;null;null;null;null;null;
1986-07-07;null;null;null;null;null;null;null;null;
1986-07-08;null;null;null;null;null;null;null;null;
1986-07-09;null;null;null;null;null;null;null;null;
1986-07-10;null;null;null;null;null;null;null;null;
1986-07-11;null;null;null;null;null;null;null;null;
1986-07-12;null;null;null;null;null;null;null;null;
1986-07-13;null;null;null;null;null;null;null;null;
1986-07-14;null;null;null;null;null;null;null;null;
1986-07-15;null;null;null;null;null;null;null;null;
1986-07-16;null;null;null;null;null;null;null;null;
1986-07-17;null;null;null;null;null;null;null;null;
1986-07-18;null;null;null;null;null;null;null;null;
1986-07-19;null;null;null;null;null;null;null;null;
1986-07-20;null;null;null;null;null;null;null;null;
1986-07-21;null;null;null;null;null;null;null;null;
1986-07-22;null;null;null;null;null;null;null;null;
1986-07-23;null;null;null;null;null;null;null;null;
1986-07-24;null;null;null;null;null;null;null;null;
1986-07-25;null;null;null;null;null;null;null;null;
1986-07-26;null;null;null;null;null;null;null;null;
1986-07-27;null;null;null;null;null;null;null;null;
1986-07-28;null;null;null;null;null;null;null;null;
1986-07-29;null;null;null;null;null;null;null;null;
1986-07-30;null;null;null;null;null;null;null;null;
1986-07-31;null;null;null;null;null;null;null;null;
1986-08-01;null;null;null;null;null;null;null;null;
1986-08-02;null;null;null;null;null;null;null;null;
1986-08-03;null;null;null;null;null;null;null;null;
1986-08-04;null;null;null;null;null;null;null;null;
1986-08-05;null;null;null;null;null;null;null;null;
1986-08-06;null;null;null;null;null;null;null;null;
1986-08-07;null;null;null;null;null;null;null;null;
1986-08-08;null;null;null;null;null;null;null;null;
1986-08-09;null;null;null;null;null;null;null;null;
1986-08-10;null;null;null;null;null;null;null;null;
1986-08-11;null;null;null;null;null;null;null;null;
1986-08-12;null;null;null;null;null;null;null;null;
1986-08-13;null;null;null;null;null;null;null;null;
1986-08-14;null;null;null;null;null;null;null;null;
1986-08-15;null;null;null;null;null;null;null;null;
1986-08-16;null;null;null;null;null;null;null;null;
1986-08-17;null;null;null;null;null;null;null;null;
1986-08-18;null;null;null;null;null;null;null;null;
1986-08-19;null;null;null;null;null;null;null;null;
1986-08-20;null;null;null;null;null;null;null;null;
1986-08-21;null;null;null;null;null;null;null;null;
1986-08-22;null;null;null;null;null;null;null;null;
1986-08-23;null;null;null;null;null;null;null;null;
1986-08-24;null;null;null;null;null;null;null;null;
1986-08-25;null;null;null;null;null;null;null;null;
1986-08-26;null;null;null;null;null;null;null;null;
1986-08-27;null;null;null;null;null;null;null;null;
1986-08-28;null;null;null;null;null;null;null;null;
1986-08-29;null;null;null;null;null;null;null;null;
1986-08-30;null;null;null;null;null;null;null;null;
1986-08-31;null;null;null;null;null;null;null;null;
1986-09-01;null;null;null;null;null;null;null;null;
1986-09-02;null;null;null;null;null;null;null;null;
1986-09-03;null;null;null;null;null;null;null;null;
1986-09-04;null;null;null;null;null;null;null;null;
1986-09-05;null;null;null;null;null;null;null;null;
1986-09-06;null;null;null;null;null;null;null;null;
1986-09-07;null;null;null;null;null;null;null;null;
1986-09-08;null;null;null;null;null;null;null;null;
1986-09-09;null;null;null;null;null;null;null;null;
1986-09-10;null;null;null;null;null;null;null;null;
1986-09-11;null;null;null;null;null;null;null;null;
1986-09-12;null;null;null;null;null;null;null;null;
1986-09-13;null;null;null;null;null;null;null;null;
1986-09-14;null;null;null;null;null;null;null;null;
1986-09-15;null;null;null;null;null;null;null;null;
1986-09-16;null;null;null;null;null;null;null;null;
1986-09-17;null;null;null;null;null;null;null;null;
1986-09-18;null;null;null;null;null;null;null;null;
1986-09-19;null;null;null;null;null;null;null;null;
1986-09-20;null;null;null;null;null;null;null;null;
1986-09-21;null;null;null;null;null;null;null;null;
1986-09-22;null;null;null;null;null;null;null;null;
1986-09-23;null;null;null;null;null;null;null;null;
1986-09-24;null;null;null;null;null;null;null;null;
1986-09-25;null;null;null;null;null;null;null;null;
1986-09-26;null;null;null;null;null;null;null;null;
1986-09-27;null;null;null;null;null;null;null;null;
1986-09-28;null;null;null;null;null;null;null;null;
1986-09-29;null;null;null;null;null;null;null;null;
1986-09-30;null;null;null;null;null;null;null;null;
1986-10-01;null;null;null;null;null;null;null;null;
1986-10-02;null;null;null;null;null;null;null;null;
1986-10-03;null;null;null;null;null;null;null;null;
1986-10-04;null;null;null;null;null;null;null;null;
1986-10-05;null;null;null;null;null;null;null;null;
1986-10-06;null;null;null;null;null;null;null;null;
1986-10-07;null;null;null;null;null;null;null;null;
1986-10-08;null;null;null;null;null;null;null;null;
1986-10-09;null;null;null;null;null;null;null;null;
1986-10-10;null;null;null;null;null;null;null;null;
1986-10-11;null;null;null;null;null;null;null;null;
1986-10-12;null;null;null;null;null;null;null;null;
1986-10-13;null;null;null;null;null;null;null;null;
1986-10-14;null;null;null;null;null;null;null;null;
1986-10-15;null;null;null;null;null;null;null;null;
1986-10-16;null;null;null;null;null;null;null;null;
1986-10-17;null;null;null;null;null;null;null;null;
1986-10-18;null;null;null;null;null;null;null;null;
1986-10-19;null;null;null;null;null;null;null;null;
1986-10-20;null;null;null;null;null;null;null;null;
1986-10-21;null;null;null;null;null;null;null;null;
1986-10-22;null;null;null;null;null;null;null;null;
1986-10-23;null;null;null;null;null;null;null;null;
1986-10-24;null;null;null;null;null;null;null;null;
1986-10-25;null;null;null;null;null;null;null;null;
1986-10-26;null;null;null;null;null;null;null;null;
1986-10-27;null;null;null;null;null;null;null;null;
1986-10-28;null;null;null;null;null;null;null;null;
1986-10-29;null;null;null;null;null;null;null;null;
1986-10-30;null;null;null;null;null;null;null;null;
1986-10-31;null;null;null;null;null;null;null;null;
1986-11-01;null;null;null;null;null;null;null;null;
1986-11-02;null;null;null;null;null;null;null;null;
1986-11-03;null;null;null;null;null;null;null;null;
1986-11-04;null;null;null;null;null;null;null;null;
1986-11-05;null;null;null;null;null;null;null;null;
1986-11-06;null;null;null;null;null;null;null;null;
1986-11-07;null;null;null;null;null;null;null;null;
1986-11-08;null;null;null;null;null;null;null;null;
1986-11-09;null;null;null;null;null;null;null;null;
1986-11-10;null;null;null;null;null;null;null;null;
1986-11-11;null;null;null;null;null;null;null;null;
1986-11-12;null;null;null;null;null;null;null;null;
1986-11-13;null;null;null;null;null;null;null;null;
1986-11-14;null;null;null;null;null;null;null;null;
1986-11-15;null;null;null;null;null;null;null;null;
1986-11-16;null;null;null;null;null;null;null;null;
1986-11-17;null;null;null;null;null;null;null;null;
1986-11-18;null;null;null;null;null;null;null;null;
1986-11-19;null;null;null;null;null;null;null;null;
1986-11-20;null;null;null;null;null;null;null;null;
1986-11-21;null;null;null;null;null;null;null;null;
1986-11-22;null;null;null;null;null;null;null;null;
1986-11-23;null;null;null;null;null;null;null;null;
1986-11-24;null;null;null;null;null;null;null;null;
1986-11-25;null;null;null;null;null;null;null;null;
1986-11-26;null;null;null;null;null;null;null;null;
1986-11-27;null;null;null;null;null;null;null;null;
1986-11-28;null;null;null;null;null;null;null;null;
1986-11-29;null;null;null;null;null;null;null;null;
1986-11-30;null;null;null;null;null;null;null;null;
1986-12-01;null;null;null;null;null;null;null;null;
1986-12-02;null;null;null;null;null;null;null;null;
1986-12-03;null;null;null;null;null;null;null;null;
1986-12-04;null;null;null;null;null;null;null;null;
1986-12-05;null;null;null;null;null;null;null;null;
1986-12-06;null;null;null;null;null;null;null;null;
1986-12-07;null;null;null;null;null;null;null;null;
1986-12-08;null;null;null;null;null;null;null;null;
1986-12-09;null;null;null;null;null;null;null;null;
1986-12-10;null;null;null;null;null;null;null;null;
1986-12-11;null;null;null;null;null;null;null;null;
1986-12-12;null;null;null;null;null;null;null;null;
1986-12-13;null;null;null;null;null;null;null;null;
1986-12-14;null;null;null;null;null;null;null;null;
1986-12-15;null;null;null;null;null;null;null;null;
1986-12-16;null;null;null;null;null;null;null;null;
1986-12-17;null;null;null;null;null;null;null;null;
1986-12-18;null;null;null;null;null;null;null;null;
1986-12-19;null;null;null;null;null;null;null;null;
1986-12-20;null;null;null;null;null;null;null;null;
1986-12-21;null;null;null;null;null;null;null;null;
1986-12-22;null;null;null;null;null;null;null;null;
1986-12-23;null;null;null;null;null;null;null;null;
1986-12-24;null;null;null;null;null;null;null;null;
1986-12-25;null;null;null;null;null;null;null;null;
1986-12-26;null;null;null;null;null;null;null;null;
1986-12-27;null;null;null;null;null;null;null;null;
1986-12-28;null;null;null;null;null;null;null;null;
1986-12-29;null;null;null;null;null;null;null;null;
1986-12-30;null;null;null;null;null;null;null;null;
1986-12-31;null;null;null;null;null;null;null;null;
1987-01-01;null;null;null;null;null;null;null;null;
1987-01-02;null;null;null;null;null;null;null;null;
1987-01-03;null;null;null;null;null;null;null;null;
1987-01-04;null;null;null;null;null;null;null;null;
1987-01-05;null;null;null;null;null;null;null;null;
1987-01-06;null;null;null;null;null;null;null;null;
1987-01-07;null;null;null;null;null;null;null;null;
1987-01-08;null;null;null;null;null;null;null;null;
1987-01-09;null;null;null;null;null;null;null;null;
1987-01-10;null;null;null;null;null;null;null;null;
1987-01-11;null;null;null;null;null;null;null;null;
1987-01-12;null;null;null;null;null;null;null;null;
1987-01-13;null;null;null;null;null;null;null;null;
1987-01-14;null;null;null;null;null;null;null;null;
1987-01-15;null;null;null;null;null;null;null;null;
1987-01-16;null;null;null;null;null;null;null;null;
1987-01-17;null;null;null;null;null;null;null;null;
1987-01-18;null;null;null;null;null;null;null;null;
1987-01-19;null;null;null;null;null;null;null;null;
1987-01-20;null;null;null;null;null;null;null;null;
1987-01-21;null;null;null;null;null;null;null;null;
1987-01-22;null;null;null;null;null;null;null;null;
1987-01-23;null;null;null;null;null;null;null;null;
1987-01-24;null;null;null;null;null;null;null;null;
1987-01-25;null;null;null;null;null;null;null;null;
1987-01-26;null;null;null;null;null;null;null;null;
1987-01-27;null;null;null;null;null;null;null;null;
1987-01-28;null;null;null;null;null;null;null;null;
1987-01-29;null;null;null;null;null;null;null;null;
1987-01-30;null;null;null;null;null;null;null;null;
1987-01-31;null;null;null;null;null;null;null;null;
1987-02-01;null;null;null;null;null;null;null;null;
1987-02-02;null;null;null;null;null;null;null;null;
1987-02-03;null;null;null;null;null;null;null;null;
1987-02-04;null;null;null;null;null;null;null;null;
1987-02-05;null;null;null;null;null;null;null;null;
1987-02-06;null;null;null;null;null;null;null;null;
1987-02-07;null;null;null;null;null;null;null;null;
1987-02-08;null;null;null;null;null;null;null;null;
1987-02-09;null;null;null;null;null;null;null;null;
1987-02-10;null;null;null;null;null;null;null;null;
1987-02-11;null;null;null;null;null;null;null;null;
1987-02-12;null;null;null;null;null;null;null;null;
1987-02-13;null;null;null;null;null;null;null;null;
1987-02-14;null;null;null;null;null;null;null;null;
1987-02-15;null;null;null;null;null;null;null;null;
1987-02-16;null;null;null;null;null;null;null;null;
1987-02-17;null;null;null;null;null;null;null;null;
1987-02-18;null;null;null;null;null;null;null;null;
1987-02-19;null;null;null;null;null;null;null;null;
1987-02-20;null;null;null;null;null;null;null;null;
1987-02-21;null;null;null;null;null;null;null;null;
1987-02-22;null;null;null;null;null;null;null;null;
1987-02-23;null;null;null;null;null;null;null;null;
1987-02-24;null;null;null;null;null;null;null;null;
1987-02-25;null;null;null;null;null;null;null;null;
1987-02-26;null;null;null;null;null;null;null;null;
1987-02-27;null;null;null;null;null;null;null;null;
1987-02-28;null;null;null;null;null;null;null;null;
1987-03-01;null;null;null;null;null;null;null;null;
1987-03-02;null;null;null;null;null;null;null;null;
1987-03-03;null;null;null;null;null;null;null;null;
1987-03-04;null;null;null;null;null;null;null;null;
1987-03-05;null;null;null;null;null;null;null;null;
1987-03-06;null;null;null;null;null;null;null;null;
1987-03-07;null;null;null;null;null;null;null;null;
1987-03-08;null;null;null;null;null;null;null;null;
1987-03-09;null;null;null;null;null;null;null;null;
1987-03-10;null;null;null;null;null;null;null;null;
1987-03-11;null;null;null;null;null;null;null;null;
1987-03-12;null;null;null;null;null;null;null;null;
1987-03-13;null;null;null;null;null;null;null;null;
1987-03-14;null;null;null;null;null;null;null;null;
1987-03-15;null;null;null;null;null;null;null;null;
1987-03-16;null;null;null;null;null;null;null;null;
1987-03-17;null;null;null;null;null;null;null;null;
1987-03-18;null;null;null;null;null;null;null;null;
1987-03-19;null;null;null;null;null;null;null;null;
1987-03-20;null;null;null;null;null;null;null;null;
1987-03-21;null;null;null;null;null;null;null;null;
1987-03-22;null;null;null;null;null;null;null;null;
1987-03-23;null;null;null;null;null;null;null;null;
1987-03-24;null;null;null;null;null;null;null;null;
1987-03-25;null;null;null;null;null;null;null;null;
1987-03-26;null;null;null;null;null;null;null;null;
1987-03-27;null;null;null;null;null;null;null;null;
1987-03-28;null;null;null;null;null;null;null;null;
1987-03-29;null;null;null;null;null;null;null;null;
1987-03-30;null;null;null;null;null;null;null;null;
1987-03-31;null;null;null;null;null;null;null;null;
1987-04-01;null;null;null;null;null;null;null;null;
1987-04-02;null;null;null;null;null;null;null;null;
1987-04-03;null;null;null;null;null;null;null;null;
1987-04-04;null;null;null;null;null;null;null;null;
1987-04-05;null;null;null;null;null;null;null;null;
1987-04-06;null;null;null;null;null;null;null;null;
1987-04-07;null;null;null;null;null;null;null;null;
1987-04-08;null;null;null;null;null;null;null;null;
1987-04-09;null;null;null;null;null;null;null;null;
1987-04-10;null;null;null;null;null;null;null;null;
1987-04-11;null;null;null;null;null;null;null;null;
1987-04-12;null;null;null;null;null;null;null;null;
1987-04-13;null;null;null;null;null;null;null;null;
1987-04-14;null;null;null;null;null;null;null;null;
1987-04-15;null;null;null;null;null;null;null;null;
1987-04-16;null;null;null;null;null;null;null;null;
1987-04-17;null;null;null;null;null;null;null;null;
1987-04-18;null;null;null;null;null;null;null;null;
1987-04-19;null;null;null;null;null;null;null;null;
1987-04-20;null;null;null;null;null;null;null;null;
1987-04-21;null;null;null;null;null;null;null;null;
1987-04-22;null;null;null;null;null;null;null;null;
1987-04-23;null;null;null;null;null;null;null;null;
1987-04-24;null;null;null;null;null;null;null;null;
1987-04-25;null;null;null;null;null;null;null;null;
1987-04-26;null;null;null;null;null;null;null;null;
1987-04-27;null;null;null;null;null;null;null;null;
1987-04-28;null;null;null;null;null;null;null;null;
1987-04-29;null;null;null;null;null;null;null;null;
1987-04-30;null;null;null;null;null;null;null;null;
1987-05-01;null;null;null;null;null;null;null;null;
1987-05-02;null;null;null;null;null;null;null;null;
1987-05-03;null;null;null;null;null;null;null;null;
1987-05-04;null;null;null;null;null;null;null;null;
1987-05-05;null;null;null;null;null;null;null;null;
1987-05-06;null;null;null;null;null;null;null;null;
1987-05-07;null;null;null;null;null;null;null;null;
1987-05-08;null;null;null;null;null;null;null;null;
1987-05-09;null;null;null;null;null;null;null;null;
1987-05-10;null;null;null;null;null;null;null;null;
1987-05-11;null;null;null;null;null;null;null;null;
1987-05-12;null;null;null;null;null;null;null;null;
1987-05-13;null;null;null;null;null;null;null;null;
1987-05-14;null;null;null;null;null;null;null;null;
1987-05-15;null;null;null;null;null;null;null;null;
1987-05-16;null;null;null;null;null;null;null;null;
1987-05-17;null;null;null;null;null;null;null;null;
1987-05-18;null;null;null;null;null;null;null;null;
1987-05-19;null;null;null;null;null;null;null;null;
1987-05-20;null;null;null;null;null;null;null;null;
1987-05-21;null;null;null;null;null;null;null;null;
1987-05-22;null;null;null;null;null;null;null;null;
1987-05-23;null;null;null;null;null;null;null;null;
1987-05-24;null;null;null;null;null;null;null;null;
1987-05-25;null;null;null;null;null;null;null;null;
1987-05-26;null;null;null;null;null;null;null;null;
1987-05-27;null;null;null;null;null;null;null;null;
1987-05-28;null;null;null;null;null;null;null;null;
1987-05-29;null;null;null;null;null;null;null;null;
1987-05-30;null;null;null;null;null;null;null;null;
1987-05-31;null;null;null;null;null;null;null;null;
1987-06-01;null;null;null;null;null;null;null;null;
1987-06-02;null;null;null;null;null;null;null;null;
1987-06-03;null;null;null;null;null;null;null;null;
1987-06-04;null;null;null;null;null;null;null;null;
1987-06-05;null;null;null;null;null;null;null;null;
1987-06-06;null;null;null;null;null;null;null;null;
1987-06-07;null;null;null;null;null;null;null;null;
1987-06-08;null;null;null;null;null;null;null;null;
1987-06-09;null;null;null;null;null;null;null;null;
1987-06-10;null;null;null;null;null;null;null;null;
1987-06-11;null;null;null;null;null;null;null;null;
1987-06-12;null;null;null;null;null;null;null;null;
1987-06-13;null;null;null;null;null;null;null;null;
1987-06-14;null;null;null;null;null;null;null;null;
1987-06-15;null;null;null;null;null;null;null;null;
1987-06-16;null;null;null;null;null;null;null;null;
1987-06-17;null;null;null;null;null;null;null;null;
1987-06-18;null;null;null;null;null;null;null;null;
1987-06-19;null;null;null;null;null;null;null;null;
1987-06-20;null;null;null;null;null;null;null;null;
1987-06-21;null;null;null;null;null;null;null;null;
1987-06-22;null;null;null;null;null;null;null;null;
1987-06-23;null;null;null;null;null;null;null;null;
1987-06-24;null;null;null;null;null;null;null;null;
1987-06-25;null;null;null;null;null;null;null;null;
1987-06-26;null;null;null;null;null;null;null;null;
1987-06-27;null;null;null;null;null;null;null;null;
1987-06-28;null;null;null;null;null;null;null;null;
1987-06-29;null;null;null;null;null;null;null;null;
1987-06-30;null;null;null;null;null;null;null;null;
1987-07-01;null;null;null;null;null;null;null;null;
1987-07-02;null;null;null;null;null;null;null;null;
1987-07-03;null;null;null;null;null;null;null;null;
1987-07-04;null;null;null;null;null;null;null;null;
1987-07-05;null;null;null;null;null;null;null;null;
1987-07-06;null;null;null;null;null;null;null;null;
1987-07-07;null;null;null;null;null;null;null;null;
1987-07-08;null;null;null;null;null;null;null;null;
1987-07-09;null;null;null;null;null;null;null;null;
1987-07-10;null;null;null;null;null;null;null;null;
1987-07-11;null;null;null;null;null;null;null;null;
1987-07-12;null;null;null;null;null;null;null;null;
1987-07-13;null;null;null;null;null;null;null;null;
1987-07-14;null;null;null;null;null;null;null;null;
1987-07-15;null;null;null;null;null;null;null;null;
1987-07-16;null;null;null;null;null;null;null;null;
1987-07-17;null;null;null;null;null;null;null;null;
1987-07-18;null;null;null;null;null;null;null;null;
1987-07-19;null;null;null;null;null;null;null;null;
1987-07-20;null;null;null;null;null;null;null;null;
1987-07-21;null;null;null;null;null;null;null;null;
1987-07-22;null;null;null;null;null;null;null;null;
1987-07-23;null;null;null;null;null;null;null;null;
1987-07-24;null;null;null;null;null;null;null;null;
1987-07-25;null;null;null;null;null;null;null;null;
1987-07-26;null;null;null;null;null;null;null;null;
1987-07-27;null;null;null;null;null;null;null;null;
1987-07-28;null;null;null;null;null;null;null;null;
1987-07-29;null;null;null;null;null;null;null;null;
1987-07-30;null;null;null;null;null;null;null;null;
1987-07-31;null;null;null;null;null;null;null;null;
1987-08-01;null;null;null;null;null;null;null;null;
1987-08-02;null;null;null;null;null;null;null;null;
1987-08-03;null;null;null;null;null;null;null;null;
1987-08-04;null;null;null;null;null;null;null;null;
1987-08-05;null;null;null;null;null;null;null;null;
1987-08-06;null;null;null;null;null;null;null;null;
1987-08-07;null;null;null;null;null;null;null;null;
1987-08-08;null;null;null;null;null;null;null;null;
1987-08-09;null;null;null;null;null;null;null;null;
1987-08-10;null;null;null;null;null;null;null;null;
1987-08-11;null;null;null;null;null;null;null;null;
1987-08-12;null;null;null;null;null;null;null;null;
1987-08-13;null;null;null;null;null;null;null;null;
1987-08-14;null;null;null;null;null;null;null;null;
1987-08-15;null;null;null;null;null;null;null;null;
1987-08-16;null;null;null;null;null;null;null;null;
1987-08-17;null;null;null;null;null;null;null;null;
1987-08-18;null;null;null;null;null;null;null;null;
1987-08-19;null;null;null;null;null;null;null;null;
1987-08-20;null;null;null;null;null;null;null;null;
1987-08-21;null;null;null;null;null;null;null;null;
1987-08-22;null;null;null;null;null;null;null;null;
1987-08-23;null;null;null;null;null;null;null;null;
1987-08-24;null;null;null;null;null;null;null;null;
1987-08-25;null;null;null;null;null;null;null;null;
1987-08-26;null;null;null;null;null;null;null;null;
1987-08-27;null;null;null;null;null;null;null;null;
1987-08-28;null;null;null;null;null;null;null;null;
1987-08-29;null;null;null;null;null;null;null;null;
1987-08-30;null;null;null;null;null;null;null;null;
1987-08-31;null;null;null;null;null;null;null;null;
1987-09-01;null;null;null;null;null;null;null;null;
1987-09-02;null;null;null;null;null;null;null;null;
1987-09-03;null;null;null;null;null;null;null;null;
1987-09-04;null;null;null;null;null;null;null;null;
1987-09-05;null;null;null;null;null;null;null;null;
1987-09-06;null;null;null;null;null;null;null;null;
1987-09-07;null;null;null;null;null;null;null;null;
1987-09-08;null;null;null;null;null;null;null;null;
1987-09-09;null;null;null;null;null;null;null;null;
1987-09-10;null;null;null;null;null;null;null;null;
1987-09-11;null;null;null;null;null;null;null;null;
1987-09-12;null;null;null;null;null;null;null;null;
1987-09-13;null;null;null;null;null;null;null;null;
1987-09-14;null;null;null;null;null;null;null;null;
1987-09-15;null;null;null;null;null;null;null;null;
1987-09-16;null;null;null;null;null;null;null;null;
1987-09-17;null;null;null;null;null;null;null;null;
1987-09-18;null;null;null;null;null;null;null;null;
1987-09-19;null;null;null;null;null;null;null;null;
1987-09-20;null;null;null;null;null;null;null;null;
1987-09-21;null;null;null;null;null;null;null;null;
1987-09-22;null;null;null;null;null;null;null;null;
1987-09-23;null;null;null;null;null;null;null;null;
1987-09-24;null;null;null;null;null;null;null;null;
1987-09-25;null;null;null;null;null;null;null;null;
1987-09-26;null;null;null;null;null;null;null;null;
1987-09-27;null;null;null;null;null;null;null;null;
1987-09-28;null;null;null;null;null;null;null;null;
1987-09-29;null;null;null;null;null;null;null;null;
1987-09-30;null;null;null;null;null;null;null;null;
1987-10-01;null;null;null;null;null;null;null;null;
1987-10-02;null;null;null;null;null;null;null;null;
1987-10-03;null;null;null;null;null;null;null;null;
1987-10-04;null;null;null;null;null;null;null;null;
1987-10-05;null;null;null;null;null;null;null;null;
1987-10-06;null;null;null;null;null;null;null;null;
1987-10-07;null;null;null;null;null;null;null;null;
1987-10-08;null;null;null;null;null;null;null;null;
1987-10-09;null;null;null;null;null;null;null;null;
1987-10-10;null;null;null;null;null;null;null;null;
1987-10-11;null;null;null;null;null;null;null;null;
1987-10-12;null;null;null;null;null;null;null;null;
1987-10-13;null;null;null;null;null;null;null;null;
1987-10-14;null;null;null;null;null;null;null;null;
1987-10-15;null;null;null;null;null;null;null;null;
1987-10-16;null;null;null;null;null;null;null;null;
1987-10-17;null;null;null;null;null;null;null;null;
1987-10-18;null;null;null;null;null;null;null;null;
1987-10-19;null;null;null;null;null;null;null;null;
1987-10-20;null;null;null;null;null;null;null;null;
1987-10-21;null;null;null;null;null;null;null;null;
1987-10-22;null;null;null;null;null;null;null;null;
1987-10-23;null;null;null;null;null;null;null;null;
1987-10-24;null;null;null;null;null;null;null;null;
1987-10-25;null;null;null;null;null;null;null;null;
1987-10-26;null;null;null;null;null;null;null;null;
1987-10-27;null;null;null;null;null;null;null;null;
1987-10-28;null;null;null;null;null;null;null;null;
1987-10-29;null;null;null;null;null;null;null;null;
1987-10-30;null;null;null;null;null;null;null;null;
1987-10-31;null;null;null;null;null;null;null;null;
1987-11-01;null;null;null;null;null;null;null;null;
1987-11-02;null;null;null;null;null;null;null;null;
1987-11-03;null;null;null;null;null;null;null;null;
1987-11-04;null;null;null;null;null;null;null;null;
1987-11-05;null;null;null;null;null;null;null;null;
1987-11-06;null;null;null;null;null;null;null;null;
1987-11-07;null;null;null;null;null;null;null;null;
1987-11-08;null;null;null;null;null;null;null;null;
1987-11-09;null;null;null;null;null;null;null;null;
1987-11-10;null;null;null;null;null;null;null;null;
1987-11-11;null;null;null;null;null;null;null;null;
1987-11-12;null;null;null;null;null;null;null;null;
1987-11-13;null;null;null;null;null;null;null;null;
1987-11-14;null;null;null;null;null;null;null;null;
1987-11-15;null;null;null;null;null;null;null;null;
1987-11-16;null;null;null;null;null;null;null;null;
1987-11-17;null;null;null;null;null;null;null;null;
1987-11-18;null;null;null;null;null;null;null;null;
1987-11-19;null;null;null;null;null;null;null;null;
1987-11-20;null;null;null;null;null;null;null;null;
1987-11-21;null;null;null;null;null;null;null;null;
1987-11-22;null;null;null;null;null;null;null;null;
1987-11-23;null;null;null;null;null;null;null;null;
1987-11-24;null;null;null;null;null;null;null;null;
1987-11-25;null;null;null;null;null;null;null;null;
1987-11-26;null;null;null;null;null;null;null;null;
1987-11-27;null;null;null;null;null;null;null;null;
1987-11-28;null;null;null;null;null;null;null;null;
1987-11-29;null;null;null;null;null;null;null;null;
1987-11-30;null;null;null;null;null;null;null;null;
1987-12-01;null;null;null;null;null;null;null;null;
1987-12-02;null;null;null;null;null;null;null;null;
1987-12-03;null;null;null;null;null;null;null;null;
1987-12-04;null;null;null;null;null;null;null;null;
1987-12-05;null;null;null;null;null;null;null;null;
1987-12-06;null;null;null;null;null;null;null;null;
1987-12-07;null;null;null;null;null;null;null;null;
1987-12-08;null;null;null;null;null;null;null;null;
1987-12-09;null;null;null;null;null;null;null;null;
1987-12-10;null;null;null;null;null;null;null;null;
1987-12-11;null;null;null;null;null;null;null;null;
1987-12-12;null;null;null;null;null;null;null;null;
1987-12-13;null;null;null;null;null;null;null;null;
1987-12-14;null;null;null;null;null;null;null;null;
1987-12-15;null;null;null;null;null;null;null;null;
1987-12-16;null;null;null;null;null;null;null;null;
1987-12-17;null;null;null;null;null;null;null;null;
1987-12-18;null;null;null;null;null;null;null;null;
1987-12-19;null;null;null;null;null;null;null;null;
1987-12-20;null;null;null;null;null;null;null;null;
1987-12-21;null;null;null;null;null;null;null;null;
1987-12-22;null;null;null;null;null;null;null;null;
1987-12-23;null;null;null;null;null;null;null;null;
1987-12-24;null;null;null;null;null;null;null;null;
1987-12-25;null;null;null;null;null;null;null;null;
1987-12-26;null;null;null;null;null;null;null;null;
1987-12-27;null;null;null;null;null;null;null;null;
1987-12-28;null;null;null;null;null;null;null;null;
1987-12-29;null;null;null;null;null;null;null;null;
1987-12-30;null;null;null;null;null;null;null;null;
1987-12-31;null;null;null;null;null;null;null;null;
1988-01-01;null;null;null;null;null;null;null;null;
1988-01-02;null;null;null;null;null;null;null;null;
1988-01-03;null;null;null;null;null;null;null;null;
1988-01-04;null;null;null;null;null;null;null;null;
1988-01-05;null;null;null;null;null;null;null;null;
1988-01-06;null;null;null;null;null;null;null;null;
1988-01-07;null;null;null;null;null;null;null;null;
1988-01-08;null;null;null;null;null;null;null;null;
1988-01-09;null;null;null;null;null;null;null;null;
1988-01-10;null;null;null;null;null;null;null;null;
1988-01-11;null;null;null;null;null;null;null;null;
1988-01-12;null;null;null;null;null;null;null;null;
1988-01-13;null;null;null;null;null;null;null;null;
1988-01-14;null;null;null;null;null;null;null;null;
1988-01-15;null;null;null;null;null;null;null;null;
1988-01-16;null;null;null;null;null;null;null;null;
1988-01-17;null;null;null;null;null;null;null;null;
1988-01-18;null;null;null;null;null;null;null;null;
1988-01-19;null;null;null;null;null;null;null;null;
1988-01-20;null;null;null;null;null;null;null;null;
1988-01-21;null;null;null;null;null;null;null;null;
1988-01-22;null;null;null;null;null;null;null;null;
1988-01-23;null;null;null;null;null;null;null;null;
1988-01-24;null;null;null;null;null;null;null;null;
1988-01-25;null;null;null;null;null;null;null;null;
1988-01-26;null;null;null;null;null;null;null;null;
1988-01-27;null;null;null;null;null;null;null;null;
1988-01-28;null;null;null;null;null;null;null;null;
1988-01-29;null;null;null;null;null;null;null;null;
1988-01-30;null;null;null;null;null;null;null;null;
1988-01-31;null;null;null;null;null;null;null;null;
1988-02-01;null;null;null;null;null;null;null;null;
1988-02-02;null;null;null;null;null;null;null;null;
1988-02-03;null;null;null;null;null;null;null;null;
1988-02-04;null;null;null;null;null;null;null;null;
1988-02-05;null;null;null;null;null;null;null;null;
1988-02-06;null;null;null;null;null;null;null;null;
1988-02-07;null;null;null;null;null;null;null;null;
1988-02-08;null;null;null;null;null;null;null;null;
1988-02-09;null;null;null;null;null;null;null;null;
1988-02-10;null;null;null;null;null;null;null;null;
1988-02-11;null;null;null;null;null;null;null;null;
1988-02-12;null;null;null;null;null;null;null;null;
1988-02-13;null;null;null;null;null;null;null;null;
1988-02-14;null;null;null;null;null;null;null;null;
1988-02-15;null;null;null;null;null;null;null;null;
1988-02-16;null;null;null;null;null;null;null;null;
1988-02-17;null;null;null;null;null;null;null;null;
1988-02-18;null;null;null;null;null;null;null;null;
1988-02-19;null;null;null;null;null;null;null;null;
1988-02-20;null;null;null;null;null;null;null;null;
1988-02-21;null;null;null;null;null;null;null;null;
1988-02-22;null;null;null;null;null;null;null;null;
1988-02-23;null;null;null;null;null;null;null;null;
1988-02-24;null;null;null;null;null;null;null;null;
1988-02-25;null;null;null;null;null;null;null;null;
1988-02-26;null;null;null;null;null;null;null;null;
1988-02-27;null;null;null;null;null;null;null;null;
1988-02-28;null;null;null;null;null;null;null;null;
1988-02-29;null;null;null;null;null;null;null;null;
1988-03-01;null;null;null;null;null;null;null;null;
1988-03-02;null;null;null;null;null;null;null;null;
1988-03-03;null;null;null;null;null;null;null;null;
1988-03-04;null;null;null;null;null;null;null;null;
1988-03-05;null;null;null;null;null;null;null;null;
1988-03-06;null;null;null;null;null;null;null;null;
1988-03-07;null;null;null;null;null;null;null;null;
1988-03-08;null;null;null;null;null;null;null;null;
1988-03-09;null;null;null;null;null;null;null;null;
1988-03-10;null;null;null;null;null;null;null;null;
1988-03-11;null;null;null;null;null;null;null;null;
1988-03-12;null;null;null;null;null;null;null;null;
1988-03-13;null;null;null;null;null;null;null;null;
1988-03-14;null;null;null;null;null;null;null;null;
1988-03-15;null;null;null;null;null;null;null;null;
1988-03-16;null;null;null;null;null;null;null;null;
1988-03-17;null;null;null;null;null;null;null;null;
1988-03-18;null;null;null;null;null;null;null;null;
1988-03-19;null;null;null;null;null;null;null;null;
1988-03-20;null;null;null;null;null;null;null;null;
1988-03-21;null;null;null;null;null;null;null;null;
1988-03-22;null;null;null;null;null;null;null;null;
1988-03-23;null;null;null;null;null;null;null;null;
1988-03-24;null;null;null;null;null;null;null;null;
1988-03-25;null;null;null;null;null;null;null;null;
1988-03-26;null;null;null;null;null;null;null;null;
1988-03-27;null;null;null;null;null;null;null;null;
1988-03-28;null;null;null;null;null;null;null;null;
1988-03-29;null;null;null;null;null;null;null;null;
1988-03-30;null;null;null;null;null;null;null;null;
1988-03-31;null;null;null;null;null;null;null;null;
1988-04-01;null;null;null;null;null;null;null;null;
1988-04-02;null;null;null;null;null;null;null;null;
1988-04-03;null;null;null;null;null;null;null;null;
1988-04-04;null;null;null;null;null;null;null;null;
1988-04-05;null;null;null;null;null;null;null;null;
1988-04-06;null;null;null;null;null;null;null;null;
1988-04-07;null;null;null;null;null;null;null;null;
1988-04-08;null;null;null;null;null;null;null;null;
1988-04-09;null;null;null;null;null;null;null;null;
1988-04-10;null;null;null;null;null;null;null;null;
1988-04-11;null;null;null;null;null;null;null;null;
1988-04-12;null;null;null;null;null;null;null;null;
1988-04-13;null;null;null;null;null;null;null;null;
1988-04-14;null;null;null;null;null;null;null;null;
1988-04-15;null;null;null;null;null;null;null;null;
1988-04-16;null;null;null;null;null;null;null;null;
1988-04-17;null;null;null;null;null;null;null;null;
1988-04-18;null;null;null;null;null;null;null;null;
1988-04-19;null;null;null;null;null;null;null;null;
1988-04-20;null;null;null;null;null;null;null;null;
1988-04-21;null;null;null;null;null;null;null;null;
1988-04-22;null;null;null;null;null;null;null;null;
1988-04-23;null;null;null;null;null;null;null;null;
1988-04-24;null;null;null;null;null;null;null;null;
1988-04-25;null;null;null;null;null;null;null;null;
1988-04-26;null;null;null;null;null;null;null;null;
1988-04-27;null;null;null;null;null;null;null;null;
1988-04-28;null;null;null;null;null;null;null;null;
1988-04-29;null;null;null;null;null;null;null;null;
1988-04-30;null;null;null;null;null;null;null;null;
1988-05-01;null;null;null;null;null;null;null;null;
1988-05-02;null;null;null;null;null;null;null;null;
1988-05-03;null;null;null;null;null;null;null;null;
1988-05-04;null;null;null;null;null;null;null;null;
1988-05-05;null;null;null;null;null;null;null;null;
1988-05-06;null;null;null;null;null;null;null;null;
1988-05-07;null;null;null;null;null;null;null;null;
1988-05-08;null;null;null;null;null;null;null;null;
1988-05-09;null;null;null;null;null;null;null;null;
1988-05-10;null;null;null;null;null;null;null;null;
1988-05-11;null;null;null;null;null;null;null;null;
1988-05-12;null;null;null;null;null;null;null;null;
1988-05-13;null;null;null;null;null;null;null;null;
1988-05-14;null;null;null;null;null;null;null;null;
1988-05-15;null;null;null;null;null;null;null;null;
1988-05-16;null;null;null;null;null;null;null;null;
1988-05-17;null;null;null;null;null;null;null;null;
1988-05-18;null;null;null;null;null;null;null;null;
1988-05-19;null;null;null;null;null;null;null;null;
1988-05-20;null;null;null;null;null;null;null;null;
1988-05-21;null;null;null;null;null;null;null;null;
1988-05-22;null;null;null;null;null;null;null;null;
1988-05-23;null;null;null;null;null;null;null;null;
1988-05-24;null;null;null;null;null;null;null;null;
1988-05-25;null;null;null;null;null;null;null;null;
1988-05-26;null;null;null;null;null;null;null;null;
1988-05-27;null;null;null;null;null;null;null;null;
1988-05-28;null;null;null;null;null;null;null;null;
1988-05-29;null;null;null;null;null;null;null;null;
1988-05-30;null;null;null;null;null;null;null;null;
1988-05-31;null;null;null;null;null;null;null;null;
1988-06-01;null;null;null;null;null;null;null;null;
1988-06-02;null;null;null;null;null;null;null;null;
1988-06-03;null;null;null;null;null;null;null;null;
1988-06-04;null;null;null;null;null;null;null;null;
1988-06-05;null;null;null;null;null;null;null;null;
1988-06-06;null;null;null;null;null;null;null;null;
1988-06-07;null;null;null;null;null;null;null;null;
1988-06-08;null;null;null;null;null;null;null;null;
1988-06-09;null;null;null;null;null;null;null;null;
1988-06-10;null;null;null;null;null;null;null;null;
1988-06-11;null;null;null;null;null;null;null;null;
1988-06-12;null;null;null;null;null;null;null;null;
1988-06-13;null;null;null;null;null;null;null;null;
1988-06-14;null;null;null;null;null;null;null;null;
1988-06-15;null;null;null;null;null;null;null;null;
1988-06-16;null;null;null;null;null;null;null;null;
1988-06-17;null;null;null;null;null;null;null;null;
1988-06-18;null;null;null;null;null;null;null;null;
1988-06-19;null;null;null;null;null;null;null;null;
1988-06-20;null;null;null;null;null;null;null;null;
1988-06-21;null;null;null;null;null;null;null;null;
1988-06-22;null;null;null;null;null;null;null;null;
1988-06-23;null;null;null;null;null;null;null;null;
1988-06-24;null;null;null;null;null;null;null;null;
1988-06-25;null;null;null;null;null;null;null;null;
1988-06-26;null;null;null;null;null;null;null;null;
1988-06-27;null;null;null;null;null;null;null;null;
1988-06-28;null;null;null;null;null;null;null;null;
1988-06-29;null;null;null;null;null;null;null;null;
1988-06-30;null;null;null;null;null;null;null;null;
1988-07-01;null;null;null;null;null;null;null;null;
1988-07-02;null;null;null;null;null;null;null;null;
1988-07-03;null;null;null;null;null;null;null;null;
1988-07-04;null;null;null;null;null;null;null;null;
1988-07-05;null;null;null;null;null;null;null;null;
1988-07-06;null;null;null;null;null;null;null;null;
1988-07-07;null;null;null;null;null;null;null;null;
1988-07-08;null;null;null;null;null;null;null;null;
1988-07-09;null;null;null;null;null;null;null;null;
1988-07-10;null;null;null;null;null;null;null;null;
1988-07-11;null;null;null;null;null;null;null;null;
1988-07-12;null;null;null;null;null;null;null;null;
1988-07-13;null;null;null;null;null;null;null;null;
1988-07-14;null;null;null;null;null;null;null;null;
1988-07-15;null;null;null;null;null;null;null;null;
1988-07-16;null;null;null;null;null;null;null;null;
1988-07-17;null;null;null;null;null;null;null;null;
1988-07-18;null;null;null;null;null;null;null;null;
1988-07-19;null;null;null;null;null;null;null;null;
1988-07-20;null;null;null;null;null;null;null;null;
1988-07-21;null;null;null;null;null;null;null;null;
1988-07-22;null;null;null;null;null;null;null;null;
1988-07-23;null;null;null;null;null;null;null;null;
1988-07-24;null;null;null;null;null;null;null;null;
1988-07-25;null;null;null;null;null;null;null;null;
1988-07-26;null;null;null;null;null;null;null;null;
1988-07-27;null;null;null;null;null;null;null;null;
1988-07-28;null;null;null;null;null;null;null;null;
1988-07-29;null;null;null;null;null;null;null;null;
1988-07-30;null;null;null;null;null;null;null;null;
1988-07-31;null;null;null;null;null;null;null;null;
1988-08-01;null;null;null;null;null;null;null;null;
1988-08-02;null;null;null;null;null;null;null;null;
1988-08-03;null;null;null;null;null;null;null;null;
1988-08-04;null;null;null;null;null;null;null;null;
1988-08-05;null;null;null;null;null;null;null;null;
1988-08-06;null;null;null;null;null;null;null;null;
1988-08-07;null;null;null;null;null;null;null;null;
1988-08-08;null;null;null;null;null;null;null;null;
1988-08-09;null;null;null;null;null;null;null;null;
1988-08-10;null;null;null;null;null;null;null;null;
1988-08-11;null;null;null;null;null;null;null;null;
1988-08-12;null;null;null;null;null;null;null;null;
1988-08-13;null;null;null;null;null;null;null;null;
1988-08-14;null;null;null;null;null;null;null;null;
1988-08-15;null;null;null;null;null;null;null;null;
1988-08-16;null;null;null;null;null;null;null;null;
1988-08-17;null;null;null;null;null;null;null;null;
1988-08-18;null;null;null;null;null;null;null;null;
1988-08-19;null;null;null;null;null;null;null;null;
1988-08-20;null;null;null;null;null;null;null;null;
1988-08-21;null;null;null;null;null;null;null;null;
1988-08-22;null;null;null;null;null;null;null;null;
1988-08-23;null;null;null;null;null;null;null;null;
1988-08-24;null;null;null;null;null;null;null;null;
1988-08-25;null;null;null;null;null;null;null;null;
1988-08-26;null;null;null;null;null;null;null;null;
1988-08-27;null;null;null;null;null;null;null;null;
1988-08-28;null;null;null;null;null;null;null;null;
1988-08-29;null;null;null;null;null;null;null;null;
1988-08-30;null;null;null;null;null;null;null;null;
1988-08-31;null;null;null;null;null;null;null;null;
1988-09-01;null;null;null;null;null;null;null;null;
1988-09-02;null;null;null;null;null;null;null;null;
1988-09-03;null;null;null;null;null;null;null;null;
1988-09-04;null;null;null;null;null;null;null;null;
1988-09-05;null;null;null;null;null;null;null;null;
1988-09-06;null;null;null;null;null;null;null;null;
1988-09-07;null;null;null;null;null;null;null;null;
1988-09-08;null;null;null;null;null;null;null;null;
1988-09-09;null;null;null;null;null;null;null;null;
1988-09-10;null;null;null;null;null;null;null;null;
1988-09-11;null;null;null;null;null;null;null;null;
1988-09-12;null;null;null;null;null;null;null;null;
1988-09-13;null;null;null;null;null;null;null;null;
1988-09-14;null;null;null;null;null;null;null;null;
1988-09-15;null;null;null;null;null;null;null;null;
1988-09-16;null;null;null;null;null;null;null;null;
1988-09-17;null;null;null;null;null;null;null;null;
1988-09-18;null;null;null;null;null;null;null;null;
1988-09-19;null;null;null;null;null;null;null;null;
1988-09-20;null;null;null;null;null;null;null;null;
1988-09-21;null;null;null;null;null;null;null;null;
1988-09-22;null;null;null;null;null;null;null;null;
1988-09-23;null;null;null;null;null;null;null;null;
1988-09-24;null;null;null;null;null;null;null;null;
1988-09-25;null;null;null;null;null;null;null;null;
1988-09-26;null;null;null;null;null;null;null;null;
1988-09-27;null;null;null;null;null;null;null;null;
1988-09-28;null;null;null;null;null;null;null;null;
1988-09-29;null;null;null;null;null;null;null;null;
1988-09-30;null;null;null;null;null;null;null;null;
1988-10-01;null;null;null;null;null;null;null;null;
1988-10-02;null;null;null;null;null;null;null;null;
1988-10-03;null;null;null;null;null;null;null;null;
1988-10-04;null;null;null;null;null;null;null;null;
1988-10-05;null;null;null;null;null;null;null;null;
1988-10-06;null;null;null;null;null;null;null;null;
1988-10-07;null;null;null;null;null;null;null;null;
1988-10-08;null;null;null;null;null;null;null;null;
1988-10-09;null;null;null;null;null;null;null;null;
1988-10-10;null;null;null;null;null;null;null;null;
1988-10-11;null;null;null;null;null;null;null;null;
1988-10-12;null;null;null;null;null;null;null;null;
1988-10-13;null;null;null;null;null;null;null;null;
1988-10-14;null;null;null;null;null;null;null;null;
1988-10-15;null;null;null;null;null;null;null;null;
1988-10-16;null;null;null;null;null;null;null;null;
1988-10-17;null;null;null;null;null;null;null;null;
1988-10-18;null;null;null;null;null;null;null;null;
1988-10-19;null;null;null;null;null;null;null;null;
1988-10-20;null;null;null;null;null;null;null;null;
1988-10-21;null;null;null;null;null;null;null;null;
1988-10-22;null;null;null;null;null;null;null;null;
1988-10-23;null;null;null;null;null;null;null;null;
1988-10-24;null;null;null;null;null;null;null;null;
1988-10-25;null;null;null;null;null;null;null;null;
1988-10-26;null;null;null;null;null;null;null;null;
1988-10-27;null;null;null;null;null;null;null;null;
1988-10-28;null;null;null;null;null;null;null;null;
1988-10-29;null;null;null;null;null;null;null;null;
1988-10-30;null;null;null;null;null;null;null;null;
1988-10-31;null;null;null;null;null;null;null;null;
1988-11-01;null;null;null;null;null;null;null;null;
1988-11-02;null;null;null;null;null;null;null;null;
1988-11-03;null;null;null;null;null;null;null;null;
1988-11-04;null;null;null;null;null;null;null;null;
1988-11-05;null;null;null;null;null;null;null;null;
1988-11-06;null;null;null;null;null;null;null;null;
1988-11-07;null;null;null;null;null;null;null;null;
1988-11-08;null;null;null;null;null;null;null;null;
1988-11-09;null;null;null;null;null;null;null;null;
1988-11-10;null;null;null;null;null;null;null;null;
1988-11-11;null;null;null;null;null;null;null;null;
1988-11-12;null;null;null;null;null;null;null;null;
1988-11-13;null;null;null;null;null;null;null;null;
1988-11-14;null;null;null;null;null;null;null;null;
1988-11-15;null;null;null;null;null;null;null;null;
1988-11-16;null;null;null;null;null;null;null;null;
1988-11-17;null;null;null;null;null;null;null;null;
1988-11-18;null;null;null;null;null;null;null;null;
1988-11-19;null;null;null;null;null;null;null;null;
1988-11-20;null;null;null;null;null;null;null;null;
1988-11-21;null;null;null;null;null;null;null;null;
1988-11-22;null;null;null;null;null;null;null;null;
1988-11-23;null;null;null;null;null;null;null;null;
1988-11-24;null;null;null;null;null;null;null;null;
1988-11-25;null;null;null;null;null;null;null;null;
1988-11-26;null;null;null;null;null;null;null;null;
1988-11-27;null;null;null;null;null;null;null;null;
1988-11-28;null;null;null;null;null;null;null;null;
1988-11-29;null;null;null;null;null;null;null;null;
1988-11-30;null;null;null;null;null;null;null;null;
1988-12-01;null;null;null;null;null;null;null;null;
1988-12-02;null;null;null;null;null;null;null;null;
1988-12-03;null;null;null;null;null;null;null;null;
1988-12-04;null;null;null;null;null;null;null;null;
1988-12-05;null;null;null;null;null;null;null;null;
1988-12-06;null;null;null;null;null;null;null;null;
1988-12-07;null;null;null;null;null;null;null;null;
1988-12-08;null;null;null;null;null;null;null;null;
1988-12-09;null;null;null;null;null;null;null;null;
1988-12-10;null;null;null;null;null;null;null;null;
1988-12-11;null;null;null;null;null;null;null;null;
1988-12-12;null;null;null;null;null;null;null;null;
1988-12-13;null;null;null;null;null;null;null;null;
1988-12-14;null;null;null;null;null;null;null;null;
1988-12-15;null;null;null;null;null;null;null;null;
1988-12-16;null;null;null;null;null;null;null;null;
1988-12-17;null;null;null;null;null;null;null;null;
1988-12-18;null;null;null;null;null;null;null;null;
1988-12-19;null;null;null;null;null;null;null;null;
1988-12-20;null;null;null;null;null;null;null;null;
1988-12-21;null;null;null;null;null;null;null;null;
1988-12-22;null;null;null;null;null;null;null;null;
1988-12-23;null;null;null;null;null;null;null;null;
1988-12-24;null;null;null;null;null;null;null;null;
1988-12-25;null;null;null;null;null;null;null;null;
1988-12-26;null;null;null;null;null;null;null;null;
1988-12-27;null;null;null;null;null;null;null;null;
1988-12-28;null;null;null;null;null;null;null;null;
1988-12-29;null;null;null;null;null;null;null;null;
1988-12-30;null;null;null;null;null;null;null;null;
1988-12-31;null;null;null;null;null;null;null;null;
1989-01-01;null;null;null;null;null;null;null;null;
1989-01-02;null;null;null;null;null;null;null;null;
1989-01-03;null;null;null;null;null;null;null;null;
1989-01-04;null;null;null;null;null;null;null;null;
1989-01-05;null;null;null;null;null;null;null;null;
1989-01-06;null;null;null;null;null;null;null;null;
1989-01-07;null;null;null;null;null;null;null;null;
1989-01-08;null;null;null;null;null;null;null;null;
1989-01-09;null;null;null;null;null;null;null;null;
1989-01-10;null;null;null;null;null;null;null;null;
1989-01-11;null;null;null;null;null;null;null;null;
1989-01-12;null;null;null;null;null;null;null;null;
1989-01-13;null;null;null;null;null;null;null;null;
1989-01-14;null;null;null;null;null;null;null;null;
1989-01-15;null;null;null;null;null;null;null;null;
1989-01-16;null;null;null;null;null;null;null;null;
1989-01-17;null;null;null;null;null;null;null;null;
1989-01-18;null;null;null;null;null;null;null;null;
1989-01-19;null;null;null;null;null;null;null;null;
1989-01-20;null;null;null;null;null;null;null;null;
1989-01-21;null;null;null;null;null;null;null;null;
1989-01-22;null;null;null;null;null;null;null;null;
1989-01-23;null;null;null;null;null;null;null;null;
1989-01-24;null;null;null;null;null;null;null;null;
1989-01-25;null;null;null;null;null;null;null;null;
1989-01-26;null;null;null;null;null;null;null;null;
1989-01-27;null;null;null;null;null;null;null;null;
1989-01-28;null;null;null;null;null;null;null;null;
1989-01-29;null;null;null;null;null;null;null;null;
1989-01-30;null;null;null;null;null;null;null;null;
1989-01-31;null;null;null;null;null;null;null;null;
1989-02-01;null;null;null;null;null;null;null;null;
1989-02-02;null;null;null;null;null;null;null;null;
1989-02-03;null;null;null;null;null;null;null;null;
1989-02-04;null;null;null;null;null;null;null;null;
1989-02-05;null;null;null;null;null;null;null;null;
1989-02-06;null;null;null;null;null;null;null;null;
1989-02-07;null;null;null;null;null;null;null;null;
1989-02-08;null;null;null;null;null;null;null;null;
1989-02-09;null;null;null;null;null;null;null;null;
1989-02-10;null;null;null;null;null;null;null;null;
1989-02-11;null;null;null;null;null;null;null;null;
1989-02-12;null;null;null;null;null;null;null;null;
1989-02-13;null;null;null;null;null;null;null;null;
1989-02-14;null;null;null;null;null;null;null;null;
1989-02-15;null;null;null;null;null;null;null;null;
1989-02-16;null;null;null;null;null;null;null;null;
1989-02-17;null;null;null;null;null;null;null;null;
1989-02-18;null;null;null;null;null;null;null;null;
1989-02-19;null;null;null;null;null;null;null;null;
1989-02-20;null;null;null;null;null;null;null;null;
1989-02-21;null;null;null;null;null;null;null;null;
1989-02-22;null;null;null;null;null;null;null;null;
1989-02-23;null;null;null;null;null;null;null;null;
1989-02-24;null;null;null;null;null;null;null;null;
1989-02-25;null;null;null;null;null;null;null;null;
1989-02-26;null;null;null;null;null;null;null;null;
1989-02-27;null;null;null;null;null;null;null;null;
1989-02-28;null;null;null;null;null;null;null;null;
1989-03-01;null;9,4;0;33,7;27,8;21,9;59,75;null;
1989-03-02;null;4,3;11;null;23,42;19;72,5;null;
1989-03-03;null;11,1;0;33;27,04;20;53;null;
1989-03-04;null;2,1;0;32;24,66;21;78;null;
1989-03-05;null;5;0;25,9;21,82;16,8;75,5;null;
1989-03-06;null;10,9;0;29,5;23,66;16,1;55,5;null;
1989-03-07;null;11,5;0;29;23,3;15,9;62,75;null;
1989-03-08;null;10,8;0;29,9;23,8;17;57,5;null;
1989-03-09;null;11,7;0;30,7;23,6;15;50,5;null;
1989-03-10;null;3,2;0;27,8;22,38;16,9;63,5;null;
1989-03-11;null;7,6;0;29,3;22,96;19;71,5;null;
1989-03-12;null;10,6;0;27,6;23,32;16,5;56,25;null;
1989-03-13;null;9,2;0;27,5;22,08;14,2;57;null;
1989-03-14;null;9,6;20;27,2;21,28;14;61,75;null;
1989-03-15;null;9,2;0;28,4;23;15,1;60,25;null;
1989-03-16;null;9,7;0;30;23,06;17,8;51;null;
1989-03-17;null;8,5;0;23,1;17,68;12,2;50,75;null;
1989-03-18;null;10,9;0;24,9;19,8;11,1;46;null;
1989-03-19;null;3,6;0;null;18,78;12;68,25;null;
1989-03-20;null;null;4,8;null;17,54;16;97,25;null;
1989-03-21;null;7,6;15,6;26,3;20,8;16;74;null;
1989-03-22;null;8,8;0;28,4;22,14;15;61,25;null;
1989-03-23;null;10,6;0;29,5;23,3;16,9;56,75;null;
1989-03-24;null;5,7;0;29,7;22,7;17,1;67,75;null;
1989-03-25;null;,6;0;27,1;20,16;17;82,5;null;
1989-03-26;null;8,9;1;23,7;18,28;16;57;null;
1989-03-27;null;11,3;0;25,5;19,38;11,9;47;null;
1989-03-28;null;11,2;0;27,7;20,58;13,9;53,25;null;
1989-03-29;null;2,9;0;22,1;19,16;15;89,5;null;
1989-03-30;null;3;20,4;21;19,18;18,1;76,5;null;
1989-03-31;null;8,4;0;22,5;17,5;11;65,75;null;
1989-04-01;null;5,7;7,5;21,5;15,88;11;65,5;null;
1989-04-02;null;10,7;0;23,5;17,82;10;78,5;null;
1989-04-03;null;7,1;0;25,7;19,78;14,8;70,25;null;
1989-04-04;null;8,7;0;27,4;21,62;14,5;72;null;
1989-04-05;null;5,9;20,8;26;21,5;19;85;null;
1989-04-06;null;0;0;22,4;20,02;17;88,25;null;
1989-04-07;null;0;4,5;null;18,68;16;91;null;
1989-04-08;null;4,1;0;27,1;21;16;87,5;null;
1989-04-09;null;9,3;2;31,9;22,16;17,4;79;null;
1989-04-10;null;2,5;53,3;19,5;16,46;15;75,25;null;
1989-04-11;null;10,4;0;21,4;16,2;12,8;71;null;
1989-04-12;null;6,8;0;23;17,66;11,5;75,5;null;
1989-04-13;null;6,9;0;24;19,06;16;68,25;null;
1989-04-14;null;0;0;24,3;18,18;12,4;69,25;null;
1989-04-15;null;9,2;0;25,5;20,36;13;70,75;null;
1989-04-16;null;9,5;5,8;null;20;17;84,25;null;
1989-04-17;null;3,6;0;22,4;18,68;16,8;82,5;null;
1989-04-18;null;10,6;0;22,3;17,36;12,1;74,25;null;
1989-04-19;null;10,7;0;24,4;18,92;13,5;64;null;
1989-04-20;null;9,3;0;23,6;17,48;11;71,75;null;
1989-04-21;null;10,7;0;25,1;19,2;13;61,75;null;
1989-04-22;null;10,4;0;22,4;16,62;10,1;61;null;
1989-04-23;null;10;0;24;17,2;8,8;66;null;
1989-04-24;null;9,9;0;24,6;18,4;12,2;70,75;null;
1989-04-25;null;6;0;25,1;19,3;14;71,5;null;
1989-04-26;null;2,2;0;21;17,18;14,6;89,5;null;
1989-04-27;null;9;2;22,4;17,98;13;73;null;
1989-04-28;null;5,6;0;22,6;16,9;12,9;83,5;null;
1989-04-29;null;3,4;24,2;null;13,54;10;91;null;
1989-04-30;null;4,7;0;19,5;15,34;11;74,5;null;
1989-05-01;null;9;0;17,5;12,58;9;67;null;
1989-05-02;null;10,1;0;20,5;14,92;7,5;73,5;null;
1989-05-03;null;5,1;0;20,7;15,72;13,1;69,25;null;
1989-05-04;null;10,1;0;16,7;11,96;7,8;62;null;
1989-05-05;null;,5;0;null;8,8;6;92;null;
1989-05-06;null;10,6;7,6;12,8;8,36;5;72;null;
1989-05-07;null;8;0;14,6;9,82;4;65;null;
1989-05-08;null;8,5;0;17,9;11,8;5;78;null;
1989-05-09;null;8,7;0;20,1;15,14;10;78;null;
1989-05-10;null;7,7;0;20,8;15,32;9,8;73;null;
1989-05-11;null;10;0;22,4;16;9;67;null;
1989-05-12;null;9,5;0;24,3;17,42;10,8;76,5;null;
1989-05-13;null;10;0;25,7;18,86;13;48,5;null;
1989-05-14;null;9,9;0;27,1;20,12;13,7;63,5;null;
1989-05-15;null;1;0;22,8;16,88;14;88,5;null;
1989-05-16;null;null;null;null;null;null;null;null;
1989-05-17;null;10,4;0;18,3;12,04;5,2;66,5;null;
1989-05-18;null;9,9;0;19,1;13,8;7;68,75;null;
1989-05-19;null;5,6;0;23;16,7;12,1;88,25;null;
1989-05-20;null;9,5;0;23,5;18,14;12,6;78,25;null;
1989-05-21;null;9,3;0;26,8;19,82;13,5;70,25;null;
1989-05-22;null;9,3;0;26,3;19,54;14;77;null;
1989-05-23;null;7,4;0;27;20,04;15,9;82;null;
1989-05-24;null;7,8;2;null;12,34;10,7;79,75;null;
1989-05-25;null;9,7;0;15,5;12;5,9;70,5;null;
1989-05-26;null;6,1;0;16,2;10,26;4,2;79,25;null;
1989-05-27;null;9,8;0;18,2;12,94;8;68;null;
1989-05-28;null;7,2;0;19,2;13,06;7,2;72;null;
1989-05-29;null;5,9;0;19,1;13,36;9,6;84,25;null;
1989-05-30;null;9,6;0;21;14,52;9;73,25;null;
1989-05-31;null;9,5;0;22,5;14,92;8,9;70,25;null;
1989-06-01;null;10,4;0;21;14,38;8,4;63,5;null;
1989-06-02;null;3;6;17,8;13,98;12,1;88;null;
1989-06-03;null;7,6;0;17;12,54;10,2;84,25;null;
1989-06-04;null;8,9;0;17;11,3;7,8;86,25;null;
1989-06-05;null;8,7;0;16,6;10,78;5,6;88;null;
1989-06-06;null;5,5;0;18,1;13,52;8,6;82,75;null;
1989-06-07;null;6,6;0;21,4;15,7;10,5;87;null;
1989-06-08;null;5,9;0;21,1;15,88;10,9;82,75;null;
1989-06-09;null;5,6;0;17,5;13,48;11,9;81,5;null;
1989-06-10;null;9;0;null;7,62;5,8;73,5;null;
1989-06-11;null;9,6;0;11,4;5,76;1;68;null;
1989-06-12;null;9,5;0;16,3;8,18;,8;74,75;null;
1989-06-13;null;7,2;0;18,8;11,16;4,6;77,5;null;
1989-06-14;null;2,9;0;14,9;10,48;4,9;90,5;null;
1989-06-15;null;,7;0;14,5;11,46;7,5;81,5;null;
1989-06-16;null;4,4;,6;17;12,06;9,9;90,5;null;
1989-06-17;null;4,9;0;14;9,58;7,7;84,25;null;
1989-06-18;null;5;0;13,7;7,52;1;88,5;null;
1989-06-19;null;7;0;20;11,56;3,8;79,5;null;
1989-06-20;null;9,5;0;19,4;13;5,8;76;null;
1989-06-21;null;0;0;17,5;13,76;9,5;95,75;null;
1989-06-22;null;5,9;7,3;18,2;13,32;10,7;82,5;null;
1989-06-23;null;3,6;0;15,2;9,64;4,2;75,5;null;
1989-06-24;null;9,4;0;16,5;10,12;7,9;73;null;
1989-06-25;null;9,2;0;16,5;10,54;4,8;82,25;null;
1989-06-26;null;3,6;0;17,8;13,68;5,8;77,25;null;
1989-06-27;null;0;0;17;13,9;12,5;88,25;null;
1989-06-28;null;6,5;9,2;16,8;12,1;10,1;83,5;null;
1989-06-29;null;7,7;0;18,4;12,12;7,3;78,75;null;
1989-06-30;null;3,5;0;16,4;12,48;7,5;93,5;null;
1989-07-01;null;0;10,8;12,8;11,02;9,9;88;null;
1989-07-02;null;0;2;10;5,48;3,6;73,5;null;
1989-07-03;null;10,1;0;9,6;4,78;1,3;61;null;
1989-07-04;null;0;0;9;7,24;4;68,5;null;
1989-07-05;null;9,7;0;9,8;4,38;1,2;59;null;
1989-07-06;null;9,6;0;8,5;4,62;,6;70,5;null;
1989-07-07;null;2,6;0;10,4;5,96;,4;86,25;null;
1989-07-08;null;5,9;0;12;6,7;2,5;83,75;null;
1989-07-09;null;3,9;0;14,8;8,8;2,4;85,75;null;
1989-07-10;null;3,5;0;13,9;8,7;3,2;89,75;null;
1989-07-11;null;3,7;0;15,1;10,5;3,6;83;null;
1989-07-12;null;0;3,6;null;11,14;8;96,5;null;
1989-07-13;null;9,2;2,6;15,6;10,4;6,6;92,5;null;
1989-07-14;null;9,1;0;18,4;12,12;7;72,25;null;
1989-07-15;null;10;0;15,5;9,48;3;62,5;null;
1989-07-16;null;9,9;0;19,6;12,08;4,8;71;null;
1989-07-17;null;10,1;null;24,6;15,08;7,3;67;null;
1989-07-18;null;9,6;0;null;14,32;7,6;69;null;
1989-07-19;null;9,6;0;25,3;16,88;9,9;63;null;
1989-07-20;null;5,8;0;null;14,94;11,7;79,25;null;
1989-07-21;null;9,8;null;19,3;11,8;6,6;62,75;null;
1989-07-22;null;2,3;0;null;9;6,6;92,5;null;
1989-07-23;null;0;0;12,2;9,96;6,8;96,75;null;
1989-07-24;null;6,4;12,2;17;12,26;8,7;74,25;null;
1989-07-25;null;9,2;null;14,3;9,72;5,8;79,25;null;
1989-07-26;null;5,1;1,5;14,9;9,84;6;83;null;
1989-07-27;null;1,8;null;13,1;9,54;4,6;84,75;null;
1989-07-28;null;4,9;0;13,2;8,94;5,8;82;null;
1989-07-29;null;1,4;0;13,8;9,94;5,7;76;null;
1989-07-30;null;9,9;0;15,2;9,94;6;56,75;null;
1989-07-31;null;10,4;0;15,8;8,96;2,2;53;null;
1989-08-01;null;10,2;0;17,9;11,52;4,8;57;null;
1989-08-02;null;10;0;24,1;15,36;7,4;53,5;null;
1989-08-03;null;8;0;25,2;19,34;13,9;70,5;null;
1989-08-04;null;4,2;24,4;null;15,3;12,8;77,5;null;
1989-08-05;null;10,4;,3;17,1;12,14;7;61,25;null;
1989-08-06;null;10,4;0;20,1;13,72;6,8;65,5;null;
1989-08-07;null;10,5;0;19,8;13,72;7,8;70,25;null;
1989-08-08;null;0;0;15,3;12,8;8,9;90,5;null;
1989-08-09;null;0;13,8;15,7;13,46;11,2;95,25;null;
1989-08-10;null;3,9;9,6;16,1;13,52;11,6;54,5;null;
1989-08-11;null;6,2;,9;17,2;12,84;9,5;81,25;null;
1989-08-12;null;9,9;0;17,3;12,56;7,8;74,25;null;
1989-08-13;null;9,7;0;22;15,14;8,8;74,5;null;
1989-08-14;null;10,3;0;23;15,62;8,1;63,75;null;
1989-08-15;null;10,2;0;23,2;16,28;9,9;69;null;
1989-08-16;null;9,2;0;27,1;19,9;11,8;58;null;
1989-08-17;null;8,5;0;25,4;19,66;17,9;76,5;null;
1989-08-18;null;9;0;29,8;22,2;15,3;52,25;null;
1989-08-19;null;0;0;null;20;17;81;null;
1989-08-20;null;6,7;13,5;22,6;17,72;14,8;86,25;null;
1989-08-21;null;1;5,6;20,8;16,7;14,9;95,75;null;
1989-08-22;null;0;42,8;null;8,92;6,4;82,75;null;
1989-08-23;null;7,1;0;15,4;10,28;5,8;70,25;null;
1989-08-24;null;1,8;0;17;11,82;5,8;71;null;
1989-08-25;null;10,4;0;17;11,4;7,6;50,5;null;
1989-08-26;null;3,8;0;19,9;11,54;2,8;81;null;
1989-08-27;null;10,7;0;null;8,8;4,8;50;null;
1989-08-28;null;11,1;0;16,5;9,8;2,2;55,75;null;
1989-08-29;null;10,8;0;23;15,1;5,8;73;null;
1989-08-30;null;5,5;0;25,3;17,64;10,7;84,75;null;
1989-08-31;null;1,2;16,5;null;13,58;12;80,5;null;
1989-09-01;null;10,5;0;15,6;10,78;7;67,25;null;
1989-09-02;null;10,4;0;15,8;10,94;4,8;63;null;
1989-09-03;null;9,8;0;20,1;13,24;3;70;null;
1989-09-04;null;10,5;0;25,4;17,18;9,7;64;null;
1989-09-05;null;6,3;0;23,1;16,42;12,7;85,75;null;
1989-09-06;null;8,5;12,2;15,4;10,08;7,4;62;null;
1989-09-07;null;10,6;0;16,9;11,4;4,8;51,5;null;
1989-09-08;null;7,7;0;18,2;12,14;5;60,75;null;
1989-09-09;null;4,1;0;16,9;12,46;8,7;80,75;null;
1989-09-10;null;6,5;0;19,6;15;9;76,75;null;
1989-09-11;null;1,7;20,5;21;16,02;11,9;89,5;null;
1989-09-12;null;,7;0;19,5;16,3;13;92;null;
1989-09-13;null;0;0;null;14,78;12,7;96,75;null;
1989-09-14;null;1,4;8,4;15,1;12,34;8,8;89;null;
1989-09-15;null;10,4;0;16,1;11,18;8;62;null;
1989-09-16;null;5,6;0;15,2;9,66;5;75;null;
1989-09-17;null;10,6;0;18,6;13,2;6,4;62,75;null;
1989-09-18;null;11,1;0;21,8;14,98;8,3;65,75;null;
1989-09-19;null;9,2;0;24;17,22;10,6;62;null;
1989-09-20;null;11,1;0;24,8;17,68;9,7;58;null;
1989-09-21;null;10,3;0;25,3;18,6;10,7;69,75;null;
1989-09-22;null;0;6,1;null;17,9;15,5;95,75;null;
1989-09-23;null;0;7,8;null;16,12;15;91,5;null;
1989-09-24;null;6,8;0;null;10,1;7,8;81,75;null;
1989-09-25;null;11,1;0;13;9,28;6,6;61,75;null;
1989-09-26;null;7,2;0;14,9;9,9;4,3;71;null;
1989-09-27;null;10,9;0;14,4;9,18;3,2;63;null;
1989-09-28;null;5,8;0;15,2;9,78;3,9;62;null;
1989-09-29;null;11,6;0;18,2;12,56;5,8;55,25;null;
1989-09-30;null;11,1;0;20,3;14,14;6,8;60,25;null;
1989-10-01;null;10,8;0;25,2;17,34;8,1;51,5;null;
1989-10-02;null;2,4;null;27,1;20,02;12,3;64,75;null;
1989-10-03;null;9,3;null;null;15,44;12,8;61,25;null;
1989-10-04;null;11,2;null;21,2;14,68;6,8;65,75;null;
1989-10-05;null;10,5;null;23,9;17,58;10,8;63;null;
1989-10-06;null;6,9;null;25;18,1;9,7;61;null;
1989-10-07;null;3,6;13,2;21;16,96;12,8;75,75;null;
1989-10-08;null;9,6;null;19,9;15,28;10,7;66;null;
1989-10-09;null;10,5;null;20,8;15,32;7,8;58,5;null;
1989-10-10;null;8,3;null;22,3;16,64;9,3;63;null;
1989-10-11;null;8,9;0;22;15,98;12,1;78,25;null;
1989-10-12;null;3,3;0;null;9,96;7,4;78,25;null;
1989-10-13;null;8;null;17,9;12,36;4;66,75;null;
1989-10-14;null;7,3;0;18,1;14,4;7,7;62;null;
1989-10-15;null;9,7;null;23,2;16,62;8,1;61,25;null;
1989-10-16;null;9,3;0;22,3;16,1;10,2;69;null;
1989-10-17;null;6,8;4,2;19,3;14,1;9,1;72,25;null;
1989-10-18;null;8,4;0;22;16,7;8,9;63;null;
1989-10-19;null;10,9;0;24;18,44;10,2;65,5;null;
1989-10-20;null;11,7;null;27,8;21;11,5;50,75;null;
1989-10-21;null;8;0;26;20,22;12,8;64,5;null;
1989-10-22;null;9,7;0;25;19,36;11,3;57,5;null;
1989-10-23;null;11,7;0;31,1;22,88;12,8;54;null;
1989-10-24;null;1,9;0;27,3;19,78;17,1;83,25;null;
1989-10-25;null;11,5;40,8;21,8;19,04;16,1;90,75;null;
1989-10-26;null;0;46,6;null;13,38;9,7;62,5;null;
1989-10-27;null;7,4;0;20,4;15,58;8,7;55,75;null;
1989-10-28;null;12,5;null;23;17,58;9,8;58;null;
1989-10-29;null;11,9;0;28,4;20,34;11,5;61,5;null;
1989-10-30;null;,9;null;23,6;18,42;14,6;78,25;null;
1989-10-31;null;11,8;0;19,9;15,32;10,7;56,5;null;
1989-11-01;null;12,2;0;22,1;16,18;7,4;57,5;null;
1989-11-02;null;,3;0;22,9;15,88;10,8;87,5;null;
1989-11-03;null;4,6;31,2;20,4;15,74;10,9;78,25;null;
1989-11-04;null;12,7;0;23,1;18,16;12,9;47;null;
1989-11-05;null;10,4;0;23,1;17,66;12;58,5;null;
1989-11-06;null;12,2;0;23,9;18,68;11,4;64;null;
1989-11-07;null;7;0;25;19,5;12,8;55,75;null;
1989-11-08;null;9,8;0;28;21,64;14,5;65,5;null;
1989-11-09;null;11,5;0;29;23,38;17,7;60,75;null;
1989-11-10;null;11,8;0;29,1;23,12;15,9;60,5;null;
1989-11-11;null;,4;0;null;19,64;17,9;91,25;null;
1989-11-12;null;0;33;null;14,08;12;92,75;null;
1989-11-13;null;4,2;15,2;18,8;14,74;11,1;72;null;
1989-11-14;null;12,5;0;23;16,94;9,8;64,5;null;
1989-11-15;null;12,8;0;28,2;22,22;13,6;54,25;null;
1989-11-16;null;11,5;0;null;18,46;12,7;61,25;null;
1989-11-17;null;12,7;0;25,4;19,72;10,7;63,75;null;
1989-11-18;null;12,6;0;30,2;22,3;12,9;55;null;
1989-11-19;null;6,6;0;31,9;24;19;63;null;
1989-11-20;null;9,5;43;28,8;23,72;16,1;64,5;null;
1989-11-21;null;10,9;0;28,7;23,36;17,8;71,75;null;
1989-11-22;null;0;0;33,4;26,14;19,7;72,75;null;
1989-11-23;null;9,2;17;28,9;22,48;12,8;68,5;null;
1989-11-24;null;12,2;15,2;null;18,1;18,1;68;null;
1989-11-25;null;10,7;0;24;19,28;12,9;71,25;null;
1989-11-26;null;7;0;26;20,78;14,6;69,25;null;
1989-11-27;null;5,3;0;22,6;18,72;15,9;75;null;
1989-11-28;null;10,2;0;24,1;18,72;12,4;74,5;null;
1989-11-29;null;10,3;0;27,8;22,18;14,6;67,75;null;
1989-11-30;null;12,4;0;28,7;24,04;16,8;72,75;null;
1989-12-01;null;11,1;0;31;24,76;17,5;70;null;
1989-12-02;null;5;0;29,3;22,88;18,8;82,5;null;
1989-12-03;null;5,2;0;27;24,02;20,6;77;null;
1989-12-04;null;10,8;0;27,6;21,76;16,1;64,75;null;
1989-12-05;null;10,7;0;31;23,4;15,7;72;null;
1989-12-06;null;8,9;null;31,8;25,42;18,3;60;null;
1989-12-07;null;8,3;0;27,4;23,84;18,9;75;null;
1989-12-08;null;12,6;0;32,1;26,3;19,1;63,5;null;
1989-12-09;null;4,7;0;29,2;23,6;19,9;90,5;null;
1989-12-10;null;11,3;23,5;31,2;25,36;19,1;76,75;null;
1989-12-11;null;12,2;0;32,6;27,94;22,2;62,5;null;
1989-12-12;null;13;0;33,2;27,38;20,6;57,25;null;
1989-12-13;null;12,6;0;32,8;26,36;20,6;62;null;
1989-12-14;null;12,4;0;29;24,08;17,9;59;null;
1989-12-15;null;13;0;31,4;24,76;17,1;61;null;
1989-12-16;null;13,3;null;32,9;26,8;18,6;61,5;null;
1989-12-17;null;0;50;null;21,12;18,5;76,75;null;
1989-12-18;null;13,3;1,5;24,4;18,02;10,3;55,25;null;
1989-12-19;null;13,3;null;25;20,22;14;56,5;null;
1989-12-20;null;13,2;null;25,7;20,38;13,9;50;null;
1989-12-21;null;13,3;0;24,3;19,68;12,8;50,5;null;
1989-12-22;null;13,3;0;28,4;22,4;13,5;59;null;
1989-12-23;null;10,5;0;29;24,1;16;53;null;
1989-12-24;null;7,7;0;30,2;25,28;17,7;63,25;null;
1989-12-25;null;5,2;0;29,4;23,4;19,7;70,75;null;
1989-12-26;null;4,5;0;26,7;20,18;14,5;90;null;
1989-12-27;null;2,6;5,4;28,3;23,46;19,1;73,5;null;
1989-12-28;null;4;0;28,3;23,22;19,7;86,5;null;
1989-12-29;null;1,6;10,8;27,8;23,24;19,9;88,75;null;
1989-12-30;null;4,7;5,2;27,2;24,22;20;79,25;null;
1989-12-31;null;13,1;null;29,6;25,38;19,8;65,5;null;
1990-01-01;null;11,3;0;28,8;22,8;15,5;46,75;null;
1990-01-02;null;11,8;0;28,2;22,66;16;57,5;null;
1990-01-03;null;13,3;0;29,5;23,1;15,3;50,5;null;
1990-01-04;null;13,3;0;30,7;25,4;17,8;51,5;null;
1990-01-05;null;13,1;0;32,9;26,46;18,3;45,5;null;
1990-01-06;null;13,3;0;32;26,24;18,7;52,75;null;
1990-01-07;null;5,6;0;34,1;28,42;20,1;53,75;null;
1990-01-08;null;5,3;0;null;24,58;21,4;64,25;null;
1990-01-09;null;6,4;0;27,2;22,14;17;63;null;
1990-01-10;null;12,4;0;28,1;22,5;16,5;60,75;null;
1990-01-11;null;13;0;29,1;23,48;15,8;55,75;null;
1990-01-12;null;13,1;0;33,7;26,64;18,6;45;null;
1990-01-13;null;5,5;0;31,1;25,62;20,1;70;null;
1990-01-14;null;11,5;5,8;32,5;27,14;21;57,5;null;
1990-01-15;null;3,2;0;31,7;26,18;20,1;44,75;null;
1990-01-16;null;6,7;0;28,3;24,34;19,7;77,5;null;
1990-01-17;null;1,2;15,4;null;20,02;18,1;80;null;
1990-01-18;null;12,9;0;22,5;17,24;10,3;50,75;null;
1990-01-19;null;13;0;26,4;19,9;10,7;52,25;null;
1990-01-20;null;11,2;3;27,2;21,78;15,9;60,5;null;
1990-01-21;null;12,8;0;29;23,54;16,6;56,75;null;
1990-01-22;null;12,4;0;32,1;26,06;18,3;50,75;null;
1990-01-23;null;8,5;0;30,1;23,52;16,8;81,5;null;
1990-01-24;null;,3;23,2;24,8;21,74;20,1;98,5;null;
1990-01-25;null;10,4;36,8;29,9;24,94;18,9;74,75;null;
1990-01-26;null;12,8;0;32,7;27,56;21,6;60,25;null;
1990-01-27;null;12,7;0;33,5;27,7;20,3;62,5;null;
1990-01-28;null;10,4;0;33,4;28,7;23,6;75;null;
1990-01-29;null;12,1;0;34,5;29,72;25,2;64;null;
1990-01-30;null;12,3;0;34;28,92;24,7;69,5;null;
1990-01-31;null;11,4;0;32,7;25,34;22,9;71;null;
1990-02-01;null;9,7;1;31,3;26,4;21,4;72,5;null;
1990-02-02;null;12,3;0;32,7;27,76;21,6;62;null;
1990-02-03;null;7,9;0;32,2;25,78;22,8;78,5;null;
1990-02-04;null;7,4;19,5;35,9;25,92;20,4;77,25;null;
1990-02-05;null;12,1;0;33;27,32;20,1;64,5;null;
1990-02-06;null;8,4;0;33;26,64;22,3;71;null;
1990-02-07;null;7,4;0;33;24,64;20,7;79;null;
1990-02-08;null;1,7;0;27,1;23,54;21;91,75;null;
1990-02-09;null;3;28,1;28;23,78;20;89;null;
1990-02-10;null;,4;3;23,6;21,9;21;96;null;
1990-02-11;null;0;172,5;25;22,3;20;90;null;
1990-02-12;null;0;32,5;null;20,78;20;91;null;
1990-02-13;null;0;1;null;null;null;93;null;
1990-02-14;null;1,4;6,6;27,6;23,16;20,4;89,25;null;
1990-02-15;null;3,8;0;25,5;20,74;18,3;89,5;null;
1990-02-16;null;7,9;6,8;26,1;21,02;17,1;78,75;null;
1990-02-17;null;8,9;0;27;21,52;16,1;73;null;
1990-02-18;null;10,7;0;28,1;23,4;18,3;62,75;null;
1990-02-19;null;12;0;26,1;21,22;16,5;63,25;null;
1990-02-20;null;8,5;0;28,8;22,56;16,1;70;null;
1990-02-21;null;0;0;26,6;22,92;18,8;77,75;null;
1990-02-22;null;3,4;0;27,6;22,88;19,9;93;null;
1990-02-23;null;8,4;40,8;26,3;21,82;18,1;80,25;null;
1990-02-24;null;1,6;,8;27;21,5;20,4;82,75;null;
1990-02-25;null;1;9,2;20,7;18,54;17,2;92,5;null;
1990-02-26;null;4;5,6;20,9;17,9;16,1;89,25;null;
1990-02-27;null;2,6;2,5;22;17,9;14,9;87;null;
1990-02-28;null;7,2;,2;26,4;20,96;15,9;79,25;null;
1990-03-01;null;11,4;0;29,2;23,62;17,5;66,75;null;
1990-03-02;null;11,5;0;28,3;22,7;19,3;55,75;null;
1990-03-03;null;11,6;0;24,5;20,22;15,1;66;null;
1990-03-04;null;8;0;26;21,08;14,9;77,5;null;
1990-03-05;null;1,3;1;null;20,9;19,6;90,25;null;
1990-03-06;null;3,9;0;25,4;21,52;17,9;82,75;null;
1990-03-07;null;10,9;0;27,3;22,14;17,9;75;null;
1990-03-08;null;0;5;24,4;20,72;16,9;84,25;null;
1990-03-09;null;0;0;24,4;22,66;19,9;92,5;null;
1990-03-10;null;0;22;null;21,4;20,5;97;null;
1990-03-11;null;,3;50;23,1;21;16;98;null;
1990-03-12;null;3,1;6;27,6;22,1;20;94,75;null;
1990-03-13;null;1,1;57,3;24,3;21,54;19,9;91,5;null;
1990-03-14;null;1,4;18;22,4;20,72;19,9;97,5;null;
1990-03-15;null;,8;22,4;23,5;20,72;17,2;88,75;null;
1990-03-16;null;8,9;,4;24,8;20,48;18,2;85,25;null;
1990-03-17;null;1,6;0;22,1;19,86;16,9;87,5;null;
1990-03-18;null;4,9;0;23,6;19,32;17,5;83,5;null;
1990-03-19;null;9;0;25,6;20,08;15,2;76,25;null;
1990-03-20;null;8,1;0;26;21,46;16,9;77,5;null;
1990-03-21;null;9,6;0;27,4;21,76;17,1;77,75;null;
1990-03-22;null;9,3;0;26,8;21,48;16,1;74,75;null;
1990-03-23;null;9,8;0;27,8;22,48;17,5;77,25;null;
1990-03-24;null;4,6;2;null;19,72;17,8;84;null;
1990-03-25;null;10;0;23;17,14;13,4;60,75;null;
1990-03-26;null;4,8;0;24,4;17,78;12,7;72,5;null;
1990-03-27;null;11,1;1,2;18,1;12,48;7;69;null;
1990-03-28;null;11,1;0;22,6;16,64;7,6;61,5;null;
1990-03-29;null;2,2;0;21;18,8;14,9;96,5;null;
1990-03-30;null;,5;53,6;25,2;21,56;18,1;95,75;null;
1990-03-31;null;9,7;34,2;21,2;17,42;14,9;77,5;null;
1990-04-01;null;6;0;24,9;19,36;12,3;80,25;null;
1990-04-02;null;8;0;26,6;20,84;16,6;76,5;null;
1990-04-03;null;null;0;null;null;15,6;87,5;null;
1990-04-04;null;0;23,2;21,2;18,34;15,6;94;null;
1990-04-05;null;null;2,4;null;null;null;92;null;
1990-04-06;null;,6;0;23,8;20,82;18;92,25;null;
1990-04-07;null;null;1,8;null;null;null;92,5;null;
1990-04-08;null;null;10;null;null;null;84;null;
1990-04-09;null;6,1;0;25,4;20,64;16,5;83,75;null;
1990-04-10;null;null;0;null;null;null;78;null;
1990-04-11;null;null;0;21,2;17,96;16,6;88,25;null;
1990-04-12;null;null;0;27,3;21,14;15;81,5;null;
1990-04-13;null;null;,3;26,6;21,62;17,2;87,5;null;
1990-04-14;null;null;0;null;20,96;17,9;83,25;null;
1990-04-15;null;null;0;25,4;19,66;17,2;93,75;null;
1990-04-16;null;null;24,5;25,8;20,08;17,1;83;null;
1990-04-17;null;null;0;null;null;null;76,5;null;
1990-04-18;null;null;0;15,7;11;7,4;69,5;null;
1990-04-19;null;null;0;null;12,44;5,2;70,75;null;
1990-04-20;null;null;0;25,1;19,22;11,6;77,5;null;
1990-04-21;null;null;0;null;21,58;17,9;83;null;
1990-04-22;null;null;0;null;null;null;95;null;
1990-04-23;null;null;77;22,9;19,76;16,8;89,5;null;
1990-04-24;null;null;56;null;null;null;95,75;null;
1990-04-25;null;null;0;24,9;21,02;18,3;86,75;null;
1990-04-26;null;null;3,5;null;null;null;97,25;null;
1990-04-27;null;null;18,4;21,4;16,86;14,3;63;null;
1990-04-28;null;null;0;null;null;null;66;null;
1990-04-29;null;null;0;21,9;15,84;12,3;70;null;
1990-04-30;null;null;0;19,6;14,46;10,3;65,5;null;
1990-05-01;null;9,7;0;19,3;14,6;9,9;69,5;null;
1990-05-02;null;10,3;0;20,1;13,7;7,8;74,5;null;
1990-05-03;null;10,3;0;20,7;15,42;10;78,5;null;
1990-05-04;null;6,2;0;22,3;15,8;10,7;88,75;null;
1990-05-05;null;9,6;0;22,9;17,12;11,9;72,75;null;
1990-05-06;null;3,3;0;22,3;17,62;13;89;null;
1990-05-07;null;6,7;0;21,9;17,68;13,6;87;null;
1990-05-08;null;6,7;0;19,4;13,8;10,1;72,75;null;
1990-05-09;null;8,3;0;25,8;19,38;10,7;78,75;null;
1990-05-10;null;4,4;35;null;15,78;13,2;89;null;
1990-05-11;null;9,9;0;19,9;14,4;10,3;68,75;null;
1990-05-12;null;6;0;17;12,68;8,4;74,5;null;
1990-05-13;null;6,7;0;18,5;13,92;9,3;84,75;null;
1990-05-14;null;8,7;0;22,4;15,54;11,5;75,5;null;
1990-05-15;null;9,7;0;16,2;11,72;10;75,25;null;
1990-05-16;null;4,2;0;15,3;10,3;5;76;null;
1990-05-17;null;7,4;0;15,3;10,22;8,2;78,5;null;
1990-05-18;null;,8;3,6;13,5;10,2;7,2;88;null;
1990-05-19;null;10;0;15,1;13,14;4,3;75,75;null;
1990-05-20;null;8,2;0;17,9;10,88;7;80,25;null;
1990-05-21;null;10,1;0;13,3;8,88;4,8;57;null;
1990-05-22;null;10,1;0;14,8;8,96;4,8;43,5;null;
1990-05-23;null;8,3;0;17,4;11,1;4,8;55,25;null;
1990-05-24;null;0;0;21;13,62;7;66,5;null;
1990-05-25;null;4,3;0;19,6;13,76;7,4;76,5;null;
1990-05-26;null;7,4;0;25,7;18,7;11;69;null;
1990-05-27;null;0;19,5;null;14,48;11,4;79;null;
1990-05-28;null;7,9;5,1;15,5;11,22;5,5;78,5;null;
1990-05-29;null;0;4,3;15,2;13,94;11,1;98;null;
1990-05-30;null;,3;8,7;19,7;16,46;13;95,25;null;
1990-05-31;null;7,4;,7;null;12,44;10,7;74;null;
1990-06-01;null;9,8;0;17,7;11,28;7;72;null;
1990-06-02;null;3,1;0;18,7;12,74;6;84;null;
1990-06-03;null;4,1;0;21;17,22;14,1;87;null;
1990-06-04;null;,2;0;20,5;17,98;15;95,25;null;
1990-06-05;null;3,3;2,6;null;15,22;9,3;74,75;null;
1990-06-06;null;10;0;16,4;10,76;5,3;60,75;null;
1990-06-07;null;9,8;0;16,8;10,12;4,2;65;null;
1990-06-08;null;10;0;18,9;13,14;7,8;56;null;
1990-06-09;null;9,7;0;15;9,5;7;63,5;null;
1990-06-10;null;9,8;0;10,5;6,74;3,3;64,75;null;
1990-06-11;null;9;0;11,9;6,7;,8;76,25;null;
1990-06-12;null;0;0;11,5;16,3;5;83,75;null;
1990-06-13;null;0;2,8;13,4;10,24;6;88,5;null;
1990-06-14;null;2,2;0;12,1;10;8;87,25;null;
1990-06-15;null;8,6;0;11,4;6,76;4,1;61;null;
1990-06-16;null;9,8;0;15,5;8,6;2,9;58,5;null;
1990-06-17;null;10,1;0;19,1;11,8;7;59;null;
1990-06-18;null;9,9;0;21,5;13,88;6,5;68,75;null;
1990-06-19;null;1,1;0;null;10,96;9,1;90;null;
1990-06-20;null;8,2;0;9,6;5,88;4;64;null;
1990-06-21;null;8,8;0;10,4;5,12;-,3;76,25;null;
1990-06-22;null;9,8;0;13,4;7,2;,6;72,75;null;
1990-06-23;null;5,8;0;14,5;9,36;3;79,5;null;
1990-06-24;null;5;0;15,4;10,26;5,5;77,5;null;
1990-06-25;null;8,7;0;15,4;9,3;4,5;66,25;null;
1990-06-26;null;9,8;0;17;10,08;6;67,75;null;
1990-06-27;null;4,4;0;17,1;9,42;3,6;81,75;null;
1990-06-28;null;5,8;0;19,1;12,64;7;83,5;null;
1990-06-29;null;5,8;0;19,1;13,4;9,1;77;null;
1990-06-30;null;0;0;17,4;14,08;9,2;84;null;
1990-07-01;null;null;null;null;null;null;null;null;
1990-07-02;null;null;null;null;null;null;null;null;
1990-07-03;null;null;null;null;null;null;null;null;
1990-07-04;null;null;null;null;null;null;null;null;
1990-07-05;null;null;null;null;null;null;null;null;
1990-07-06;null;null;null;null;null;null;null;null;
1990-07-07;null;null;null;null;null;null;null;null;
1990-07-08;null;null;null;null;null;null;null;null;
1990-07-09;null;null;null;null;null;null;null;null;
1990-07-10;null;null;null;null;null;null;null;null;
1990-07-11;null;null;null;null;null;null;null;null;
1990-07-12;null;null;null;null;null;null;null;null;
1990-07-13;null;null;null;null;null;null;null;null;
1990-07-14;null;null;null;null;null;null;null;null;
1990-07-15;null;null;null;null;null;null;null;null;
1990-07-16;null;null;null;null;null;null;null;null;
1990-07-17;null;null;null;null;null;null;null;null;
1990-07-18;null;null;null;null;null;null;null;null;
1990-07-19;null;null;null;null;null;null;null;null;
1990-07-20;null;null;null;null;null;null;null;null;
1990-07-21;null;null;null;null;null;null;null;null;
1990-07-22;null;null;null;null;null;null;null;null;
1990-07-23;null;null;null;null;null;null;null;null;
1990-07-24;null;null;null;null;null;null;null;null;
1990-07-25;null;null;null;null;null;null;null;null;
1990-07-26;null;null;null;null;null;null;null;null;
1990-07-27;null;null;null;null;null;null;null;null;
1990-07-28;null;null;null;null;null;null;null;null;
1990-07-29;null;null;null;null;null;null;null;null;
1990-07-30;null;null;null;null;null;null;null;null;
1990-07-31;null;null;null;null;null;null;null;null;
1990-08-01;null;5,9;0;18,2;10,46;4,3;63,25;null;
1990-08-02;null;9,8;0;19,2;11,54;3,8;66,75;null;
1990-08-03;null;9,1;0;21,6;14,34;7,1;69,25;null;
1990-08-04;null;9,4;0;22,4;15,62;8,6;71;null;
1990-08-05;null;9,4;0;25,6;17,86;10,9;70;null;
1990-08-06;null;9,6;0;24,5;17,98;12,8;61,75;null;
1990-08-07;null;9,5;0;24,3;18,48;13;62,5;null;
1990-08-08;null;8,1;0;27,4;20,06;15,3;64,75;null;
1990-08-09;null;9,4;,5;22,6;16,06;12;78;null;
1990-08-10;null;8,6;0;22,8;16,42;11,3;82,25;null;
1990-08-11;null;9;0;27,1;18,28;11,2;69;null;
1990-08-12;null;8,8;0;28,1;19,78;13;66,25;null;
1990-08-13;null;9,3;0;28,8;20,78;14,2;58,5;null;
1990-08-14;null;3,9;0;27,5;20,88;15;64,75;null;
1990-08-15;null;0;0;null;15,24;13;90,5;null;
1990-08-16;null;9,2;1,4;17,3;12,12;8,2;62,75;null;
1990-08-17;null;10,5;0;22,1;15,6;9,5;52,5;null;
1990-08-18;null;9,7;0;22,2;14,84;7;58;null;
1990-08-19;null;5,3;0;23,4;16,48;10,1;78;null;
1990-08-20;null;10,1;0;22,6;16,22;10,5;59,75;null;
1990-08-21;null;10,1;0;20,9;14,4;9;68;null;
1990-08-22;null;9,1;0;19,8;13,02;8,7;76,25;null;
1990-08-23;null;10;0;16;11,02;6,8;63;null;
1990-08-24;null;5,5;0;18,8;11,98;5;66,75;null;
1990-08-25;null;7;0;23,1;16,56;10,1;70,25;null;
1990-08-26;null;4,2;0;22,9;18,6;15,2;87,5;null;
1990-08-27;null;1,7;13,8;null;10,86;6,6;88,75;null;
1990-08-28;null;10,6;2,3;9,9;6,06;3,9;64,75;null;
1990-08-29;null;10,7;0;14,8;7,14;-,5;59;null;
1990-08-30;null;10,8;0;22,1;12,6;3;55;null;
1990-08-31;null;3,5;0;16,6;10,46;7,7;71,5;null;
1990-09-01;null;2,2;3;7,7;4,62;2,9;74;null;
1990-09-02;null;10,3;0;12,3;7,08;1,9;64,75;null;
1990-09-03;null;7,7;0;17,8;11,42;2,6;70,75;null;
1990-09-04;null;0;0;16,4;12,96;8;91,25;null;
1990-09-05;null;1,4;0;20,4;15,42;11,7;86,5;null;
1990-09-06;null;0;5,2;null;14,48;13,5;91,5;null;
1990-09-07;null;0;11,5;17,5;14,8;13,4;97,25;null;
1990-09-08;null;0;19,7;null;12,26;11;81,25;null;
1990-09-09;null;10,4;0;23,6;16,84;10;63,5;null;
1990-09-10;null;7,9;0;27,1;20,02;11,8;54,25;null;
1990-09-11;null;0;2,2;null;15,48;11;91,25;null;
1990-09-12;null;10,3;20;14,4;8,88;6,9;73,25;null;
1990-09-13;null;9,9;0;11,2;6,84;2,9;62;null;
1990-09-14;null;10,9;0;14,1;8,84;1,8;57,5;null;
1990-09-15;null;10,8;0;18;12,18;5;69;null;
1990-09-16;null;8;0;23,4;14,94;8,8;71,5;null;
1990-09-17;null;8,7;0;22,4;15,98;10,5;68,75;null;
1990-09-18;null;2,7;26;18;14,12;12;93,5;null;
1990-09-19;null;5,1;0;18;13,74;9,3;80,75;null;
1990-09-20;null;0;0;17,1;15,4;12,1;95,5;null;
1990-09-21;null;0;2,2;18,9;16,62;13,8;95,25;null;
1990-09-22;null;7,9;12;18,7;14,28;12,7;59;null;
1990-09-23;null;8,5;0;15;9,66;6;62,25;null;
1990-09-24;null;11,2;0;15,4;9,96;3,5;62,5;null;
1990-09-25;null;11,3;0;16,3;11,32;5,8;68;null;
1990-09-26;null;8,6;0;21,4;13,9;6,1;63,75;null;
1990-09-27;null;10,2;0;24;17,76;10;57,5;null;
1990-09-28;null;,3;0;20,9;17,18;12,6;79;null;
1990-09-29;null;8;0;21,3;16,1;12,8;72,75;null;
1990-09-30;null;10,2;0;26,4;19,72;11,9;71,25;null;
1990-10-01;null;10;0;27,9;21,38;14,7;70;null;
1990-10-02;null;11;0;25;19,34;14;63,75;null;
1990-10-03;null;11;0;27,8;21,96;14,7;68,75;null;
1990-10-04;null;7,9;0;31,4;21,36;17;75,5;null;
1990-10-05;null;0;0;null;19,9;17,7;90,75;null;
1990-10-06;null;0;17,1;20,7;19,18;17;95,5;null;
1990-10-07;null;0;9,9;21,7;20,26;17,1;94;null;
1990-10-08;null;8,1;15;null;18,14;16,6;76,75;null;
1990-10-09;null;9,7;0;21,5;17,54;12,7;70;null;
1990-10-10;null;3,8;0;21,7;16,82;12,4;89,25;null;
1990-10-11;null;2,7;0;25;19,86;15;93,75;null;
1990-10-12;null;10,4;39,6;null;14,58;11,2;60;null;
1990-10-13;null;10,3;0;20,5;16,14;8,2;62;null;
1990-10-14;null;5,8;0;21,4;16,74;12,7;67,75;null;
1990-10-15;null;11,7;,5;19,5;14,48;11;52,5;null;
1990-10-16;null;12,2;0;20,9;14,5;6;64,5;null;
1990-10-17;null;5,6;0;23,9;17,96;9,9;71,5;null;
1990-10-18;null;9;0;24;19,98;14;71;null;
1990-10-19;null;6,4;null;23,6;20,12;16,5;77;null;
1990-10-20;null;0;7,8;23;18,74;14,1;86,5;null;
1990-10-21;null;8,7;0;22,9;18,16;13,1;71;null;
1990-10-22;null;10,9;0;25,6;19,22;13;58,75;null;
1990-10-23;null;9,5;0;25,2;18,64;12;67,5;null;
1990-10-24;null;9,8;0;23,9;18,58;14,3;72;null;
1990-10-25;null;6,8;null;25,9;19,82;14;74,25;null;
1990-10-26;null;10,7;null;26,7;21,64;16,6;80,5;null;
1990-10-27;null;6,4;null;28,1;23,12;16,9;75,5;null;
1990-10-28;null;,4;null;24,8;21,32;17,7;91,25;null;
1990-10-29;null;,9;2,4;25,4;22,38;19,8;93,5;null;
1990-10-30;null;10,7;22,4;29,1;23,9;19,9;70,75;null;
1990-10-31;null;1,8;16;null;19,44;17,5;83,5;null;
1990-11-01;null;null;null;null;null;null;null;null;
1990-11-02;null;null;null;null;null;null;null;null;
1990-11-03;null;null;null;null;null;null;null;null;
1990-11-04;null;null;null;null;null;null;null;null;
1990-11-05;null;null;null;null;null;null;null;null;
1990-11-06;null;null;null;null;null;null;null;null;
1990-11-07;null;null;null;null;null;null;null;null;
1990-11-08;null;null;null;null;null;null;null;null;
1990-11-09;null;null;null;null;null;null;null;null;
1990-11-10;null;null;null;null;null;null;null;null;
1990-11-11;null;null;null;null;null;null;null;null;
1990-11-12;null;null;null;null;null;null;null;null;
1990-11-13;null;null;null;null;null;null;null;null;
1990-11-14;null;null;null;null;null;null;null;null;
1990-11-15;null;null;null;null;null;null;null;null;
1990-11-16;null;null;null;null;null;null;null;null;
1990-11-17;null;null;null;null;null;null;null;null;
1990-11-18;null;null;null;null;null;null;null;null;
1990-11-19;null;null;null;null;null;null;null;null;
1990-11-20;null;null;null;null;null;null;null;null;
1990-11-21;null;null;null;null;null;null;null;null;
1990-11-22;null;null;null;null;null;null;null;null;
1990-11-23;null;null;null;null;null;null;null;null;
1990-11-24;null;null;null;null;null;null;null;null;
1990-11-25;null;null;null;null;null;null;null;null;
1990-11-26;null;null;null;null;null;null;null;null;
1990-11-27;null;null;null;null;null;null;null;null;
1990-11-28;null;null;null;null;null;null;null;null;
1990-11-29;null;null;null;null;null;null;null;null;
1990-11-30;null;null;null;null;null;null;null;null;
1990-12-01;null;null;null;null;null;null;null;null;
1990-12-02;null;null;null;null;null;null;null;null;
1990-12-03;null;null;null;null;null;null;null;null;
1990-12-04;null;null;null;null;null;null;null;null;
1990-12-05;null;null;null;null;null;null;null;null;
1990-12-06;null;null;null;null;null;null;null;null;
1990-12-07;null;null;null;null;null;null;null;null;
1990-12-08;null;null;null;null;null;null;null;null;
1990-12-09;null;null;null;null;null;null;null;null;
1990-12-10;null;null;null;null;null;null;null;null;
1990-12-11;null;null;null;null;null;null;null;null;
1990-12-12;null;null;null;null;null;null;null;null;
1990-12-13;null;null;null;null;null;null;null;null;
1990-12-14;null;null;null;null;null;null;null;null;
1990-12-15;null;null;null;null;null;null;null;null;
1990-12-16;null;null;null;null;null;null;null;null;
1990-12-17;null;null;null;null;null;null;null;null;
1990-12-18;null;null;null;null;null;null;null;null;
1990-12-19;null;null;null;null;null;null;null;null;
1990-12-20;null;null;null;null;null;null;null;null;
1990-12-21;null;null;null;null;null;null;null;null;
1990-12-22;null;null;null;null;null;null;null;null;
1990-12-23;null;null;null;null;null;null;null;null;
1990-12-24;null;null;null;null;null;null;null;null;
1990-12-25;null;null;null;null;null;null;null;null;
1990-12-26;null;null;null;null;null;null;null;null;
1990-12-27;null;null;null;null;null;null;null;null;
1990-12-28;null;null;null;null;null;null;null;null;
1990-12-29;null;null;null;null;null;null;null;null;
1990-12-30;null;null;null;null;null;null;null;null;
1990-12-31;null;null;null;null;null;null;null;null;
1991-01-01;null;null;null;null;null;null;null;null;
1991-01-02;null;null;null;null;null;null;null;null;
1991-01-03;null;null;null;null;null;null;null;null;
1991-01-04;null;null;null;null;null;null;null;null;
1991-01-05;null;null;null;null;null;null;null;null;
1991-01-06;null;null;null;null;null;null;null;null;
1991-01-07;null;null;null;null;null;null;null;null;
1991-01-08;null;null;null;null;null;null;null;null;
1991-01-09;null;null;null;null;null;null;null;null;
1991-01-10;null;null;null;null;null;null;null;null;
1991-01-11;null;null;null;null;null;null;null;null;
1991-01-12;null;null;null;null;null;null;null;null;
1991-01-13;null;null;null;null;null;null;null;null;
1991-01-14;null;null;null;null;null;null;null;null;
1991-01-15;null;null;null;null;null;null;null;null;
1991-01-16;null;null;null;null;null;null;null;null;
1991-01-17;null;null;null;null;null;null;null;null;
1991-01-18;null;null;null;null;null;null;null;null;
1991-01-19;null;null;null;null;null;null;null;null;
1991-01-20;null;null;null;null;null;null;null;null;
1991-01-21;null;null;null;null;null;null;null;null;
1991-01-22;null;null;null;null;null;null;null;null;
1991-01-23;null;null;null;null;null;null;null;null;
1991-01-24;null;null;null;null;null;null;null;null;
1991-01-25;null;null;null;null;null;null;null;null;
1991-01-26;null;null;null;null;null;null;null;null;
1991-01-27;null;null;null;null;null;null;null;null;
1991-01-28;null;null;null;null;null;null;null;null;
1991-01-29;null;null;null;null;null;null;null;null;
1991-01-30;null;null;null;null;null;null;null;null;
1991-01-31;null;null;null;null;null;null;null;null;
1991-02-01;null;null;null;null;null;null;null;null;
1991-02-02;null;null;null;null;null;null;null;null;
1991-02-03;null;null;null;null;null;null;null;null;
1991-02-04;null;null;null;null;null;null;null;null;
1991-02-05;null;null;null;null;null;null;null;null;
1991-02-06;null;null;null;null;null;null;null;null;
1991-02-07;null;null;null;null;null;null;null;null;
1991-02-08;null;null;null;null;null;null;null;null;
1991-02-09;null;null;null;null;null;null;null;null;
1991-02-10;null;null;null;null;null;null;null;null;
1991-02-11;null;null;null;null;null;null;null;null;
1991-02-12;null;null;null;null;null;null;null;null;
1991-02-13;null;null;null;null;null;null;null;null;
1991-02-14;null;null;null;null;null;null;null;null;
1991-02-15;null;null;null;null;null;null;null;null;
1991-02-16;null;null;null;null;null;null;null;null;
1991-02-17;null;null;null;null;null;null;null;null;
1991-02-18;null;null;null;null;null;null;null;null;
1991-02-19;null;null;null;null;null;null;null;null;
1991-02-20;null;null;null;null;null;null;null;null;
1991-02-21;null;null;null;null;null;null;null;null;
1991-02-22;null;null;null;null;null;null;null;null;
1991-02-23;null;null;null;null;null;null;null;null;
1991-02-24;null;null;null;null;null;null;null;null;
1991-02-25;null;null;null;null;null;null;null;null;
1991-02-26;null;null;null;null;null;null;null;null;
1991-02-27;null;null;null;null;null;null;null;null;
1991-02-28;null;null;null;null;null;null;null;null;
1991-03-01;null;null;null;null;null;null;null;null;
1991-03-02;null;null;null;null;null;null;null;null;
1991-03-03;null;null;null;null;null;null;null;null;
1991-03-04;null;null;null;null;null;null;null;null;
1991-03-05;null;null;null;null;null;null;null;null;
1991-03-06;null;null;null;null;null;null;null;null;
1991-03-07;null;null;null;null;null;null;null;null;
1991-03-08;null;null;null;null;null;null;null;null;
1991-03-09;null;null;null;null;null;null;null;null;
1991-03-10;null;null;null;null;null;null;null;null;
1991-03-11;null;null;null;null;null;null;null;null;
1991-03-12;null;null;null;null;null;null;null;null;
1991-03-13;null;null;null;null;null;null;null;null;
1991-03-14;null;null;null;null;null;null;null;null;
1991-03-15;null;null;null;null;null;null;null;null;
1991-03-16;null;null;null;null;null;null;null;null;
1991-03-17;null;null;null;null;null;null;null;null;
1991-03-18;null;null;null;null;null;null;null;null;
1991-03-19;null;null;null;null;null;null;null;null;
1991-03-20;null;null;null;null;null;null;null;null;
1991-03-21;null;null;null;null;null;null;null;null;
1991-03-22;null;null;null;null;null;null;null;null;
1991-03-23;null;null;null;null;null;null;null;null;
1991-03-24;null;null;null;null;null;null;null;null;
1991-03-25;null;null;null;null;null;null;null;null;
1991-03-26;null;null;null;null;null;null;null;null;
1991-03-27;null;null;null;null;null;null;null;null;
1991-03-28;null;null;null;null;null;null;null;null;
1991-03-29;null;null;null;null;null;null;null;null;
1991-03-30;null;null;null;null;null;null;null;null;
1991-03-31;null;null;null;null;null;null;null;null;
1991-04-01;null;null;null;null;null;null;null;null;
1991-04-02;null;null;null;null;null;null;null;null;
1991-04-03;null;null;null;null;null;null;null;null;
1991-04-04;null;null;null;null;null;null;null;null;
1991-04-05;null;null;null;null;null;null;null;null;
1991-04-06;null;null;null;null;null;null;null;null;
1991-04-07;null;null;null;null;null;null;null;null;
1991-04-08;null;null;null;null;null;null;null;null;
1991-04-09;null;null;null;null;null;null;null;null;
1991-04-10;null;null;null;null;null;null;null;null;
1991-04-11;null;null;null;null;null;null;null;null;
1991-04-12;null;null;null;null;null;null;null;null;
1991-04-13;null;null;null;null;null;null;null;null;
1991-04-14;null;null;null;null;null;null;null;null;
1991-04-15;null;null;null;null;null;null;null;null;
1991-04-16;null;null;null;null;null;null;null;null;
1991-04-17;null;null;null;null;null;null;null;null;
1991-04-18;null;null;null;null;null;null;null;null;
1991-04-19;null;null;null;null;null;null;null;null;
1991-04-20;null;null;null;null;null;null;null;null;
1991-04-21;null;null;null;null;null;null;null;null;
1991-04-22;null;null;null;null;null;null;null;null;
1991-04-23;null;null;null;null;null;null;null;null;
1991-04-24;null;null;null;null;null;null;null;null;
1991-04-25;null;null;null;null;null;null;null;null;
1991-04-26;null;null;null;null;null;null;null;null;
1991-04-27;null;null;null;null;null;null;null;null;
1991-04-28;null;null;null;null;null;null;null;null;
1991-04-29;null;null;null;null;null;null;null;null;
1991-04-30;null;null;null;null;null;null;null;null;
1991-05-01;null;null;null;null;null;null;null;null;
1991-05-02;null;null;null;null;null;null;null;null;
1991-05-03;null;null;null;null;null;null;null;null;
1991-05-04;null;null;null;null;null;null;null;null;
1991-05-05;null;null;null;null;null;null;null;null;
1991-05-06;null;null;null;null;null;null;null;null;
1991-05-07;null;null;null;null;null;null;null;null;
1991-05-08;null;null;null;null;null;null;null;null;
1991-05-09;null;null;null;null;null;null;null;null;
1991-05-10;null;null;null;null;null;null;null;null;
1991-05-11;null;null;null;null;null;null;null;null;
1991-05-12;null;null;null;null;null;null;null;null;
1991-05-13;null;null;null;null;null;null;null;null;
1991-05-14;null;null;null;null;null;null;null;null;
1991-05-15;null;null;null;null;null;null;null;null;
1991-05-16;null;null;null;null;null;null;null;null;
1991-05-17;null;null;null;null;null;null;null;null;
1991-05-18;null;null;null;null;null;null;null;null;
1991-05-19;null;null;null;null;null;null;null;null;
1991-05-20;null;null;null;null;null;null;null;null;
1991-05-21;null;null;null;null;null;null;null;null;
1991-05-22;null;null;null;null;null;null;null;null;
1991-05-23;null;null;null;null;null;null;null;null;
1991-05-24;null;null;null;null;null;null;null;null;
1991-05-25;null;null;null;null;null;null;null;null;
1991-05-26;null;null;null;null;null;null;null;null;
1991-05-27;null;null;null;null;null;null;null;null;
1991-05-28;null;null;null;null;null;null;null;null;
1991-05-29;null;null;null;null;null;null;null;null;
1991-05-30;null;null;null;null;null;null;null;null;
1991-05-31;null;null;null;null;null;null;null;null;
1991-06-01;null;null;null;null;null;null;null;null;
1991-06-02;null;null;null;null;null;null;null;null;
1991-06-03;null;null;null;null;null;null;null;null;
1991-06-04;null;null;null;null;null;null;null;null;
1991-06-05;null;null;null;null;null;null;null;null;
1991-06-06;null;null;null;null;null;null;null;null;
1991-06-07;null;null;null;null;null;null;null;null;
1991-06-08;null;null;null;null;null;null;null;null;
1991-06-09;null;null;null;null;null;null;null;null;
1991-06-10;null;null;null;null;null;null;null;null;
1991-06-11;null;null;null;null;null;null;null;null;
1991-06-12;null;null;null;null;null;null;null;null;
1991-06-13;null;null;null;null;null;null;null;null;
1991-06-14;null;null;null;null;null;null;null;null;
1991-06-15;null;null;null;null;null;null;null;null;
1991-06-16;null;null;null;null;null;null;null;null;
1991-06-17;null;null;null;null;null;null;null;null;
1991-06-18;null;null;null;null;null;null;null;null;
1991-06-19;null;null;null;null;null;null;null;null;
1991-06-20;null;null;null;null;null;null;null;null;
1991-06-21;null;null;null;null;null;null;null;null;
1991-06-22;null;null;null;null;null;null;null;null;
1991-06-23;null;null;null;null;null;null;null;null;
1991-06-24;null;null;null;null;null;null;null;null;
1991-06-25;null;null;null;null;null;null;null;null;
1991-06-26;null;null;null;null;null;null;null;null;
1991-06-27;null;null;null;null;null;null;null;null;
1991-06-28;null;null;null;null;null;null;null;null;
1991-06-29;null;null;null;null;null;null;null;null;
1991-06-30;null;null;null;null;null;null;null;null;
1991-07-01;null;null;null;null;null;null;null;null;
1991-07-02;null;null;null;null;null;null;null;null;
1991-07-03;null;null;null;null;null;null;null;null;
1991-07-04;null;null;null;null;null;null;null;null;
1991-07-05;null;null;null;null;null;null;null;null;
1991-07-06;null;null;null;null;null;null;null;null;
1991-07-07;null;null;null;null;null;null;null;null;
1991-07-08;null;null;null;null;null;null;null;null;
1991-07-09;null;null;null;null;null;null;null;null;
1991-07-10;null;null;null;null;null;null;null;null;
1991-07-11;null;null;null;null;null;null;null;null;
1991-07-12;null;null;null;null;null;null;null;null;
1991-07-13;null;null;null;null;null;null;null;null;
1991-07-14;null;null;null;null;null;null;null;null;
1991-07-15;null;null;null;null;null;null;null;null;
1991-07-16;null;null;null;null;null;null;null;null;
1991-07-17;null;null;null;null;null;null;null;null;
1991-07-18;null;null;null;null;null;null;null;null;
1991-07-19;null;null;null;null;null;null;null;null;
1991-07-20;null;null;null;null;null;null;null;null;
1991-07-21;null;null;null;null;null;null;null;null;
1991-07-22;null;null;null;null;null;null;null;null;
1991-07-23;null;null;null;null;null;null;null;null;
1991-07-24;null;null;null;null;null;null;null;null;
1991-07-25;null;null;null;null;null;null;null;null;
1991-07-26;null;null;null;null;null;null;null;null;
1991-07-27;null;null;null;null;null;null;null;null;
1991-07-28;null;null;null;null;null;null;null;null;
1991-07-29;null;null;null;null;null;null;null;null;
1991-07-30;null;null;null;null;null;null;null;null;
1991-07-31;null;null;null;null;null;null;null;null;
1991-08-01;null;null;null;null;null;null;null;null;
1991-08-02;null;null;null;null;null;null;null;null;
1991-08-03;null;null;null;null;null;null;null;null;
1991-08-04;null;null;null;null;null;null;null;null;
1991-08-05;null;null;null;null;null;null;null;null;
1991-08-06;null;null;null;null;null;null;null;null;
1991-08-07;null;null;null;null;null;null;null;null;
1991-08-08;null;null;null;null;null;null;null;null;
1991-08-09;null;null;null;null;null;null;null;null;
1991-08-10;null;null;null;null;null;null;null;null;
1991-08-11;null;null;null;null;null;null;null;null;
1991-08-12;null;null;null;null;null;null;null;null;
1991-08-13;null;null;null;null;null;null;null;null;
1991-08-14;null;null;null;null;null;null;null;null;
1991-08-15;null;null;null;null;null;null;null;null;
1991-08-16;null;null;null;null;null;null;null;null;
1991-08-17;null;null;null;null;null;null;null;null;
1991-08-18;null;null;null;null;null;null;null;null;
1991-08-19;null;null;null;null;null;null;null;null;
1991-08-20;null;null;null;null;null;null;null;null;
1991-08-21;null;null;null;null;null;null;null;null;
1991-08-22;null;null;null;null;null;null;null;null;
1991-08-23;null;null;null;null;null;null;null;null;
1991-08-24;null;null;null;null;null;null;null;null;
1991-08-25;null;null;null;null;null;null;null;null;
1991-08-26;null;null;null;null;null;null;null;null;
1991-08-27;null;null;null;null;null;null;null;null;
1991-08-28;null;null;null;null;null;null;null;null;
1991-08-29;null;null;null;null;null;null;null;null;
1991-08-30;null;null;null;null;null;null;null;null;
1991-08-31;null;null;null;null;null;null;null;null;
1991-09-01;null;null;null;null;null;null;null;null;
1991-09-02;null;null;null;null;null;null;null;null;
1991-09-03;null;null;null;null;null;null;null;null;
1991-09-04;null;null;null;null;null;null;null;null;
1991-09-05;null;null;null;null;null;null;null;null;
1991-09-06;null;null;null;null;null;null;null;null;
1991-09-07;null;null;null;null;null;null;null;null;
1991-09-08;null;null;null;null;null;null;null;null;
1991-09-09;null;null;null;null;null;null;null;null;
1991-09-10;null;null;null;null;null;null;null;null;
1991-09-11;null;null;null;null;null;null;null;null;
1991-09-12;null;null;null;null;null;null;null;null;
1991-09-13;null;null;null;null;null;null;null;null;
1991-09-14;null;null;null;null;null;null;null;null;
1991-09-15;null;null;null;null;null;null;null;null;
1991-09-16;null;null;null;null;null;null;null;null;
1991-09-17;null;null;null;null;null;null;null;null;
1991-09-18;null;null;null;null;null;null;null;null;
1991-09-19;null;null;null;null;null;null;null;null;
1991-09-20;null;null;null;null;null;null;null;null;
1991-09-21;null;null;null;null;null;null;null;null;
1991-09-22;null;null;null;null;null;null;null;null;
1991-09-23;null;null;null;null;null;null;null;null;
1991-09-24;null;null;null;null;null;null;null;null;
1991-09-25;null;null;null;null;null;null;null;null;
1991-09-26;null;null;null;null;null;null;null;null;
1991-09-27;null;null;null;null;null;null;null;null;
1991-09-28;null;null;null;null;null;null;null;null;
1991-09-29;null;null;null;null;null;null;null;null;
1991-09-30;null;null;null;null;null;null;null;null;
1991-10-01;null;null;null;null;null;null;null;null;
1991-10-02;null;null;null;null;null;null;null;null;
1991-10-03;null;null;null;null;null;null;null;null;
1991-10-04;null;null;null;null;null;null;null;null;
1991-10-05;null;null;null;null;null;null;null;null;
1991-10-06;null;null;null;null;null;null;null;null;
1991-10-07;null;null;null;null;null;null;null;null;
1991-10-08;null;null;null;null;null;null;null;null;
1991-10-09;null;null;null;null;null;null;null;null;
1991-10-10;null;null;null;null;null;null;null;null;
1991-10-11;null;null;null;null;null;null;null;null;
1991-10-12;null;null;null;null;null;null;null;null;
1991-10-13;null;null;null;null;null;null;null;null;
1991-10-14;null;null;null;null;null;null;null;null;
1991-10-15;null;null;null;null;null;null;null;null;
1991-10-16;null;null;null;null;null;null;null;null;
1991-10-17;null;null;null;null;null;null;null;null;
1991-10-18;null;null;null;null;null;null;null;null;
1991-10-19;null;null;null;null;null;null;null;null;
1991-10-20;null;null;null;null;null;null;null;null;
1991-10-21;null;null;null;null;null;null;null;null;
1991-10-22;null;null;null;null;null;null;null;null;
1991-10-23;null;null;null;null;null;null;null;null;
1991-10-24;null;null;null;null;null;null;null;null;
1991-10-25;null;null;null;null;null;null;null;null;
1991-10-26;null;null;null;null;null;null;null;null;
1991-10-27;null;null;null;null;null;null;null;null;
1991-10-28;null;null;null;null;null;null;null;null;
1991-10-29;null;null;null;null;null;null;null;null;
1991-10-30;null;null;null;null;null;null;null;null;
1991-10-31;null;null;null;null;null;null;null;null;
1991-11-01;null;null;null;null;null;null;null;null;
1991-11-02;null;null;null;null;null;null;null;null;
1991-11-03;null;null;null;null;null;null;null;null;
1991-11-04;null;null;null;null;null;null;null;null;
1991-11-05;null;null;null;null;null;null;null;null;
1991-11-06;null;null;null;null;null;null;null;null;
1991-11-07;null;null;null;null;null;null;null;null;
1991-11-08;null;null;null;null;null;null;null;null;
1991-11-09;null;null;null;null;null;null;null;null;
1991-11-10;null;null;null;null;null;null;null;null;
1991-11-11;null;null;null;null;null;null;null;null;
1991-11-12;null;null;null;null;null;null;null;null;
1991-11-13;null;null;null;null;null;null;null;null;
1991-11-14;null;null;null;null;null;null;null;null;
1991-11-15;null;null;null;null;null;null;null;null;
1991-11-16;null;null;null;null;null;null;null;null;
1991-11-17;null;null;null;null;null;null;null;null;
1991-11-18;null;null;null;null;null;null;null;null;
1991-11-19;null;null;null;null;null;null;null;null;
1991-11-20;null;null;null;null;null;null;null;null;
1991-11-21;null;null;null;null;null;null;null;null;
1991-11-22;null;null;null;null;null;null;null;null;
1991-11-23;null;null;null;null;null;null;null;null;
1991-11-24;null;null;null;null;null;null;null;null;
1991-11-25;null;null;null;null;null;null;null;null;
1991-11-26;null;null;null;null;null;null;null;null;
1991-11-27;null;null;null;null;null;null;null;null;
1991-11-28;null;null;null;null;null;null;null;null;
1991-11-29;null;null;null;null;null;null;null;null;
1991-11-30;null;null;null;null;null;null;null;null;
1991-12-01;null;null;null;null;null;null;null;null;
1991-12-02;null;null;null;null;null;null;null;null;
1991-12-03;null;null;null;null;null;null;null;null;
1991-12-04;null;null;null;null;null;null;null;null;
1991-12-05;null;null;null;null;null;null;null;null;
1991-12-06;null;null;null;null;null;null;null;null;
1991-12-07;null;null;null;null;null;null;null;null;
1991-12-08;null;null;null;null;null;null;null;null;
1991-12-09;null;null;null;null;null;null;null;null;
1991-12-10;null;null;null;null;null;null;null;null;
1991-12-11;null;null;null;null;null;null;null;null;
1991-12-12;null;null;null;null;null;null;null;null;
1991-12-13;null;null;null;null;null;null;null;null;
1991-12-14;null;null;null;null;null;null;null;null;
1991-12-15;null;null;null;null;null;null;null;null;
1991-12-16;null;null;null;null;null;null;null;null;
1991-12-17;null;null;null;null;null;null;null;null;
1991-12-18;null;null;null;null;null;null;null;null;
1991-12-19;null;null;null;null;null;null;null;null;
1991-12-20;null;null;null;null;null;null;null;null;
1991-12-21;null;null;null;null;null;null;null;null;
1991-12-22;null;null;null;null;null;null;null;null;
1991-12-23;null;null;null;null;null;null;null;null;
1991-12-24;null;null;null;null;null;null;null;null;
1991-12-25;null;null;null;null;null;null;null;null;
1991-12-26;null;null;null;null;null;null;null;null;
1991-12-27;null;null;null;null;null;null;null;null;
1991-12-28;null;null;null;null;null;null;null;null;
1991-12-29;null;null;null;null;null;null;null;null;
1991-12-30;null;null;null;null;null;null;null;null;
1991-12-31;null;null;null;null;null;null;null;null;
1992-01-01;null;null;null;null;null;null;null;null;
1992-01-02;null;null;null;null;null;null;null;null;
1992-01-03;null;null;null;null;null;null;null;null;
1992-01-04;null;null;null;null;null;null;null;null;
1992-01-05;null;null;null;null;null;null;null;null;
1992-01-06;null;null;null;null;null;null;null;null;
1992-01-07;null;null;null;null;null;null;null;null;
1992-01-08;null;null;null;null;null;null;null;null;
1992-01-09;null;null;null;null;null;null;null;null;
1992-01-10;null;null;null;null;null;null;null;null;
1992-01-11;null;null;null;null;null;null;null;null;
1992-01-12;null;null;null;null;null;null;null;null;
1992-01-13;null;null;null;null;null;null;null;null;
1992-01-14;null;null;null;null;null;null;null;null;
1992-01-15;null;null;null;null;null;null;null;null;
1992-01-16;null;null;null;null;null;null;null;null;
1992-01-17;null;null;null;null;null;null;null;null;
1992-01-18;null;null;null;null;null;null;null;null;
1992-01-19;null;null;null;null;null;null;null;null;
1992-01-20;null;null;null;null;null;null;null;null;
1992-01-21;null;null;null;null;null;null;null;null;
1992-01-22;null;null;null;null;null;null;null;null;
1992-01-23;null;null;null;null;null;null;null;null;
1992-01-24;null;null;null;null;null;null;null;null;
1992-01-25;null;null;null;null;null;null;null;null;
1992-01-26;null;null;null;null;null;null;null;null;
1992-01-27;null;null;null;null;null;null;null;null;
1992-01-28;null;null;null;null;null;null;null;null;
1992-01-29;null;null;null;null;null;null;null;null;
1992-01-30;null;null;null;null;null;null;null;null;
1992-01-31;null;null;null;null;null;null;null;null;
1992-02-01;null;null;null;null;null;null;null;null;
1992-02-02;null;null;null;null;null;null;null;null;
1992-02-03;null;null;null;null;null;null;null;null;
1992-02-04;null;null;null;null;null;null;null;null;
1992-02-05;null;null;null;null;null;null;null;null;
1992-02-06;null;null;null;null;null;null;null;null;
1992-02-07;null;null;null;null;null;null;null;null;
1992-02-08;null;null;null;null;null;null;null;null;
1992-02-09;null;null;null;null;null;null;null;null;
1992-02-10;null;null;null;null;null;null;null;null;
1992-02-11;null;null;null;null;null;null;null;null;
1992-02-12;null;null;null;null;null;null;null;null;
1992-02-13;null;null;null;null;null;null;null;null;
1992-02-14;null;null;null;null;null;null;null;null;
1992-02-15;null;null;null;null;null;null;null;null;
1992-02-16;null;null;null;null;null;null;null;null;
1992-02-17;null;null;null;null;null;null;null;null;
1992-02-18;null;null;null;null;null;null;null;null;
1992-02-19;null;null;null;null;null;null;null;null;
1992-02-20;null;null;null;null;null;null;null;null;
1992-02-21;null;null;null;null;null;null;null;null;
1992-02-22;null;null;null;null;null;null;null;null;
1992-02-23;null;null;null;null;null;null;null;null;
1992-02-24;null;null;null;null;null;null;null;null;
1992-02-25;null;null;null;null;null;null;null;null;
1992-02-26;null;null;null;null;null;null;null;null;
1992-02-27;null;null;null;null;null;null;null;null;
1992-02-28;null;null;null;null;null;null;null;null;
1992-02-29;null;null;null;null;null;null;null;null;
1992-03-01;null;null;null;null;null;null;null;null;
1992-03-02;null;null;null;null;null;null;null;null;
1992-03-03;null;null;null;null;null;null;null;null;
1992-03-04;null;null;null;null;null;null;null;null;
1992-03-05;null;null;null;null;null;null;null;null;
1992-03-06;null;null;null;null;null;null;null;null;
1992-03-07;null;null;null;null;null;null;null;null;
1992-03-08;null;null;null;null;null;null;null;null;
1992-03-09;null;null;null;null;null;null;null;null;
1992-03-10;null;null;null;null;null;null;null;null;
1992-03-11;null;null;null;null;null;null;null;null;
1992-03-12;null;null;null;null;null;null;null;null;
1992-03-13;null;null;null;null;null;null;null;null;
1992-03-14;null;null;null;null;null;null;null;null;
1992-03-15;null;null;null;null;null;null;null;null;
1992-03-16;null;null;null;null;null;null;null;null;
1992-03-17;null;null;null;null;null;null;null;null;
1992-03-18;null;null;null;null;null;null;null;null;
1992-03-19;null;null;null;null;null;null;null;null;
1992-03-20;null;null;null;null;null;null;null;null;
1992-03-21;null;null;null;null;null;null;null;null;
1992-03-22;null;null;null;null;null;null;null;null;
1992-03-23;null;null;null;null;null;null;null;null;
1992-03-24;null;null;null;null;null;null;null;null;
1992-03-25;null;null;null;null;null;null;null;null;
1992-03-26;null;null;null;null;null;null;null;null;
1992-03-27;null;null;null;null;null;null;null;null;
1992-03-28;null;null;null;null;null;null;null;null;
1992-03-29;null;null;null;null;null;null;null;null;
1992-03-30;null;null;null;null;null;null;null;null;
1992-03-31;null;null;null;null;null;null;null;null;
1992-04-01;null;null;null;null;null;null;null;null;
1992-04-02;null;null;null;null;null;null;null;null;
1992-04-03;null;null;null;null;null;null;null;null;
1992-04-04;null;null;null;null;null;null;null;null;
1992-04-05;null;null;null;null;null;null;null;null;
1992-04-06;null;null;null;null;null;null;null;null;
1992-04-07;null;null;null;null;null;null;null;null;
1992-04-08;null;null;null;null;null;null;null;null;
1992-04-09;null;null;null;null;null;null;null;null;
1992-04-10;null;null;null;null;null;null;null;null;
1992-04-11;null;null;null;null;null;null;null;null;
1992-04-12;null;null;null;null;null;null;null;null;
1992-04-13;null;null;null;null;null;null;null;null;
1992-04-14;null;null;null;null;null;null;null;null;
1992-04-15;null;null;null;null;null;null;null;null;
1992-04-16;null;null;null;null;null;null;null;null;
1992-04-17;null;null;null;null;null;null;null;null;
1992-04-18;null;null;null;null;null;null;null;null;
1992-04-19;null;null;null;null;null;null;null;null;
1992-04-20;null;null;null;null;null;null;null;null;
1992-04-21;null;null;null;null;null;null;null;null;
1992-04-22;null;null;null;null;null;null;null;null;
1992-04-23;null;null;null;null;null;null;null;null;
1992-04-24;null;null;null;null;null;null;null;null;
1992-04-25;null;null;null;null;null;null;null;null;
1992-04-26;null;null;null;null;null;null;null;null;
1992-04-27;null;null;null;null;null;null;null;null;
1992-04-28;null;null;null;null;null;null;null;null;
1992-04-29;null;null;null;null;null;null;null;null;
1992-04-30;null;null;null;null;null;null;null;null;
1992-05-01;null;null;null;null;null;null;null;null;
1992-05-02;null;null;null;null;null;null;null;null;
1992-05-03;null;null;null;null;null;null;null;null;
1992-05-04;null;null;null;null;null;null;null;null;
1992-05-05;null;null;null;null;null;null;null;null;
1992-05-06;null;null;null;null;null;null;null;null;
1992-05-07;null;null;null;null;null;null;null;null;
1992-05-08;null;null;null;null;null;null;null;null;
1992-05-09;null;null;null;null;null;null;null;null;
1992-05-10;null;null;null;null;null;null;null;null;
1992-05-11;null;null;null;null;null;null;null;null;
1992-05-12;null;null;null;null;null;null;null;null;
1992-05-13;null;null;null;null;null;null;null;null;
1992-05-14;null;null;null;null;null;null;null;null;
1992-05-15;null;null;null;null;null;null;null;null;
1992-05-16;null;null;null;null;null;null;null;null;
1992-05-17;null;null;null;null;null;null;null;null;
1992-05-18;null;null;null;null;null;null;null;null;
1992-05-19;null;null;null;null;null;null;null;null;
1992-05-20;null;null;null;null;null;null;null;null;
1992-05-21;null;null;null;null;null;null;null;null;
1992-05-22;null;null;null;null;null;null;null;null;
1992-05-23;null;null;null;null;null;null;null;null;
1992-05-24;null;null;null;null;null;null;null;null;
1992-05-25;null;null;null;null;null;null;null;null;
1992-05-26;null;null;null;null;null;null;null;null;
1992-05-27;null;null;null;null;null;null;null;null;
1992-05-28;null;null;null;null;null;null;null;null;
1992-05-29;null;null;null;null;null;null;null;null;
1992-05-30;null;null;null;null;null;null;null;null;
1992-05-31;null;null;null;null;null;null;null;null;
1992-06-01;null;null;null;null;null;null;null;null;
1992-06-02;null;null;null;null;null;null;null;null;
1992-06-03;null;null;null;null;null;null;null;null;
1992-06-04;null;null;null;null;null;null;null;null;
1992-06-05;null;null;null;null;null;null;null;null;
1992-06-06;null;null;null;null;null;null;null;null;
1992-06-07;null;null;null;null;null;null;null;null;
1992-06-08;null;null;null;null;null;null;null;null;
1992-06-09;null;null;null;null;null;null;null;null;
1992-06-10;null;null;null;null;null;null;null;null;
1992-06-11;null;null;null;null;null;null;null;null;
1992-06-12;null;null;null;null;null;null;null;null;
1992-06-13;null;null;null;null;null;null;null;null;
1992-06-14;null;null;null;null;null;null;null;null;
1992-06-15;null;null;null;null;null;null;null;null;
1992-06-16;null;null;null;null;null;null;null;null;
1992-06-17;null;null;null;null;null;null;null;null;
1992-06-18;null;null;null;null;null;null;null;null;
1992-06-19;null;null;null;null;null;null;null;null;
1992-06-20;null;null;null;null;null;null;null;null;
1992-06-21;null;null;null;null;null;null;null;null;
1992-06-22;null;null;null;null;null;null;null;null;
1992-06-23;null;null;null;null;null;null;null;null;
1992-06-24;null;null;null;null;null;null;null;null;
1992-06-25;null;null;null;null;null;null;null;null;
1992-06-26;null;null;null;null;null;null;null;null;
1992-06-27;null;null;null;null;null;null;null;null;
1992-06-28;null;null;null;null;null;null;null;null;
1992-06-29;null;null;null;null;null;null;null;null;
1992-06-30;null;null;null;null;null;null;null;null;
1992-07-01;null;null;null;null;null;null;null;null;
1992-07-02;null;null;null;null;null;null;null;null;
1992-07-03;null;null;null;null;null;null;null;null;
1992-07-04;null;null;null;null;null;null;null;null;
1992-07-05;null;null;null;null;null;null;null;null;
1992-07-06;null;null;null;null;null;null;null;null;
1992-07-07;null;null;null;null;null;null;null;null;
1992-07-08;null;null;null;null;null;null;null;null;
1992-07-09;null;null;null;null;null;null;null;null;
1992-07-10;null;null;null;null;null;null;null;null;
1992-07-11;null;null;null;null;null;null;null;null;
1992-07-12;null;null;null;null;null;null;null;null;
1992-07-13;null;null;null;null;null;null;null;null;
1992-07-14;null;null;null;null;null;null;null;null;
1992-07-15;null;null;null;null;null;null;null;null;
1992-07-16;null;null;null;null;null;null;null;null;
1992-07-17;null;null;null;null;null;null;null;null;
1992-07-18;null;null;null;null;null;null;null;null;
1992-07-19;null;null;null;null;null;null;null;null;
1992-07-20;null;null;null;null;null;null;null;null;
1992-07-21;null;null;null;null;null;null;null;null;
1992-07-22;null;null;null;null;null;null;null;null;
1992-07-23;null;null;null;null;null;null;null;null;
1992-07-24;null;null;null;null;null;null;null;null;
1992-07-25;null;null;null;null;null;null;null;null;
1992-07-26;null;null;null;null;null;null;null;null;
1992-07-27;null;null;null;null;null;null;null;null;
1992-07-28;null;null;null;null;null;null;null;null;
1992-07-29;null;null;null;null;null;null;null;null;
1992-07-30;null;null;null;null;null;null;null;null;
1992-07-31;null;null;null;null;null;null;null;null;
1992-08-01;null;null;null;null;null;null;null;null;
1992-08-02;null;null;null;null;null;null;null;null;
1992-08-03;null;null;null;null;null;null;null;null;
1992-08-04;null;null;null;null;null;null;null;null;
1992-08-05;null;null;null;null;null;null;null;null;
1992-08-06;null;null;null;null;null;null;null;null;
1992-08-07;null;null;null;null;null;null;null;null;
1992-08-08;null;null;null;null;null;null;null;null;
1992-08-09;null;null;null;null;null;null;null;null;
1992-08-10;null;null;null;null;null;null;null;null;
1992-08-11;null;null;null;null;null;null;null;null;
1992-08-12;null;null;null;null;null;null;null;null;
1992-08-13;null;null;null;null;null;null;null;null;
1992-08-14;null;null;null;null;null;null;null;null;
1992-08-15;null;null;null;null;null;null;null;null;
1992-08-16;null;null;null;null;null;null;null;null;
1992-08-17;null;null;null;null;null;null;null;null;
1992-08-18;null;null;null;null;null;null;null;null;
1992-08-19;null;null;null;null;null;null;null;null;
1992-08-20;null;null;null;null;null;null;null;null;
1992-08-21;null;null;null;null;null;null;null;null;
1992-08-22;null;null;null;null;null;null;null;null;
1992-08-23;null;null;null;null;null;null;null;null;
1992-08-24;null;null;null;null;null;null;null;null;
1992-08-25;null;null;null;null;null;null;null;null;
1992-08-26;null;null;null;null;null;null;null;null;
1992-08-27;null;null;null;null;null;null;null;null;
1992-08-28;null;null;null;null;null;null;null;null;
1992-08-29;null;null;null;null;null;null;null;null;
1992-08-30;null;null;null;null;null;null;null;null;
1992-08-31;null;null;null;null;null;null;null;null;
1992-09-01;null;null;null;null;null;null;null;null;
1992-09-02;null;null;null;null;null;null;null;null;
1992-09-03;null;null;null;null;null;null;null;null;
1992-09-04;null;null;null;null;null;null;null;null;
1992-09-05;null;null;null;null;null;null;null;null;
1992-09-06;null;null;null;null;null;null;null;null;
1992-09-07;null;null;null;null;null;null;null;null;
1992-09-08;null;null;null;null;null;null;null;null;
1992-09-09;null;null;null;null;null;null;null;null;
1992-09-10;null;null;null;null;null;null;null;null;
1992-09-11;null;null;null;null;null;null;null;null;
1992-09-12;null;null;null;null;null;null;null;null;
1992-09-13;null;null;null;null;null;null;null;null;
1992-09-14;null;null;null;null;null;null;null;null;
1992-09-15;null;null;null;null;null;null;null;null;
1992-09-16;null;null;null;null;null;null;null;null;
1992-09-17;null;null;null;null;null;null;null;null;
1992-09-18;null;null;null;null;null;null;null;null;
1992-09-19;null;null;null;null;null;null;null;null;
1992-09-20;null;null;null;null;null;null;null;null;
1992-09-21;null;null;null;null;null;null;null;null;
1992-09-22;null;null;null;null;null;null;null;null;
1992-09-23;null;null;null;null;null;null;null;null;
1992-09-24;null;null;null;null;null;null;null;null;
1992-09-25;null;null;null;null;null;null;null;null;
1992-09-26;null;null;null;null;null;null;null;null;
1992-09-27;null;null;null;null;null;null;null;null;
1992-09-28;null;null;null;null;null;null;null;null;
1992-09-29;null;null;null;null;null;null;null;null;
1992-09-30;null;null;null;null;null;null;null;null;
1992-10-01;null;null;null;null;null;null;null;null;
1992-10-02;null;null;null;null;null;null;null;null;
1992-10-03;null;null;null;null;null;null;null;null;
1992-10-04;null;null;null;null;null;null;null;null;
1992-10-05;null;null;null;null;null;null;null;null;
1992-10-06;null;null;null;null;null;null;null;null;
1992-10-07;null;null;null;null;null;null;null;null;
1992-10-08;null;null;null;null;null;null;null;null;
1992-10-09;null;null;null;null;null;null;null;null;
1992-10-10;null;null;null;null;null;null;null;null;
1992-10-11;null;null;null;null;null;null;null;null;
1992-10-12;null;null;null;null;null;null;null;null;
1992-10-13;null;null;null;null;null;null;null;null;
1992-10-14;null;null;null;null;null;null;null;null;
1992-10-15;null;null;null;null;null;null;null;null;
1992-10-16;null;null;null;null;null;null;null;null;
1992-10-17;null;null;null;null;null;null;null;null;
1992-10-18;null;null;null;null;null;null;null;null;
1992-10-19;null;null;null;null;null;null;null;null;
1992-10-20;null;null;null;null;null;null;null;null;
1992-10-21;null;null;null;null;null;null;null;null;
1992-10-22;null;null;null;null;null;null;null;null;
1992-10-23;null;null;null;null;null;null;null;null;
1992-10-24;null;null;null;null;null;null;null;null;
1992-10-25;null;null;null;null;null;null;null;null;
1992-10-26;null;null;null;null;null;null;null;null;
1992-10-27;null;null;null;null;null;null;null;null;
1992-10-28;null;null;null;null;null;null;null;null;
1992-10-29;null;null;null;null;null;null;null;null;
1992-10-30;null;null;null;null;null;null;null;null;
1992-10-31;null;null;null;null;null;null;null;null;
1992-11-01;null;null;null;null;null;null;null;null;
1992-11-02;null;null;null;null;null;null;null;null;
1992-11-03;null;null;null;null;null;null;null;null;
1992-11-04;null;null;null;null;null;null;null;null;
1992-11-05;null;null;null;null;null;null;null;null;
1992-11-06;null;null;null;null;null;null;null;null;
1992-11-07;null;null;null;null;null;null;null;null;
1992-11-08;null;null;null;null;null;null;null;null;
1992-11-09;null;null;null;null;null;null;null;null;
1992-11-10;null;null;null;null;null;null;null;null;
1992-11-11;null;null;null;null;null;null;null;null;
1992-11-12;null;null;null;null;null;null;null;null;
1992-11-13;null;null;null;null;null;null;null;null;
1992-11-14;null;null;null;null;null;null;null;null;
1992-11-15;null;null;null;null;null;null;null;null;
1992-11-16;null;null;null;null;null;null;null;null;
1992-11-17;null;null;null;null;null;null;null;null;
1992-11-18;null;null;null;null;null;null;null;null;
1992-11-19;null;null;null;null;null;null;null;null;
1992-11-20;null;null;null;null;null;null;null;null;
1992-11-21;null;null;null;null;null;null;null;null;
1992-11-22;null;null;null;null;null;null;null;null;
1992-11-23;null;null;null;null;null;null;null;null;
1992-11-24;null;null;null;null;null;null;null;null;
1992-11-25;null;null;null;null;null;null;null;null;
1992-11-26;null;null;null;null;null;null;null;null;
1992-11-27;null;null;null;null;null;null;null;null;
1992-11-28;null;null;null;null;null;null;null;null;
1992-11-29;null;null;null;null;null;null;null;null;
1992-11-30;null;null;null;null;null;null;null;null;
1992-12-01;null;null;null;null;null;null;null;null;
1992-12-02;null;null;null;null;null;null;null;null;
1992-12-03;null;null;null;null;null;null;null;null;
1992-12-04;null;null;null;null;null;null;null;null;
1992-12-05;null;null;null;null;null;null;null;null;
1992-12-06;null;null;null;null;null;null;null;null;
1992-12-07;null;null;null;null;null;null;null;null;
1992-12-08;null;null;null;null;null;null;null;null;
1992-12-09;null;null;null;null;null;null;null;null;
1992-12-10;null;null;null;null;null;null;null;null;
1992-12-11;null;null;null;null;null;null;null;null;
1992-12-12;null;null;null;null;null;null;null;null;
1992-12-13;null;null;null;null;null;null;null;null;
1992-12-14;null;null;null;null;null;null;null;null;
1992-12-15;null;null;null;null;null;null;null;null;
1992-12-16;null;null;null;null;null;null;null;null;
1992-12-17;null;null;null;null;null;null;null;null;
1992-12-18;null;null;null;null;null;null;null;null;
1992-12-19;null;null;null;null;null;null;null;null;
1992-12-20;null;null;null;null;null;null;null;null;
1992-12-21;null;null;null;null;null;null;null;null;
1992-12-22;null;null;null;null;null;null;null;null;
1992-12-23;null;null;null;null;null;null;null;null;
1992-12-24;null;null;null;null;null;null;null;null;
1992-12-25;null;null;null;null;null;null;null;null;
1992-12-26;null;null;null;null;null;null;null;null;
1992-12-27;null;null;null;null;null;null;null;null;
1992-12-28;null;null;null;null;null;null;null;null;
1992-12-29;null;null;null;null;null;null;null;null;
1992-12-30;null;null;null;null;null;null;null;null;
1992-12-31;null;null;null;null;null;null;null;null;
1993-01-01;null;null;null;null;null;null;null;null;
1993-01-02;null;null;null;null;null;null;null;null;
1993-01-03;null;null;null;null;null;null;null;null;
1993-01-04;null;null;null;null;null;null;null;null;
1993-01-05;null;null;null;null;null;null;null;null;
1993-01-06;null;null;null;null;null;null;null;null;
1993-01-07;null;null;null;null;null;null;null;null;
1993-01-08;null;null;null;null;null;null;null;null;
1993-01-09;null;null;null;null;null;null;null;null;
1993-01-10;null;null;null;null;null;null;null;null;
1993-01-11;null;null;null;null;null;null;null;null;
1993-01-12;null;null;null;null;null;null;null;null;
1993-01-13;null;null;null;null;null;null;null;null;
1993-01-14;null;null;null;null;null;null;null;null;
1993-01-15;null;null;null;null;null;null;null;null;
1993-01-16;null;null;null;null;null;null;null;null;
1993-01-17;null;null;null;null;null;null;null;null;
1993-01-18;null;null;null;null;null;null;null;null;
1993-01-19;null;null;null;null;null;null;null;null;
1993-01-20;null;null;null;null;null;null;null;null;
1993-01-21;null;null;null;null;null;null;null;null;
1993-01-22;null;null;null;null;null;null;null;null;
1993-01-23;null;null;null;null;null;null;null;null;
1993-01-24;null;null;null;null;null;null;null;null;
1993-01-25;null;null;null;null;null;null;null;null;
1993-01-26;null;null;null;null;null;null;null;null;
1993-01-27;null;null;null;null;null;null;null;null;
1993-01-28;null;null;null;null;null;null;null;null;
1993-01-29;null;null;null;null;null;null;null;null;
1993-01-30;null;null;null;null;null;null;null;null;
1993-01-31;null;null;null;null;null;null;null;null;
1993-02-01;null;null;null;null;null;null;null;null;
1993-02-02;null;null;null;null;null;null;null;null;
1993-02-03;null;null;null;null;null;null;null;null;
1993-02-04;null;null;null;null;null;null;null;null;
1993-02-05;null;null;null;null;null;null;null;null;
1993-02-06;null;null;null;null;null;null;null;null;
1993-02-07;null;null;null;null;null;null;null;null;
1993-02-08;null;null;null;null;null;null;null;null;
1993-02-09;null;null;null;null;null;null;null;null;
1993-02-10;null;null;null;null;null;null;null;null;
1993-02-11;null;null;null;null;null;null;null;null;
1993-02-12;null;null;null;null;null;null;null;null;
1993-02-13;null;null;null;null;null;null;null;null;
1993-02-14;null;null;null;null;null;null;null;null;
1993-02-15;null;null;null;null;null;null;null;null;
1993-02-16;null;null;null;null;null;null;null;null;
1993-02-17;null;null;null;null;null;null;null;null;
1993-02-18;null;null;null;null;null;null;null;null;
1993-02-19;null;null;null;null;null;null;null;null;
1993-02-20;null;null;null;null;null;null;null;null;
1993-02-21;null;null;null;null;null;null;null;null;
1993-02-22;null;null;null;null;null;null;null;null;
1993-02-23;null;null;null;null;null;null;null;null;
1993-02-24;null;null;null;null;null;null;null;null;
1993-02-25;null;null;null;null;null;null;null;null;
1993-02-26;null;null;null;null;null;null;null;null;
1993-02-27;null;null;null;null;null;null;null;null;
1993-02-28;null;null;null;null;null;null;null;null;
1993-03-01;null;null;null;null;null;null;null;null;
1993-03-02;null;null;null;null;null;null;null;null;
1993-03-03;null;null;null;null;null;null;null;null;
1993-03-04;null;null;null;null;null;null;null;null;
1993-03-05;null;null;null;null;null;null;null;null;
1993-03-06;null;null;null;null;null;null;null;null;
1993-03-07;null;null;null;null;null;null;null;null;
1993-03-08;null;null;null;null;null;null;null;null;
1993-03-09;null;null;null;null;null;null;null;null;
1993-03-10;null;null;null;null;null;null;null;null;
1993-03-11;null;null;null;null;null;null;null;null;
1993-03-12;null;null;null;null;null;null;null;null;
1993-03-13;null;null;null;null;null;null;null;null;
1993-03-14;null;null;null;null;null;null;null;null;
1993-03-15;null;null;null;null;null;null;null;null;
1993-03-16;null;null;null;null;null;null;null;null;
1993-03-17;null;null;null;null;null;null;null;null;
1993-03-18;null;null;null;null;null;null;null;null;
1993-03-19;null;null;null;null;null;null;null;null;
1993-03-20;null;null;null;null;null;null;null;null;
1993-03-21;null;null;null;null;null;null;null;null;
1993-03-22;null;null;null;null;null;null;null;null;
1993-03-23;null;null;null;null;null;null;null;null;
1993-03-24;null;null;null;null;null;null;null;null;
1993-03-25;null;null;null;null;null;null;null;null;
1993-03-26;null;null;null;null;null;null;null;null;
1993-03-27;null;null;null;null;null;null;null;null;
1993-03-28;null;null;null;null;null;null;null;null;
1993-03-29;null;null;null;null;null;null;null;null;
1993-03-30;null;null;null;null;null;null;null;null;
1993-03-31;null;null;null;null;null;null;null;null;
1993-04-01;null;null;null;null;null;null;null;null;
1993-04-02;null;null;null;null;null;null;null;null;
1993-04-03;null;null;null;null;null;null;null;null;
1993-04-04;null;null;null;null;null;null;null;null;
1993-04-05;null;null;null;null;null;null;null;null;
1993-04-06;null;null;null;null;null;null;null;null;
1993-04-07;null;null;null;null;null;null;null;null;
1993-04-08;null;null;null;null;null;null;null;null;
1993-04-09;null;null;null;null;null;null;null;null;
1993-04-10;null;null;null;null;null;null;null;null;
1993-04-11;null;null;null;null;null;null;null;null;
1993-04-12;null;null;null;null;null;null;null;null;
1993-04-13;null;null;null;null;null;null;null;null;
1993-04-14;null;null;null;null;null;null;null;null;
1993-04-15;null;null;null;null;null;null;null;null;
1993-04-16;null;null;null;null;null;null;null;null;
1993-04-17;null;null;null;null;null;null;null;null;
1993-04-18;null;null;null;null;null;null;null;null;
1993-04-19;null;null;null;null;null;null;null;null;
1993-04-20;null;null;null;null;null;null;null;null;
1993-04-21;null;null;null;null;null;null;null;null;
1993-04-22;null;null;null;null;null;null;null;null;
1993-04-23;null;null;null;null;null;null;null;null;
1993-04-24;null;null;null;null;null;null;null;null;
1993-04-25;null;null;null;null;null;null;null;null;
1993-04-26;null;null;null;null;null;null;null;null;
1993-04-27;null;null;null;null;null;null;null;null;
1993-04-28;null;null;null;null;null;null;null;null;
1993-04-29;null;null;null;null;null;null;null;null;
1993-04-30;null;null;null;null;null;null;null;null;
1993-05-01;null;null;null;null;null;null;null;null;
1993-05-02;null;null;null;null;null;null;null;null;
1993-05-03;null;null;null;null;null;null;null;null;
1993-05-04;null;null;null;null;null;null;null;null;
1993-05-05;null;null;null;null;null;null;null;null;
1993-05-06;null;null;null;null;null;null;null;null;
1993-05-07;null;null;null;null;null;null;null;null;
1993-05-08;null;null;null;null;null;null;null;null;
1993-05-09;null;null;null;null;null;null;null;null;
1993-05-10;null;null;null;null;null;null;null;null;
1993-05-11;null;null;null;null;null;null;null;null;
1993-05-12;null;null;null;null;null;null;null;null;
1993-05-13;null;null;null;null;null;null;null;null;
1993-05-14;null;null;null;null;null;null;null;null;
1993-05-15;null;null;null;null;null;null;null;null;
1993-05-16;null;null;null;null;null;null;null;null;
1993-05-17;null;null;null;null;null;null;null;null;
1993-05-18;null;null;null;null;null;null;null;null;
1993-05-19;null;null;null;null;null;null;null;null;
1993-05-20;null;null;null;null;null;null;null;null;
1993-05-21;null;null;null;null;null;null;null;null;
1993-05-22;null;null;null;null;null;null;null;null;
1993-05-23;null;null;null;null;null;null;null;null;
1993-05-24;null;null;null;null;null;null;null;null;
1993-05-25;null;null;null;null;null;null;null;null;
1993-05-26;null;null;null;null;null;null;null;null;
1993-05-27;null;null;null;null;null;null;null;null;
1993-05-28;null;null;null;null;null;null;null;null;
1993-05-29;null;null;null;null;null;null;null;null;
1993-05-30;null;null;null;null;null;null;null;null;
1993-05-31;null;null;null;null;null;null;null;null;
1993-06-01;null;null;null;null;null;null;null;null;
1993-06-02;null;null;null;null;null;null;null;null;
1993-06-03;null;null;null;null;null;null;null;null;
1993-06-04;null;null;null;null;null;null;null;null;
1993-06-05;null;null;null;null;null;null;null;null;
1993-06-06;null;null;null;null;null;null;null;null;
1993-06-07;null;null;null;null;null;null;null;null;
1993-06-08;null;null;null;null;null;null;null;null;
1993-06-09;null;null;null;null;null;null;null;null;
1993-06-10;null;null;null;null;null;null;null;null;
1993-06-11;null;null;null;null;null;null;null;null;
1993-06-12;null;null;null;null;null;null;null;null;
1993-06-13;null;null;null;null;null;null;null;null;
1993-06-14;null;null;null;null;null;null;null;null;
1993-06-15;null;null;null;null;null;null;null;null;
1993-06-16;null;null;null;null;null;null;null;null;
1993-06-17;null;null;null;null;null;null;null;null;
1993-06-18;null;null;null;null;null;null;null;null;
1993-06-19;null;null;null;null;null;null;null;null;
1993-06-20;null;null;null;null;null;null;null;null;
1993-06-21;null;null;null;null;null;null;null;null;
1993-06-22;null;null;null;null;null;null;null;null;
1993-06-23;null;null;null;null;null;null;null;null;
1993-06-24;null;null;null;null;null;null;null;null;
1993-06-25;null;null;null;null;null;null;null;null;
1993-06-26;null;null;null;null;null;null;null;null;
1993-06-27;null;null;null;null;null;null;null;null;
1993-06-28;null;null;null;null;null;null;null;null;
1993-06-29;null;null;null;null;null;null;null;null;
1993-06-30;null;null;null;null;null;null;null;null;
1993-07-01;null;null;null;null;null;null;null;null;
1993-07-02;null;null;null;null;null;null;null;null;
1993-07-03;null;null;null;null;null;null;null;null;
1993-07-04;null;null;null;null;null;null;null;null;
1993-07-05;null;null;null;null;null;null;null;null;
1993-07-06;null;null;null;null;null;null;null;null;
1993-07-07;null;null;null;null;null;null;null;null;
1993-07-08;null;null;null;null;null;null;null;null;
1993-07-09;null;null;null;null;null;null;null;null;
1993-07-10;null;null;null;null;null;null;null;null;
1993-07-11;null;null;null;null;null;null;null;null;
1993-07-12;null;null;null;null;null;null;null;null;
1993-07-13;null;null;null;null;null;null;null;null;
1993-07-14;null;null;null;null;null;null;null;null;
1993-07-15;null;null;null;null;null;null;null;null;
1993-07-16;null;null;null;null;null;null;null;null;
1993-07-17;null;null;null;null;null;null;null;null;
1993-07-18;null;null;null;null;null;null;null;null;
1993-07-19;null;null;null;null;null;null;null;null;
1993-07-20;null;null;null;null;null;null;null;null;
1993-07-21;null;null;null;null;null;null;null;null;
1993-07-22;null;null;null;null;null;null;null;null;
1993-07-23;null;null;null;null;null;null;null;null;
1993-07-24;null;null;null;null;null;null;null;null;
1993-07-25;null;null;null;null;null;null;null;null;
1993-07-26;null;null;null;null;null;null;null;null;
1993-07-27;null;null;null;null;null;null;null;null;
1993-07-28;null;null;null;null;null;null;null;null;
1993-07-29;null;null;null;null;null;null;null;null;
1993-07-30;null;null;null;null;null;null;null;null;
1993-07-31;null;null;null;null;null;null;null;null;
1993-08-01;null;null;null;null;null;null;null;null;
1993-08-02;null;null;null;null;null;null;null;null;
1993-08-03;null;null;null;null;null;null;null;null;
1993-08-04;null;null;null;null;null;null;null;null;
1993-08-05;null;null;null;null;null;null;null;null;
1993-08-06;null;null;null;null;null;null;null;null;
1993-08-07;null;null;null;null;null;null;null;null;
1993-08-08;null;null;null;null;null;null;null;null;
1993-08-09;null;null;null;null;null;null;null;null;
1993-08-10;null;null;null;null;null;null;null;null;
1993-08-11;null;null;null;null;null;null;null;null;
1993-08-12;null;null;null;null;null;null;null;null;
1993-08-13;null;null;null;null;null;null;null;null;
1993-08-14;null;null;null;null;null;null;null;null;
1993-08-15;null;null;null;null;null;null;null;null;
1993-08-16;null;null;null;null;null;null;null;null;
1993-08-17;null;null;null;null;null;null;null;null;
1993-08-18;null;null;null;null;null;null;null;null;
1993-08-19;null;null;null;null;null;null;null;null;
1993-08-20;null;null;null;null;null;null;null;null;
1993-08-21;null;null;null;null;null;null;null;null;
1993-08-22;null;null;null;null;null;null;null;null;
1993-08-23;null;null;null;null;null;null;null;null;
1993-08-24;null;null;null;null;null;null;null;null;
1993-08-25;null;null;null;null;null;null;null;null;
1993-08-26;null;null;null;null;null;null;null;null;
1993-08-27;null;null;null;null;null;null;null;null;
1993-08-28;null;null;null;null;null;null;null;null;
1993-08-29;null;null;null;null;null;null;null;null;
1993-08-30;null;null;null;null;null;null;null;null;
1993-08-31;null;null;null;null;null;null;null;null;
1993-09-01;null;null;null;null;null;null;null;null;
1993-09-02;null;null;null;null;null;null;null;null;
1993-09-03;null;null;null;null;null;null;null;null;
1993-09-04;null;null;null;null;null;null;null;null;
1993-09-05;null;null;null;null;null;null;null;null;
1993-09-06;null;null;null;null;null;null;null;null;
1993-09-07;null;null;null;null;null;null;null;null;
1993-09-08;null;null;null;null;null;null;null;null;
1993-09-09;null;null;null;null;null;null;null;null;
1993-09-10;null;null;null;null;null;null;null;null;
1993-09-11;null;null;null;null;null;null;null;null;
1993-09-12;null;null;null;null;null;null;null;null;
1993-09-13;null;null;null;null;null;null;null;null;
1993-09-14;null;null;null;null;null;null;null;null;
1993-09-15;null;null;null;null;null;null;null;null;
1993-09-16;null;null;null;null;null;null;null;null;
1993-09-17;null;null;null;null;null;null;null;null;
1993-09-18;null;null;null;null;null;null;null;null;
1993-09-19;null;null;null;null;null;null;null;null;
1993-09-20;null;null;null;null;null;null;null;null;
1993-09-21;null;null;null;null;null;null;null;null;
1993-09-22;null;null;null;null;null;null;null;null;
1993-09-23;null;null;null;null;null;null;null;null;
1993-09-24;null;null;null;null;null;null;null;null;
1993-09-25;null;null;null;null;null;null;null;null;
1993-09-26;null;null;null;null;null;null;null;null;
1993-09-27;null;null;null;null;null;null;null;null;
1993-09-28;null;null;null;null;null;null;null;null;
1993-09-29;null;null;null;null;null;null;null;null;
1993-09-30;null;null;null;null;null;null;null;null;
1993-10-01;null;null;null;null;null;null;null;null;
1993-10-02;null;null;null;null;null;null;null;null;
1993-10-03;null;null;null;null;null;null;null;null;
1993-10-04;null;null;null;null;null;null;null;null;
1993-10-05;null;null;null;null;null;null;null;null;
1993-10-06;null;null;null;null;null;null;null;null;
1993-10-07;null;null;null;null;null;null;null;null;
1993-10-08;null;null;null;null;null;null;null;null;
1993-10-09;null;null;null;null;null;null;null;null;
1993-10-10;null;null;null;null;null;null;null;null;
1993-10-11;null;null;null;null;null;null;null;null;
1993-10-12;null;null;null;null;null;null;null;null;
1993-10-13;null;null;null;null;null;null;null;null;
1993-10-14;null;null;null;null;null;null;null;null;
1993-10-15;null;null;null;null;null;null;null;null;
1993-10-16;null;null;null;null;null;null;null;null;
1993-10-17;null;null;null;null;null;null;null;null;
1993-10-18;null;null;null;null;null;null;null;null;
1993-10-19;null;null;null;null;null;null;null;null;
1993-10-20;null;null;null;null;null;null;null;null;
1993-10-21;null;null;null;null;null;null;null;null;
1993-10-22;null;null;null;null;null;null;null;null;
1993-10-23;null;null;null;null;null;null;null;null;
1993-10-24;null;null;null;null;null;null;null;null;
1993-10-25;null;null;null;null;null;null;null;null;
1993-10-26;null;null;null;null;null;null;null;null;
1993-10-27;null;null;null;null;null;null;null;null;
1993-10-28;null;null;null;null;null;null;null;null;
1993-10-29;null;null;null;null;null;null;null;null;
1993-10-30;null;null;null;null;null;null;null;null;
1993-10-31;null;null;null;null;null;null;null;null;
1993-11-01;null;null;null;null;null;null;null;null;
1993-11-02;null;null;null;null;null;null;null;null;
1993-11-03;null;null;null;null;null;null;null;null;
1993-11-04;null;null;null;null;null;null;null;null;
1993-11-05;null;null;null;null;null;null;null;null;
1993-11-06;null;null;null;null;null;null;null;null;
1993-11-07;null;null;null;null;null;null;null;null;
1993-11-08;null;null;null;null;null;null;null;null;
1993-11-09;null;null;null;null;null;null;null;null;
1993-11-10;null;null;null;null;null;null;null;null;
1993-11-11;null;null;null;null;null;null;null;null;
1993-11-12;null;null;null;null;null;null;null;null;
1993-11-13;null;null;null;null;null;null;null;null;
1993-11-14;null;null;null;null;null;null;null;null;
1993-11-15;null;null;null;null;null;null;null;null;
1993-11-16;null;null;null;null;null;null;null;null;
1993-11-17;null;null;null;null;null;null;null;null;
1993-11-18;null;null;null;null;null;null;null;null;
1993-11-19;null;null;null;null;null;null;null;null;
1993-11-20;null;null;null;null;null;null;null;null;
1993-11-21;null;null;null;null;null;null;null;null;
1993-11-22;null;null;null;null;null;null;null;null;
1993-11-23;null;null;null;null;null;null;null;null;
1993-11-24;null;null;null;null;null;null;null;null;
1993-11-25;null;null;null;null;null;null;null;null;
1993-11-26;null;null;null;null;null;null;null;null;
1993-11-27;null;null;null;null;null;null;null;null;
1993-11-28;null;null;null;null;null;null;null;null;
1993-11-29;null;null;null;null;null;null;null;null;
1993-11-30;null;null;null;null;null;null;null;null;
1993-12-01;null;null;null;null;null;null;null;null;
1993-12-02;null;null;null;null;null;null;null;null;
1993-12-03;null;null;null;null;null;null;null;null;
1993-12-04;null;null;null;null;null;null;null;null;
1993-12-05;null;null;null;null;null;null;null;null;
1993-12-06;null;null;null;null;null;null;null;null;
1993-12-07;null;null;null;null;null;null;null;null;
1993-12-08;null;null;null;null;null;null;null;null;
1993-12-09;null;null;null;null;null;null;null;null;
1993-12-10;null;null;null;null;null;null;null;null;
1993-12-11;null;null;null;null;null;null;null;null;
1993-12-12;null;null;null;null;null;null;null;null;
1993-12-13;null;null;null;null;null;null;null;null;
1993-12-14;null;null;null;null;null;null;null;null;
1993-12-15;null;null;null;null;null;null;null;null;
1993-12-16;null;null;null;null;null;null;null;null;
1993-12-17;null;null;null;null;null;null;null;null;
1993-12-18;null;null;null;null;null;null;null;null;
1993-12-19;null;null;null;null;null;null;null;null;
1993-12-20;null;null;null;null;null;null;null;null;
1993-12-21;null;null;null;null;null;null;null;null;
1993-12-22;null;null;null;null;null;null;null;null;
1993-12-23;null;null;null;null;null;null;null;null;
1993-12-24;null;null;null;null;null;null;null;null;
1993-12-25;null;null;null;null;null;null;null;null;
1993-12-26;null;null;null;null;null;null;null;null;
1993-12-27;null;null;null;null;null;null;null;null;
1993-12-28;null;null;null;null;null;null;null;null;
1993-12-29;null;null;null;null;null;null;null;null;
1993-12-30;null;null;null;null;null;null;null;null;
1993-12-31;null;null;null;null;null;null;null;null;
1994-01-01;null;null;null;null;null;null;null;null;
1994-01-02;null;null;null;null;null;null;null;null;
1994-01-03;null;null;null;null;null;null;null;null;
1994-01-04;null;null;null;null;null;null;null;null;
1994-01-05;null;null;null;null;null;null;null;null;
1994-01-06;null;null;null;null;null;null;null;null;
1994-01-07;null;null;null;null;null;null;null;null;
1994-01-08;null;null;null;null;null;null;null;null;
1994-01-09;null;null;null;null;null;null;null;null;
1994-01-10;null;null;null;null;null;null;null;null;
1994-01-11;null;null;null;null;null;null;null;null;
1994-01-12;null;null;null;null;null;null;null;null;
1994-01-13;null;null;null;null;null;null;null;null;
1994-01-14;null;null;null;null;null;null;null;null;
1994-01-15;null;null;null;null;null;null;null;null;
1994-01-16;null;null;null;null;null;null;null;null;
1994-01-17;null;null;null;null;null;null;null;null;
1994-01-18;null;null;null;null;null;null;null;null;
1994-01-19;null;null;null;null;null;null;null;null;
1994-01-20;null;null;null;null;null;null;null;null;
1994-01-21;null;null;null;null;null;null;null;null;
1994-01-22;null;null;null;null;null;null;null;null;
1994-01-23;null;null;null;null;null;null;null;null;
1994-01-24;null;null;null;null;null;null;null;null;
1994-01-25;null;null;null;null;null;null;null;null;
1994-01-26;null;null;null;null;null;null;null;null;
1994-01-27;null;null;null;null;null;null;null;null;
1994-01-28;null;null;null;null;null;null;null;null;
1994-01-29;null;null;null;null;null;null;null;null;
1994-01-30;null;null;null;null;null;null;null;null;
1994-01-31;null;null;null;null;null;null;null;null;
1994-02-01;null;null;null;null;null;null;null;null;
1994-02-02;null;null;null;null;null;null;null;null;
1994-02-03;null;null;null;null;null;null;null;null;
1994-02-04;null;null;null;null;null;null;null;null;
1994-02-05;null;null;null;null;null;null;null;null;
1994-02-06;null;null;null;null;null;null;null;null;
1994-02-07;null;null;null;null;null;null;null;null;
1994-02-08;null;null;null;null;null;null;null;null;
1994-02-09;null;null;null;null;null;null;null;null;
1994-02-10;null;null;null;null;null;null;null;null;
1994-02-11;null;null;null;null;null;null;null;null;
1994-02-12;null;null;null;null;null;null;null;null;
1994-02-13;null;null;null;null;null;null;null;null;
1994-02-14;null;null;null;null;null;null;null;null;
1994-02-15;null;null;null;null;null;null;null;null;
1994-02-16;null;null;null;null;null;null;null;null;
1994-02-17;null;null;null;null;null;null;null;null;
1994-02-18;null;null;null;null;null;null;null;null;
1994-02-19;null;null;null;null;null;null;null;null;
1994-02-20;null;null;null;null;null;null;null;null;
1994-02-21;null;null;null;null;null;null;null;null;
1994-02-22;null;null;null;null;null;null;null;null;
1994-02-23;null;null;null;null;null;null;null;null;
1994-02-24;null;null;null;null;null;null;null;null;
1994-02-25;null;null;null;null;null;null;null;null;
1994-02-26;null;null;null;null;null;null;null;null;
1994-02-27;null;null;null;null;null;null;null;null;
1994-02-28;null;null;null;null;null;null;null;null;
1994-03-01;null;null;null;null;null;null;null;null;
1994-03-02;null;null;null;null;null;null;null;null;
1994-03-03;null;null;null;null;null;null;null;null;
1994-03-04;null;null;null;null;null;null;null;null;
1994-03-05;null;null;null;null;null;null;null;null;
1994-03-06;null;null;null;null;null;null;null;null;
1994-03-07;null;null;null;null;null;null;null;null;
1994-03-08;null;null;null;null;null;null;null;null;
1994-03-09;null;null;null;null;null;null;null;null;
1994-03-10;null;null;null;null;null;null;null;null;
1994-03-11;null;null;null;null;null;null;null;null;
1994-03-12;null;null;null;null;null;null;null;null;
1994-03-13;null;null;null;null;null;null;null;null;
1994-03-14;null;null;null;null;null;null;null;null;
1994-03-15;null;null;null;null;null;null;null;null;
1994-03-16;null;null;null;null;null;null;null;null;
1994-03-17;null;null;null;null;null;null;null;null;
1994-03-18;null;null;null;null;null;null;null;null;
1994-03-19;null;null;null;null;null;null;null;null;
1994-03-20;null;null;null;null;null;null;null;null;
1994-03-21;null;null;null;null;null;null;null;null;
1994-03-22;null;null;null;null;null;null;null;null;
1994-03-23;null;null;null;null;null;null;null;null;
1994-03-24;null;null;null;null;null;null;null;null;
1994-03-25;null;null;null;null;null;null;null;null;
1994-03-26;null;null;null;null;null;null;null;null;
1994-03-27;null;null;null;null;null;null;null;null;
1994-03-28;null;null;null;null;null;null;null;null;
1994-03-29;null;null;null;null;null;null;null;null;
1994-03-30;null;null;null;null;null;null;null;null;
1994-03-31;null;null;null;null;null;null;null;null;
1994-04-01;null;null;null;null;null;null;null;null;
1994-04-02;null;null;null;null;null;null;null;null;
1994-04-03;null;null;null;null;null;null;null;null;
1994-04-04;null;null;null;null;null;null;null;null;
1994-04-05;null;null;null;null;null;null;null;null;
1994-04-06;null;null;null;null;null;null;null;null;
1994-04-07;null;null;null;null;null;null;null;null;
1994-04-08;null;null;null;null;null;null;null;null;
1994-04-09;null;null;null;null;null;null;null;null;
1994-04-10;null;null;null;null;null;null;null;null;
1994-04-11;null;null;null;null;null;null;null;null;
1994-04-12;null;null;null;null;null;null;null;null;
1994-04-13;null;null;null;null;null;null;null;null;
1994-04-14;null;null;null;null;null;null;null;null;
1994-04-15;null;null;null;null;null;null;null;null;
1994-04-16;null;null;null;null;null;null;null;null;
1994-04-17;null;null;null;null;null;null;null;null;
1994-04-18;null;null;null;null;null;null;null;null;
1994-04-19;null;null;null;null;null;null;null;null;
1994-04-20;null;null;null;null;null;null;null;null;
1994-04-21;null;null;null;null;null;null;null;null;
1994-04-22;null;null;null;null;null;null;null;null;
1994-04-23;null;null;null;null;null;null;null;null;
1994-04-24;null;null;null;null;null;null;null;null;
1994-04-25;null;null;null;null;null;null;null;null;
1994-04-26;null;null;null;null;null;null;null;null;
1994-04-27;null;null;null;null;null;null;null;null;
1994-04-28;null;null;null;null;null;null;null;null;
1994-04-29;null;null;null;null;null;null;null;null;
1994-04-30;null;null;null;null;null;null;null;null;
1994-05-01;null;null;null;null;null;null;null;null;
1994-05-02;null;null;null;null;null;null;null;null;
1994-05-03;null;null;null;null;null;null;null;null;
1994-05-04;null;null;null;null;null;null;null;null;
1994-05-05;null;null;null;null;null;null;null;null;
1994-05-06;null;null;null;null;null;null;null;null;
1994-05-07;null;null;null;null;null;null;null;null;
1994-05-08;null;null;null;null;null;null;null;null;
1994-05-09;null;null;null;null;null;null;null;null;
1994-05-10;null;null;null;null;null;null;null;null;
1994-05-11;null;null;null;null;null;null;null;null;
1994-05-12;null;null;null;null;null;null;null;null;
1994-05-13;null;null;null;null;null;null;null;null;
1994-05-14;null;null;null;null;null;null;null;null;
1994-05-15;null;null;null;null;null;null;null;null;
1994-05-16;null;null;null;null;null;null;null;null;
1994-05-17;null;null;null;null;null;null;null;null;
1994-05-18;null;null;null;null;null;null;null;null;
1994-05-19;null;null;null;null;null;null;null;null;
1994-05-20;null;null;null;null;null;null;null;null;
1994-05-21;null;null;null;null;null;null;null;null;
1994-05-22;null;null;null;null;null;null;null;null;
1994-05-23;null;null;null;null;null;null;null;null;
1994-05-24;null;null;null;null;null;null;null;null;
1994-05-25;null;null;null;null;null;null;null;null;
1994-05-26;null;null;null;null;null;null;null;null;
1994-05-27;null;null;null;null;null;null;null;null;
1994-05-28;null;null;null;null;null;null;null;null;
1994-05-29;null;null;null;null;null;null;null;null;
1994-05-30;null;null;null;null;null;null;null;null;
1994-05-31;null;null;null;null;null;null;null;null;
1994-06-01;null;null;null;null;null;null;null;null;
1994-06-02;null;null;null;null;null;null;null;null;
1994-06-03;null;null;null;null;null;null;null;null;
1994-06-04;null;null;null;null;null;null;null;null;
1994-06-05;null;null;null;null;null;null;null;null;
1994-06-06;null;null;null;null;null;null;null;null;
1994-06-07;null;null;null;null;null;null;null;null;
1994-06-08;null;null;null;null;null;null;null;null;
1994-06-09;null;null;null;null;null;null;null;null;
1994-06-10;null;null;null;null;null;null;null;null;
1994-06-11;null;null;null;null;null;null;null;null;
1994-06-12;null;null;null;null;null;null;null;null;
1994-06-13;null;null;null;null;null;null;null;null;
1994-06-14;null;null;null;null;null;null;null;null;
1994-06-15;null;null;null;null;null;null;null;null;
1994-06-16;null;null;null;null;null;null;null;null;
1994-06-17;null;null;null;null;null;null;null;null;
1994-06-18;null;null;null;null;null;null;null;null;
1994-06-19;null;null;null;null;null;null;null;null;
1994-06-20;null;null;null;null;null;null;null;null;
1994-06-21;null;null;null;null;null;null;null;null;
1994-06-22;null;null;null;null;null;null;null;null;
1994-06-23;null;null;null;null;null;null;null;null;
1994-06-24;null;null;null;null;null;null;null;null;
1994-06-25;null;null;null;null;null;null;null;null;
1994-06-26;null;null;null;null;null;null;null;null;
1994-06-27;null;null;null;null;null;null;null;null;
1994-06-28;null;null;null;null;null;null;null;null;
1994-06-29;null;null;null;null;null;null;null;null;
1994-06-30;null;null;null;null;null;null;null;null;
1994-07-01;null;null;null;null;null;null;null;null;
1994-07-02;null;null;null;null;null;null;null;null;
1994-07-03;null;null;null;null;null;null;null;null;
1994-07-04;null;null;null;null;null;null;null;null;
1994-07-05;null;null;null;null;null;null;null;null;
1994-07-06;null;null;null;null;null;null;null;null;
1994-07-07;null;null;null;null;null;null;null;null;
1994-07-08;null;null;null;null;null;null;null;null;
1994-07-09;null;null;null;null;null;null;null;null;
1994-07-10;null;null;null;null;null;null;null;null;
1994-07-11;null;null;null;null;null;null;null;null;
1994-07-12;null;null;null;null;null;null;null;null;
1994-07-13;null;null;null;null;null;null;null;null;
1994-07-14;null;null;null;null;null;null;null;null;
1994-07-15;null;null;null;null;null;null;null;null;
1994-07-16;null;null;null;null;null;null;null;null;
1994-07-17;null;null;null;null;null;null;null;null;
1994-07-18;null;null;null;null;null;null;null;null;
1994-07-19;null;null;null;null;null;null;null;null;
1994-07-20;null;null;null;null;null;null;null;null;
1994-07-21;null;null;null;null;null;null;null;null;
1994-07-22;null;null;null;null;null;null;null;null;
1994-07-23;null;null;null;null;null;null;null;null;
1994-07-24;null;null;null;null;null;null;null;null;
1994-07-25;null;null;null;null;null;null;null;null;
1994-07-26;null;null;null;null;null;null;null;null;
1994-07-27;null;null;null;null;null;null;null;null;
1994-07-28;null;null;null;null;null;null;null;null;
1994-07-29;null;null;null;null;null;null;null;null;
1994-07-30;null;null;null;null;null;null;null;null;
1994-07-31;null;null;null;null;null;null;null;null;
1994-08-01;null;null;null;null;null;null;null;null;
1994-08-02;null;null;null;null;null;null;null;null;
1994-08-03;null;null;null;null;null;null;null;null;
1994-08-04;null;null;null;null;null;null;null;null;
1994-08-05;null;null;null;null;null;null;null;null;
1994-08-06;null;null;null;null;null;null;null;null;
1994-08-07;null;null;null;null;null;null;null;null;
1994-08-08;null;null;null;null;null;null;null;null;
1994-08-09;null;null;null;null;null;null;null;null;
1994-08-10;null;null;null;null;null;null;null;null;
1994-08-11;null;null;null;null;null;null;null;null;
1994-08-12;null;null;null;null;null;null;null;null;
1994-08-13;null;null;null;null;null;null;null;null;
1994-08-14;null;null;null;null;null;null;null;null;
1994-08-15;null;null;null;null;null;null;null;null;
1994-08-16;null;null;null;null;null;null;null;null;
1994-08-17;null;null;null;null;null;null;null;null;
1994-08-18;null;null;null;null;null;null;null;null;
1994-08-19;null;null;null;null;null;null;null;null;
1994-08-20;null;null;null;null;null;null;null;null;
1994-08-21;null;null;null;null;null;null;null;null;
1994-08-22;null;null;null;null;null;null;null;null;
1994-08-23;null;null;null;null;null;null;null;null;
1994-08-24;null;null;null;null;null;null;null;null;
1994-08-25;null;null;null;null;null;null;null;null;
1994-08-26;null;null;null;null;null;null;null;null;
1994-08-27;null;null;null;null;null;null;null;null;
1994-08-28;null;null;null;null;null;null;null;null;
1994-08-29;null;null;null;null;null;null;null;null;
1994-08-30;null;null;null;null;null;null;null;null;
1994-08-31;null;null;null;null;null;null;null;null;
1994-09-01;null;null;null;null;null;null;null;null;
1994-09-02;null;null;null;null;null;null;null;null;
1994-09-03;null;null;null;null;null;null;null;null;
1994-09-04;null;null;null;null;null;null;null;null;
1994-09-05;null;null;null;null;null;null;null;null;
1994-09-06;null;null;null;null;null;null;null;null;
1994-09-07;null;null;null;null;null;null;null;null;
1994-09-08;null;null;null;null;null;null;null;null;
1994-09-09;null;null;null;null;null;null;null;null;
1994-09-10;null;null;null;null;null;null;null;null;
1994-09-11;null;null;null;null;null;null;null;null;
1994-09-12;null;null;null;null;null;null;null;null;
1994-09-13;null;null;null;null;null;null;null;null;
1994-09-14;null;null;null;null;null;null;null;null;
1994-09-15;null;null;null;null;null;null;null;null;
1994-09-16;null;null;null;null;null;null;null;null;
1994-09-17;null;null;null;null;null;null;null;null;
1994-09-18;null;null;null;null;null;null;null;null;
1994-09-19;null;null;null;null;null;null;null;null;
1994-09-20;null;null;null;null;null;null;null;null;
1994-09-21;null;null;null;null;null;null;null;null;
1994-09-22;null;null;null;null;null;null;null;null;
1994-09-23;null;null;null;null;null;null;null;null;
1994-09-24;null;null;null;null;null;null;null;null;
1994-09-25;null;null;null;null;null;null;null;null;
1994-09-26;null;null;null;null;null;null;null;null;
1994-09-27;null;null;null;null;null;null;null;null;
1994-09-28;null;null;null;null;null;null;null;null;
1994-09-29;null;null;null;null;null;null;null;null;
1994-09-30;null;null;null;null;null;null;null;null;
1994-10-01;null;null;null;null;null;null;null;null;
1994-10-02;null;null;null;null;null;null;null;null;
1994-10-03;null;null;null;null;null;null;null;null;
1994-10-04;null;null;null;null;null;null;null;null;
1994-10-05;null;null;null;null;null;null;null;null;
1994-10-06;null;null;null;null;null;null;null;null;
1994-10-07;null;null;null;null;null;null;null;null;
1994-10-08;null;null;null;null;null;null;null;null;
1994-10-09;null;null;null;null;null;null;null;null;
1994-10-10;null;null;null;null;null;null;null;null;
1994-10-11;null;null;null;null;null;null;null;null;
1994-10-12;null;null;null;null;null;null;null;null;
1994-10-13;null;null;null;null;null;null;null;null;
1994-10-14;null;null;null;null;null;null;null;null;
1994-10-15;null;null;null;null;null;null;null;null;
1994-10-16;null;null;null;null;null;null;null;null;
1994-10-17;null;null;null;null;null;null;null;null;
1994-10-18;null;null;null;null;null;null;null;null;
1994-10-19;null;null;null;null;null;null;null;null;
1994-10-20;null;null;null;null;null;null;null;null;
1994-10-21;null;null;null;null;null;null;null;null;
1994-10-22;null;null;null;null;null;null;null;null;
1994-10-23;null;null;null;null;null;null;null;null;
1994-10-24;null;null;null;null;null;null;null;null;
1994-10-25;null;null;null;null;null;null;null;null;
1994-10-26;null;null;null;null;null;null;null;null;
1994-10-27;null;null;null;null;null;null;null;null;
1994-10-28;null;null;null;null;null;null;null;null;
1994-10-29;null;null;null;null;null;null;null;null;
1994-10-30;null;null;null;null;null;null;null;null;
1994-10-31;null;null;null;null;null;null;null;null;
1994-11-01;null;null;null;null;null;null;null;null;
1994-11-02;null;null;null;null;null;null;null;null;
1994-11-03;null;null;null;null;null;null;null;null;
1994-11-04;null;null;null;null;null;null;null;null;
1994-11-05;null;null;null;null;null;null;null;null;
1994-11-06;null;null;null;null;null;null;null;null;
1994-11-07;null;null;null;null;null;null;null;null;
1994-11-08;null;null;null;null;null;null;null;null;
1994-11-09;null;null;null;null;null;null;null;null;
1994-11-10;null;null;null;null;null;null;null;null;
1994-11-11;null;null;null;null;null;null;null;null;
1994-11-12;null;null;null;null;null;null;null;null;
1994-11-13;null;null;null;null;null;null;null;null;
1994-11-14;null;null;null;null;null;null;null;null;
1994-11-15;null;null;null;null;null;null;null;null;
1994-11-16;null;null;null;null;null;null;null;null;
1994-11-17;null;null;null;null;null;null;null;null;
1994-11-18;null;null;null;null;null;null;null;null;
1994-11-19;null;null;null;null;null;null;null;null;
1994-11-20;null;null;null;null;null;null;null;null;
1994-11-21;null;null;null;null;null;null;null;null;
1994-11-22;null;null;null;null;null;null;null;null;
1994-11-23;null;null;null;null;null;null;null;null;
1994-11-24;null;null;null;null;null;null;null;null;
1994-11-25;null;null;null;null;null;null;null;null;
1994-11-26;null;null;null;null;null;null;null;null;
1994-11-27;null;null;null;null;null;null;null;null;
1994-11-28;null;null;null;null;null;null;null;null;
1994-11-29;null;null;null;null;null;null;null;null;
1994-11-30;null;null;null;null;null;null;null;null;
1994-12-01;null;null;null;null;null;null;null;null;
1994-12-02;null;null;null;null;null;null;null;null;
1994-12-03;null;null;null;null;null;null;null;null;
1994-12-04;null;null;null;null;null;null;null;null;
1994-12-05;null;null;null;null;null;null;null;null;
1994-12-06;null;null;null;null;null;null;null;null;
1994-12-07;null;null;null;null;null;null;null;null;
1994-12-08;null;null;null;null;null;null;null;null;
1994-12-09;null;null;null;null;null;null;null;null;
1994-12-10;null;null;null;null;null;null;null;null;
1994-12-11;null;null;null;null;null;null;null;null;
1994-12-12;null;null;null;null;null;null;null;null;
1994-12-13;null;null;null;null;null;null;null;null;
1994-12-14;null;null;null;null;null;null;null;null;
1994-12-15;null;null;null;null;null;null;null;null;
1994-12-16;null;null;null;null;null;null;null;null;
1994-12-17;null;null;null;null;null;null;null;null;
1994-12-18;null;null;null;null;null;null;null;null;
1994-12-19;null;null;null;null;null;null;null;null;
1994-12-20;null;null;null;null;null;null;null;null;
1994-12-21;null;null;null;null;null;null;null;null;
1994-12-22;null;null;null;null;null;null;null;null;
1994-12-23;null;null;null;null;null;null;null;null;
1994-12-24;null;null;null;null;null;null;null;null;
1994-12-25;null;null;null;null;null;null;null;null;
1994-12-26;null;null;null;null;null;null;null;null;
1994-12-27;null;null;null;null;null;null;null;null;
1994-12-28;null;null;null;null;null;null;null;null;
1994-12-29;null;null;null;null;null;null;null;null;
1994-12-30;null;null;null;null;null;null;null;null;
1994-12-31;null;null;null;null;null;null;null;null;
1995-01-01;null;null;null;null;null;null;null;null;
1995-01-02;null;null;null;null;null;null;null;null;
1995-01-03;null;null;null;null;null;null;null;null;
1995-01-04;null;null;null;null;null;null;null;null;
1995-01-05;null;null;null;null;null;null;null;null;
1995-01-06;null;null;null;null;null;null;null;null;
1995-01-07;null;null;null;null;null;null;null;null;
1995-01-08;null;null;null;null;null;null;null;null;
1995-01-09;null;null;null;null;null;null;null;null;
1995-01-10;null;null;null;null;null;null;null;null;
1995-01-11;null;null;null;null;null;null;null;null;
1995-01-12;null;null;null;null;null;null;null;null;
1995-01-13;null;null;null;null;null;null;null;null;
1995-01-14;null;null;null;null;null;null;null;null;
1995-01-15;null;null;null;null;null;null;null;null;
1995-01-16;null;null;null;null;null;null;null;null;
1995-01-17;null;null;null;null;null;null;null;null;
1995-01-18;null;null;null;null;null;null;null;null;
1995-01-19;null;null;null;null;null;null;null;null;
1995-01-20;null;null;null;null;null;null;null;null;
1995-01-21;null;null;null;null;null;null;null;null;
1995-01-22;null;null;null;null;null;null;null;null;
1995-01-23;null;null;null;null;null;null;null;null;
1995-01-24;null;null;null;null;null;null;null;null;
1995-01-25;null;null;null;null;null;null;null;null;
1995-01-26;null;null;null;null;null;null;null;null;
1995-01-27;null;null;null;null;null;null;null;null;
1995-01-28;null;null;null;null;null;null;null;null;
1995-01-29;null;null;null;null;null;null;null;null;
1995-01-30;null;null;null;null;null;null;null;null;
1995-01-31;null;null;null;null;null;null;null;null;
1995-02-01;null;null;null;null;null;null;null;null;
1995-02-02;null;null;null;null;null;null;null;null;
1995-02-03;null;null;null;null;null;null;null;null;
1995-02-04;null;null;null;null;null;null;null;null;
1995-02-05;null;null;null;null;null;null;null;null;
1995-02-06;null;null;null;null;null;null;null;null;
1995-02-07;null;null;null;null;null;null;null;null;
1995-02-08;null;null;null;null;null;null;null;null;
1995-02-09;null;null;null;null;null;null;null;null;
1995-02-10;null;null;null;null;null;null;null;null;
1995-02-11;null;null;null;null;null;null;null;null;
1995-02-12;null;null;null;null;null;null;null;null;
1995-02-13;null;null;null;null;null;null;null;null;
1995-02-14;null;null;null;null;null;null;null;null;
1995-02-15;null;null;null;null;null;null;null;null;
1995-02-16;null;null;null;null;null;null;null;null;
1995-02-17;null;null;null;null;null;null;null;null;
1995-02-18;null;null;null;null;null;null;null;null;
1995-02-19;null;null;null;null;null;null;null;null;
1995-02-20;null;null;null;null;null;null;null;null;
1995-02-21;null;null;null;null;null;null;null;null;
1995-02-22;null;null;null;null;null;null;null;null;
1995-02-23;null;null;null;null;null;null;null;null;
1995-02-24;null;null;null;null;null;null;null;null;
1995-02-25;null;null;null;null;null;null;null;null;
1995-02-26;null;null;null;null;null;null;null;null;
1995-02-27;null;null;null;null;null;null;null;null;
1995-02-28;null;null;null;null;null;null;null;null;
1995-03-01;null;null;null;null;null;null;null;null;
1995-03-02;null;null;null;null;null;null;null;null;
1995-03-03;null;null;null;null;null;null;null;null;
1995-03-04;null;null;null;null;null;null;null;null;
1995-03-05;null;null;null;null;null;null;null;null;
1995-03-06;null;null;null;null;null;null;null;null;
1995-03-07;null;null;null;null;null;null;null;null;
1995-03-08;null;null;null;null;null;null;null;null;
1995-03-09;null;null;null;null;null;null;null;null;
1995-03-10;null;null;null;null;null;null;null;null;
1995-03-11;null;null;null;null;null;null;null;null;
1995-03-12;null;null;null;null;null;null;null;null;
1995-03-13;null;null;null;null;null;null;null;null;
1995-03-14;null;null;null;null;null;null;null;null;
1995-03-15;null;null;null;null;null;null;null;null;
1995-03-16;null;null;null;null;null;null;null;null;
1995-03-17;null;null;null;null;null;null;null;null;
1995-03-18;null;null;null;null;null;null;null;null;
1995-03-19;null;null;null;null;null;null;null;null;
1995-03-20;null;null;null;null;null;null;null;null;
1995-03-21;null;null;null;null;null;null;null;null;
1995-03-22;null;null;null;null;null;null;null;null;
1995-03-23;null;null;null;null;null;null;null;null;
1995-03-24;null;null;null;null;null;null;null;null;
1995-03-25;null;null;null;null;null;null;null;null;
1995-03-26;null;null;null;null;null;null;null;null;
1995-03-27;null;null;null;null;null;null;null;null;
1995-03-28;null;null;null;null;null;null;null;null;
1995-03-29;null;null;null;null;null;null;null;null;
1995-03-30;null;null;null;null;null;null;null;null;
1995-03-31;null;null;null;null;null;null;null;null;
1995-04-01;null;null;null;null;null;null;null;null;
1995-04-02;null;null;null;null;null;null;null;null;
1995-04-03;null;null;null;null;null;null;null;null;
1995-04-04;null;null;null;null;null;null;null;null;
1995-04-05;null;null;null;null;null;null;null;null;
1995-04-06;null;null;null;null;null;null;null;null;
1995-04-07;null;null;null;null;null;null;null;null;
1995-04-08;null;null;null;null;null;null;null;null;
1995-04-09;null;null;null;null;null;null;null;null;
1995-04-10;null;null;null;null;null;null;null;null;
1995-04-11;null;null;null;null;null;null;null;null;
1995-04-12;null;null;null;null;null;null;null;null;
1995-04-13;null;null;null;null;null;null;null;null;
1995-04-14;null;null;null;null;null;null;null;null;
1995-04-15;null;null;null;null;null;null;null;null;
1995-04-16;null;null;null;null;null;null;null;null;
1995-04-17;null;null;null;null;null;null;null;null;
1995-04-18;null;null;null;null;null;null;null;null;
1995-04-19;null;null;null;null;null;null;null;null;
1995-04-20;null;null;null;null;null;null;null;null;
1995-04-21;null;null;null;null;null;null;null;null;
1995-04-22;null;null;null;null;null;null;null;null;
1995-04-23;null;null;null;null;null;null;null;null;
1995-04-24;null;null;null;null;null;null;null;null;
1995-04-25;null;null;null;null;null;null;null;null;
1995-04-26;null;null;null;null;null;null;null;null;
1995-04-27;null;null;null;null;null;null;null;null;
1995-04-28;null;null;null;null;null;null;null;null;
1995-04-29;null;null;null;null;null;null;null;null;
1995-04-30;null;null;null;null;null;null;null;null;
1995-05-01;null;null;null;null;null;null;null;null;
1995-05-02;null;null;null;null;null;null;null;null;
1995-05-03;null;null;null;null;null;null;null;null;
1995-05-04;null;null;null;null;null;null;null;null;
1995-05-05;null;null;null;null;null;null;null;null;
1995-05-06;null;null;null;null;null;null;null;null;
1995-05-07;null;null;null;null;null;null;null;null;
1995-05-08;null;null;null;null;null;null;null;null;
1995-05-09;null;null;null;null;null;null;null;null;
1995-05-10;null;null;null;null;null;null;null;null;
1995-05-11;null;null;null;null;null;null;null;null;
1995-05-12;null;null;null;null;null;null;null;null;
1995-05-13;null;null;null;null;null;null;null;null;
1995-05-14;null;null;null;null;null;null;null;null;
1995-05-15;null;null;null;null;null;null;null;null;
1995-05-16;null;null;null;null;null;null;null;null;
1995-05-17;null;null;null;null;null;null;null;null;
1995-05-18;null;null;null;null;null;null;null;null;
1995-05-19;null;null;null;null;null;null;null;null;
1995-05-20;null;null;null;null;null;null;null;null;
1995-05-21;null;null;null;null;null;null;null;null;
1995-05-22;null;null;null;null;null;null;null;null;
1995-05-23;null;null;null;null;null;null;null;null;
1995-05-24;null;null;null;null;null;null;null;null;
1995-05-25;null;null;null;null;null;null;null;null;
1995-05-26;null;null;null;null;null;null;null;null;
1995-05-27;null;null;null;null;null;null;null;null;
1995-05-28;null;null;null;null;null;null;null;null;
1995-05-29;null;null;null;null;null;null;null;null;
1995-05-30;null;null;null;null;null;null;null;null;
1995-05-31;null;null;null;null;null;null;null;null;
1995-06-01;null;null;null;null;null;null;null;null;
1995-06-02;null;null;null;null;null;null;null;null;
1995-06-03;null;null;null;null;null;null;null;null;
1995-06-04;null;null;null;null;null;null;null;null;
1995-06-05;null;null;null;null;null;null;null;null;
1995-06-06;null;null;null;null;null;null;null;null;
1995-06-07;null;null;null;null;null;null;null;null;
1995-06-08;null;null;null;null;null;null;null;null;
1995-06-09;null;null;null;null;null;null;null;null;
1995-06-10;null;null;null;null;null;null;null;null;
1995-06-11;null;null;null;null;null;null;null;null;
1995-06-12;null;null;null;null;null;null;null;null;
1995-06-13;null;null;null;null;null;null;null;null;
1995-06-14;null;null;null;null;null;null;null;null;
1995-06-15;null;null;null;null;null;null;null;null;
1995-06-16;null;null;null;null;null;null;null;null;
1995-06-17;null;null;null;null;null;null;null;null;
1995-06-18;null;null;null;null;null;null;null;null;
1995-06-19;null;null;null;null;null;null;null;null;
1995-06-20;null;null;null;null;null;null;null;null;
1995-06-21;null;null;null;null;null;null;null;null;
1995-06-22;null;null;null;null;null;null;null;null;
1995-06-23;null;null;null;null;null;null;null;null;
1995-06-24;null;null;null;null;null;null;null;null;
1995-06-25;null;null;null;null;null;null;null;null;
1995-06-26;null;null;null;null;null;null;null;null;
1995-06-27;null;null;null;null;null;null;null;null;
1995-06-28;null;null;null;null;null;null;null;null;
1995-06-29;null;null;null;null;null;null;null;null;
1995-06-30;null;null;null;null;null;null;null;null;
1995-07-01;null;null;null;null;null;null;null;null;
1995-07-02;null;null;null;null;null;null;null;null;
1995-07-03;null;null;null;null;null;null;null;null;
1995-07-04;null;null;null;null;null;null;null;null;
1995-07-05;null;null;null;null;null;null;null;null;
1995-07-06;null;null;null;null;null;null;null;null;
1995-07-07;null;null;null;null;null;null;null;null;
1995-07-08;null;null;null;null;null;null;null;null;
1995-07-09;null;null;null;null;null;null;null;null;
1995-07-10;null;null;null;null;null;null;null;null;
1995-07-11;null;null;null;null;null;null;null;null;
1995-07-12;null;null;null;null;null;null;null;null;
1995-07-13;null;null;null;null;null;null;null;null;
1995-07-14;null;null;null;null;null;null;null;null;
1995-07-15;null;null;null;null;null;null;null;null;
1995-07-16;null;null;null;null;null;null;null;null;
1995-07-17;null;null;null;null;null;null;null;null;
1995-07-18;null;null;null;null;null;null;null;null;
1995-07-19;null;null;null;null;null;null;null;null;
1995-07-20;null;null;null;null;null;null;null;null;
1995-07-21;null;null;null;null;null;null;null;null;
1995-07-22;null;null;null;null;null;null;null;null;
1995-07-23;null;null;null;null;null;null;null;null;
1995-07-24;null;null;null;null;null;null;null;null;
1995-07-25;null;null;null;null;null;null;null;null;
1995-07-26;null;null;null;null;null;null;null;null;
1995-07-27;null;null;null;null;null;null;null;null;
1995-07-28;null;null;null;null;null;null;null;null;
1995-07-29;null;null;null;null;null;null;null;null;
1995-07-30;null;null;null;null;null;null;null;null;
1995-07-31;null;null;null;null;null;null;null;null;
1995-08-01;null;null;null;null;null;null;null;null;
1995-08-02;null;null;null;null;null;null;null;null;
1995-08-03;null;null;null;null;null;null;null;null;
1995-08-04;null;null;null;null;null;null;null;null;
1995-08-05;null;null;null;null;null;null;null;null;
1995-08-06;null;null;null;null;null;null;null;null;
1995-08-07;null;null;null;null;null;null;null;null;
1995-08-08;null;null;null;null;null;null;null;null;
1995-08-09;null;null;null;null;null;null;null;null;
1995-08-10;null;null;null;null;null;null;null;null;
1995-08-11;null;null;null;null;null;null;null;null;
1995-08-12;null;null;null;null;null;null;null;null;
1995-08-13;null;null;null;null;null;null;null;null;
1995-08-14;null;null;null;null;null;null;null;null;
1995-08-15;null;null;null;null;null;null;null;null;
1995-08-16;null;null;null;null;null;null;null;null;
1995-08-17;null;null;null;null;null;null;null;null;
1995-08-18;null;null;null;null;null;null;null;null;
1995-08-19;null;null;null;null;null;null;null;null;
1995-08-20;null;null;null;null;null;null;null;null;
1995-08-21;null;null;null;null;null;null;null;null;
1995-08-22;null;null;null;null;null;null;null;null;
1995-08-23;null;null;null;null;null;null;null;null;
1995-08-24;null;null;null;null;null;null;null;null;
1995-08-25;null;null;null;null;null;null;null;null;
1995-08-26;null;null;null;null;null;null;null;null;
1995-08-27;null;null;null;null;null;null;null;null;
1995-08-28;null;null;null;null;null;null;null;null;
1995-08-29;null;null;null;null;null;null;null;null;
1995-08-30;null;null;null;null;null;null;null;null;
1995-08-31;null;null;null;null;null;null;null;null;
1995-09-01;null;null;null;null;null;null;null;null;
1995-09-02;null;null;null;null;null;null;null;null;
1995-09-03;null;null;null;null;null;null;null;null;
1995-09-04;null;null;null;null;null;null;null;null;
1995-09-05;null;null;null;null;null;null;null;null;
1995-09-06;null;null;null;null;null;null;null;null;
1995-09-07;null;null;null;null;null;null;null;null;
1995-09-08;null;null;null;null;null;null;null;null;
1995-09-09;null;null;null;null;null;null;null;null;
1995-09-10;null;null;null;null;null;null;null;null;
1995-09-11;null;null;null;null;null;null;null;null;
1995-09-12;null;null;null;null;null;null;null;null;
1995-09-13;null;null;null;null;null;null;null;null;
1995-09-14;null;null;null;null;null;null;null;null;
1995-09-15;null;null;null;null;null;null;null;null;
1995-09-16;null;null;null;null;null;null;null;null;
1995-09-17;null;null;null;null;null;null;null;null;
1995-09-18;null;null;null;null;null;null;null;null;
1995-09-19;null;null;null;null;null;null;null;null;
1995-09-20;null;null;null;null;null;null;null;null;
1995-09-21;null;null;null;null;null;null;null;null;
1995-09-22;null;null;null;null;null;null;null;null;
1995-09-23;null;null;null;null;null;null;null;null;
1995-09-24;null;null;null;null;null;null;null;null;
1995-09-25;null;null;null;null;null;null;null;null;
1995-09-26;null;null;null;null;null;null;null;null;
1995-09-27;null;null;null;null;null;null;null;null;
1995-09-28;null;null;null;null;null;null;null;null;
1995-09-29;null;null;null;null;null;null;null;null;
1995-09-30;null;null;null;null;null;null;null;null;
1995-10-01;null;null;null;null;null;null;null;null;
1995-10-02;null;null;null;null;null;null;null;null;
1995-10-03;null;null;null;null;null;null;null;null;
1995-10-04;null;null;null;null;null;null;null;null;
1995-10-05;null;null;null;null;null;null;null;null;
1995-10-06;null;null;null;null;null;null;null;null;
1995-10-07;null;null;null;null;null;null;null;null;
1995-10-08;null;null;null;null;null;null;null;null;
1995-10-09;null;null;null;null;null;null;null;null;
1995-10-10;null;null;null;null;null;null;null;null;
1995-10-11;null;null;null;null;null;null;null;null;
1995-10-12;null;null;null;null;null;null;null;null;
1995-10-13;null;null;null;null;null;null;null;null;
1995-10-14;null;null;null;null;null;null;null;null;
1995-10-15;null;null;null;null;null;null;null;null;
1995-10-16;null;null;null;null;null;null;null;null;
1995-10-17;null;null;null;null;null;null;null;null;
1995-10-18;null;null;null;null;null;null;null;null;
1995-10-19;null;null;null;null;null;null;null;null;
1995-10-20;null;null;null;null;null;null;null;null;
1995-10-21;null;null;null;null;null;null;null;null;
1995-10-22;null;null;null;null;null;null;null;null;
1995-10-23;null;null;null;null;null;null;null;null;
1995-10-24;null;null;null;null;null;null;null;null;
1995-10-25;null;null;null;null;null;null;null;null;
1995-10-26;null;null;null;null;null;null;null;null;
1995-10-27;null;null;null;null;null;null;null;null;
1995-10-28;null;null;null;null;null;null;null;null;
1995-10-29;null;null;null;null;null;null;null;null;
1995-10-30;null;null;null;null;null;null;null;null;
1995-10-31;null;null;null;null;null;null;null;null;
1995-11-01;null;null;null;null;null;null;null;null;
1995-11-02;null;null;null;null;null;null;null;null;
1995-11-03;null;null;null;null;null;null;null;null;
1995-11-04;null;null;null;null;null;null;null;null;
1995-11-05;null;null;null;null;null;null;null;null;
1995-11-06;null;null;null;null;null;null;null;null;
1995-11-07;null;null;null;null;null;null;null;null;
1995-11-08;null;null;null;null;null;null;null;null;
1995-11-09;null;null;null;null;null;null;null;null;
1995-11-10;null;null;null;null;null;null;null;null;
1995-11-11;null;null;null;null;null;null;null;null;
1995-11-12;null;null;null;null;null;null;null;null;
1995-11-13;null;null;null;null;null;null;null;null;
1995-11-14;null;null;null;null;null;null;null;null;
1995-11-15;null;null;null;null;null;null;null;null;
1995-11-16;null;null;null;null;null;null;null;null;
1995-11-17;null;null;null;null;null;null;null;null;
1995-11-18;null;null;null;null;null;null;null;null;
1995-11-19;null;null;null;null;null;null;null;null;
1995-11-20;null;null;null;null;null;null;null;null;
1995-11-21;null;null;null;null;null;null;null;null;
1995-11-22;null;null;null;null;null;null;null;null;
1995-11-23;null;null;null;null;null;null;null;null;
1995-11-24;null;null;null;null;null;null;null;null;
1995-11-25;null;null;null;null;null;null;null;null;
1995-11-26;null;null;null;null;null;null;null;null;
1995-11-27;null;null;null;null;null;null;null;null;
1995-11-28;null;null;null;null;null;null;null;null;
1995-11-29;null;null;null;null;null;null;null;null;
1995-11-30;null;null;null;null;null;null;null;null;
1995-12-01;null;null;null;null;null;null;null;null;
1995-12-02;null;null;null;null;null;null;null;null;
1995-12-03;null;null;null;null;null;null;null;null;
1995-12-04;null;null;null;null;null;null;null;null;
1995-12-05;null;null;null;null;null;null;null;null;
1995-12-06;null;null;null;null;null;null;null;null;
1995-12-07;null;null;null;null;null;null;null;null;
1995-12-08;null;null;null;null;null;null;null;null;
1995-12-09;null;null;null;null;null;null;null;null;
1995-12-10;null;null;null;null;null;null;null;null;
1995-12-11;null;null;null;null;null;null;null;null;
1995-12-12;null;null;null;null;null;null;null;null;
1995-12-13;null;null;null;null;null;null;null;null;
1995-12-14;null;null;null;null;null;null;null;null;
1995-12-15;null;null;null;null;null;null;null;null;
1995-12-16;null;null;null;null;null;null;null;null;
1995-12-17;null;null;null;null;null;null;null;null;
1995-12-18;null;null;null;null;null;null;null;null;
1995-12-19;null;null;null;null;null;null;null;null;
1995-12-20;null;null;null;null;null;null;null;null;
1995-12-21;null;null;null;null;null;null;null;null;
1995-12-22;null;null;null;null;null;null;null;null;
1995-12-23;null;null;null;null;null;null;null;null;
1995-12-24;null;null;null;null;null;null;null;null;
1995-12-25;null;null;null;null;null;null;null;null;
1995-12-26;null;null;null;null;null;null;null;null;
1995-12-27;null;null;null;null;null;null;null;null;
1995-12-28;null;null;null;null;null;null;null;null;
1995-12-29;null;null;null;null;null;null;null;null;
1995-12-30;null;null;null;null;null;null;null;null;
1995-12-31;null;null;null;null;null;null;null;null;
1996-01-01;null;null;null;null;null;null;null;null;
1996-01-02;null;null;null;null;null;null;null;null;
1996-01-03;null;null;null;null;null;null;null;null;
1996-01-04;null;null;null;null;null;null;null;null;
1996-01-05;null;null;null;null;null;null;null;null;
1996-01-06;null;null;null;null;null;null;null;null;
1996-01-07;null;null;null;null;null;null;null;null;
1996-01-08;null;null;null;null;null;null;null;null;
1996-01-09;null;null;null;null;null;null;null;null;
1996-01-10;null;null;null;null;null;null;null;null;
1996-01-11;null;null;null;null;null;null;null;null;
1996-01-12;null;null;null;null;null;null;null;null;
1996-01-13;null;null;null;null;null;null;null;null;
1996-01-14;null;null;null;null;null;null;null;null;
1996-01-15;null;null;null;null;null;null;null;null;
1996-01-16;null;null;null;null;null;null;null;null;
1996-01-17;null;null;null;null;null;null;null;null;
1996-01-18;null;null;null;null;null;null;null;null;
1996-01-19;null;null;null;null;null;null;null;null;
1996-01-20;null;null;null;null;null;null;null;null;
1996-01-21;null;null;null;null;null;null;null;null;
1996-01-22;null;null;null;null;null;null;null;null;
1996-01-23;null;null;null;null;null;null;null;null;
1996-01-24;null;null;null;null;null;null;null;null;
1996-01-25;null;null;null;null;null;null;null;null;
1996-01-26;null;null;null;null;null;null;null;null;
1996-01-27;null;null;null;null;null;null;null;null;
1996-01-28;null;null;null;null;null;null;null;null;
1996-01-29;null;null;null;null;null;null;null;null;
1996-01-30;null;null;null;null;null;null;null;null;
1996-01-31;null;null;null;null;null;null;null;null;
1996-02-01;null;null;null;null;null;null;null;null;
1996-02-02;null;null;null;null;null;null;null;null;
1996-02-03;null;null;null;null;null;null;null;null;
1996-02-04;null;null;null;null;null;null;null;null;
1996-02-05;null;null;null;null;null;null;null;null;
1996-02-06;null;null;null;null;null;null;null;null;
1996-02-07;null;null;null;null;null;null;null;null;
1996-02-08;null;null;null;null;null;null;null;null;
1996-02-09;null;null;null;null;null;null;null;null;
1996-02-10;null;null;null;null;null;null;null;null;
1996-02-11;null;null;null;null;null;null;null;null;
1996-02-12;null;null;null;null;null;null;null;null;
1996-02-13;null;null;null;null;null;null;null;null;
1996-02-14;null;null;null;null;null;null;null;null;
1996-02-15;null;null;null;null;null;null;null;null;
1996-02-16;null;null;null;null;null;null;null;null;
1996-02-17;null;null;null;null;null;null;null;null;
1996-02-18;null;null;null;null;null;null;null;null;
1996-02-19;null;null;null;null;null;null;null;null;
1996-02-20;null;null;null;null;null;null;null;null;
1996-02-21;null;null;null;null;null;null;null;null;
1996-02-22;null;null;null;null;null;null;null;null;
1996-02-23;null;null;null;null;null;null;null;null;
1996-02-24;null;null;null;null;null;null;null;null;
1996-02-25;null;null;null;null;null;null;null;null;
1996-02-26;null;null;null;null;null;null;null;null;
1996-02-27;null;null;null;null;null;null;null;null;
1996-02-28;null;null;null;null;null;null;null;null;
1996-02-29;null;null;null;null;null;null;null;null;
1996-03-01;null;null;null;null;null;null;null;null;
1996-03-02;null;null;null;null;null;null;null;null;
1996-03-03;null;null;null;null;null;null;null;null;
1996-03-04;null;null;null;null;null;null;null;null;
1996-03-05;null;null;null;null;null;null;null;null;
1996-03-06;null;null;null;null;null;null;null;null;
1996-03-07;null;null;null;null;null;null;null;null;
1996-03-08;null;null;null;null;null;null;null;null;
1996-03-09;null;null;null;null;null;null;null;null;
1996-03-10;null;null;null;null;null;null;null;null;
1996-03-11;null;null;null;null;null;null;null;null;
1996-03-12;null;null;null;null;null;null;null;null;
1996-03-13;null;null;null;null;null;null;null;null;
1996-03-14;null;null;null;null;null;null;null;null;
1996-03-15;null;null;null;null;null;null;null;null;
1996-03-16;null;null;null;null;null;null;null;null;
1996-03-17;null;null;null;null;null;null;null;null;
1996-03-18;null;null;null;null;null;null;null;null;
1996-03-19;null;null;null;null;null;null;null;null;
1996-03-20;null;null;null;null;null;null;null;null;
1996-03-21;null;null;null;null;null;null;null;null;
1996-03-22;null;null;null;null;null;null;null;null;
1996-03-23;null;null;null;null;null;null;null;null;
1996-03-24;null;null;null;null;null;null;null;null;
1996-03-25;null;null;null;null;null;null;null;null;
1996-03-26;null;null;null;null;null;null;null;null;
1996-03-27;null;null;null;null;null;null;null;null;
1996-03-28;null;null;null;null;null;null;null;null;
1996-03-29;null;null;null;null;null;null;null;null;
1996-03-30;null;null;null;null;null;null;null;null;
1996-03-31;null;null;null;null;null;null;null;null;
1996-04-01;null;null;null;null;null;null;null;null;
1996-04-02;null;null;null;null;null;null;null;null;
1996-04-03;null;null;null;null;null;null;null;null;
1996-04-04;null;null;null;null;null;null;null;null;
1996-04-05;null;null;null;null;null;null;null;null;
1996-04-06;null;null;null;null;null;null;null;null;
1996-04-07;null;null;null;null;null;null;null;null;
1996-04-08;null;null;null;null;null;null;null;null;
1996-04-09;null;null;null;null;null;null;null;null;
1996-04-10;null;null;null;null;null;null;null;null;
1996-04-11;null;null;null;null;null;null;null;null;
1996-04-12;null;null;null;null;null;null;null;null;
1996-04-13;null;null;null;null;null;null;null;null;
1996-04-14;null;null;null;null;null;null;null;null;
1996-04-15;null;null;null;null;null;null;null;null;
1996-04-16;null;null;null;null;null;null;null;null;
1996-04-17;null;null;null;null;null;null;null;null;
1996-04-18;null;null;null;null;null;null;null;null;
1996-04-19;null;null;null;null;null;null;null;null;
1996-04-20;null;null;null;null;null;null;null;null;
1996-04-21;null;null;null;null;null;null;null;null;
1996-04-22;null;null;null;null;null;null;null;null;
1996-04-23;null;null;null;null;null;null;null;null;
1996-04-24;null;null;null;null;null;null;null;null;
1996-04-25;null;null;null;null;null;null;null;null;
1996-04-26;null;null;null;null;null;null;null;null;
1996-04-27;null;null;null;null;null;null;null;null;
1996-04-28;null;null;null;null;null;null;null;null;
1996-04-29;null;null;null;null;null;null;null;null;
1996-04-30;null;null;null;null;null;null;null;null;
1996-05-01;null;null;null;null;null;null;null;null;
1996-05-02;null;null;null;null;null;null;null;null;
1996-05-03;null;null;null;null;null;null;null;null;
1996-05-04;null;null;null;null;null;null;null;null;
1996-05-05;null;null;null;null;null;null;null;null;
1996-05-06;null;null;null;null;null;null;null;null;
1996-05-07;null;null;null;null;null;null;null;null;
1996-05-08;null;null;null;null;null;null;null;null;
1996-05-09;null;null;null;null;null;null;null;null;
1996-05-10;null;null;null;null;null;null;null;null;
1996-05-11;null;null;null;null;null;null;null;null;
1996-05-12;null;null;null;null;null;null;null;null;
1996-05-13;null;null;null;null;null;null;null;null;
1996-05-14;null;null;null;null;null;null;null;null;
1996-05-15;null;null;null;null;null;null;null;null;
1996-05-16;null;null;null;null;null;null;null;null;
1996-05-17;null;null;null;null;null;null;null;null;
1996-05-18;null;null;null;null;null;null;null;null;
1996-05-19;null;null;null;null;null;null;null;null;
1996-05-20;null;null;null;null;null;null;null;null;
1996-05-21;null;null;null;null;null;null;null;null;
1996-05-22;null;null;null;null;null;null;null;null;
1996-05-23;null;null;null;null;null;null;null;null;
1996-05-24;null;null;null;null;null;null;null;null;
1996-05-25;null;null;null;null;null;null;null;null;
1996-05-26;null;null;null;null;null;null;null;null;
1996-05-27;null;null;null;null;null;null;null;null;
1996-05-28;null;null;null;null;null;null;null;null;
1996-05-29;null;null;null;null;null;null;null;null;
1996-05-30;null;null;null;null;null;null;null;null;
1996-05-31;null;null;null;null;null;null;null;null;
1996-06-01;null;null;null;null;null;null;null;null;
1996-06-02;null;null;null;null;null;null;null;null;
1996-06-03;null;null;null;null;null;null;null;null;
1996-06-04;null;null;null;null;null;null;null;null;
1996-06-05;null;null;null;null;null;null;null;null;
1996-06-06;null;null;null;null;null;null;null;null;
1996-06-07;null;null;null;null;null;null;null;null;
1996-06-08;null;null;null;null;null;null;null;null;
1996-06-09;null;null;null;null;null;null;null;null;
1996-06-10;null;null;null;null;null;null;null;null;
1996-06-11;null;null;null;null;null;null;null;null;
1996-06-12;null;null;null;null;null;null;null;null;
1996-06-13;null;null;null;null;null;null;null;null;
1996-06-14;null;null;null;null;null;null;null;null;
1996-06-15;null;null;null;null;null;null;null;null;
1996-06-16;null;null;null;null;null;null;null;null;
1996-06-17;null;null;null;null;null;null;null;null;
1996-06-18;null;null;null;null;null;null;null;null;
1996-06-19;null;null;null;null;null;null;null;null;
1996-06-20;null;null;null;null;null;null;null;null;
1996-06-21;null;null;null;null;null;null;null;null;
1996-06-22;null;null;null;null;null;null;null;null;
1996-06-23;null;null;null;null;null;null;null;null;
1996-06-24;null;null;null;null;null;null;null;null;
1996-06-25;null;null;null;null;null;null;null;null;
1996-06-26;null;null;null;null;null;null;null;null;
1996-06-27;null;null;null;null;null;null;null;null;
1996-06-28;null;null;null;null;null;null;null;null;
1996-06-29;null;null;null;null;null;null;null;null;
1996-06-30;null;null;null;null;null;null;null;null;
1996-07-01;null;null;null;null;null;null;null;null;
1996-07-02;null;null;null;null;null;null;null;null;
1996-07-03;null;null;null;null;null;null;null;null;
1996-07-04;null;null;null;null;null;null;null;null;
1996-07-05;null;null;null;null;null;null;null;null;
1996-07-06;null;null;null;null;null;null;null;null;
1996-07-07;null;null;null;null;null;null;null;null;
1996-07-08;null;null;null;null;null;null;null;null;
1996-07-09;null;null;null;null;null;null;null;null;
1996-07-10;null;null;null;null;null;null;null;null;
1996-07-11;null;null;null;null;null;null;null;null;
1996-07-12;null;null;null;null;null;null;null;null;
1996-07-13;null;null;null;null;null;null;null;null;
1996-07-14;null;null;null;null;null;null;null;null;
1996-07-15;null;null;null;null;null;null;null;null;
1996-07-16;null;null;null;null;null;null;null;null;
1996-07-17;null;null;null;null;null;null;null;null;
1996-07-18;null;null;null;null;null;null;null;null;
1996-07-19;null;null;null;null;null;null;null;null;
1996-07-20;null;null;null;null;null;null;null;null;
1996-07-21;null;null;null;null;null;null;null;null;
1996-07-22;null;null;null;null;null;null;null;null;
1996-07-23;null;null;null;null;null;null;null;null;
1996-07-24;null;null;null;null;null;null;null;null;
1996-07-25;null;null;null;null;null;null;null;null;
1996-07-26;null;null;null;null;null;null;null;null;
1996-07-27;null;null;null;null;null;null;null;null;
1996-07-28;null;null;null;null;null;null;null;null;
1996-07-29;null;null;null;null;null;null;null;null;
1996-07-30;null;null;null;null;null;null;null;null;
1996-07-31;null;null;null;null;null;null;null;null;
1996-08-01;null;null;null;null;null;null;null;null;
1996-08-02;null;null;null;null;null;null;null;null;
1996-08-03;null;null;null;null;null;null;null;null;
1996-08-04;null;null;null;null;null;null;null;null;
1996-08-05;null;null;null;null;null;null;null;null;
1996-08-06;null;null;null;null;null;null;null;null;
1996-08-07;null;null;null;null;null;null;null;null;
1996-08-08;null;null;null;null;null;null;null;null;
1996-08-09;null;null;null;null;null;null;null;null;
1996-08-10;null;null;null;null;null;null;null;null;
1996-08-11;null;null;null;null;null;null;null;null;
1996-08-12;null;null;null;null;null;null;null;null;
1996-08-13;null;null;null;null;null;null;null;null;
1996-08-14;null;null;null;null;null;null;null;null;
1996-08-15;null;null;null;null;null;null;null;null;
1996-08-16;null;null;null;null;null;null;null;null;
1996-08-17;null;null;null;null;null;null;null;null;
1996-08-18;null;null;null;null;null;null;null;null;
1996-08-19;null;null;null;null;null;null;null;null;
1996-08-20;null;null;null;null;null;null;null;null;
1996-08-21;null;null;null;null;null;null;null;null;
1996-08-22;null;null;null;null;null;null;null;null;
1996-08-23;null;null;null;null;null;null;null;null;
1996-08-24;null;null;null;null;null;null;null;null;
1996-08-25;null;null;null;null;null;null;null;null;
1996-08-26;null;null;null;null;null;null;null;null;
1996-08-27;null;null;null;null;null;null;null;null;
1996-08-28;null;null;null;null;null;null;null;null;
1996-08-29;null;null;null;null;null;null;null;null;
1996-08-30;null;null;null;null;null;null;null;null;
1996-08-31;null;null;null;null;null;null;null;null;
1996-09-01;null;null;null;null;null;null;null;null;
1996-09-02;null;null;null;null;null;null;null;null;
1996-09-03;null;null;null;null;null;null;null;null;
1996-09-04;null;null;null;null;null;null;null;null;
1996-09-05;null;null;null;null;null;null;null;null;
1996-09-06;null;null;null;null;null;null;null;null;
1996-09-07;null;null;null;null;null;null;null;null;
1996-09-08;null;null;null;null;null;null;null;null;
1996-09-09;null;null;null;null;null;null;null;null;
1996-09-10;null;null;null;null;null;null;null;null;
1996-09-11;null;null;null;null;null;null;null;null;
1996-09-12;null;null;null;null;null;null;null;null;
1996-09-13;null;null;null;null;null;null;null;null;
1996-09-14;null;null;null;null;null;null;null;null;
1996-09-15;null;null;null;null;null;null;null;null;
1996-09-16;null;null;null;null;null;null;null;null;
1996-09-17;null;null;null;null;null;null;null;null;
1996-09-18;null;null;null;null;null;null;null;null;
1996-09-19;null;null;null;null;null;null;null;null;
1996-09-20;null;null;null;null;null;null;null;null;
1996-09-21;null;null;null;null;null;null;null;null;
1996-09-22;null;null;null;null;null;null;null;null;
1996-09-23;null;null;null;null;null;null;null;null;
1996-09-24;null;null;null;null;null;null;null;null;
1996-09-25;null;null;null;null;null;null;null;null;
1996-09-26;null;null;null;null;null;null;null;null;
1996-09-27;null;null;null;null;null;null;null;null;
1996-09-28;null;null;null;null;null;null;null;null;
1996-09-29;null;null;null;null;null;null;null;null;
1996-09-30;null;null;null;null;null;null;null;null;
1996-10-01;null;null;null;null;null;null;null;null;
1996-10-02;null;null;null;null;null;null;null;null;
1996-10-03;null;null;null;null;null;null;null;null;
1996-10-04;null;null;null;null;null;null;null;null;
1996-10-05;null;null;null;null;null;null;null;null;
1996-10-06;null;null;null;null;null;null;null;null;
1996-10-07;null;null;null;null;null;null;null;null;
1996-10-08;null;null;null;null;null;null;null;null;
1996-10-09;null;null;null;null;null;null;null;null;
1996-10-10;null;null;null;null;null;null;null;null;
1996-10-11;null;null;null;null;null;null;null;null;
1996-10-12;null;null;null;null;null;null;null;null;
1996-10-13;null;null;null;null;null;null;null;null;
1996-10-14;null;null;null;null;null;null;null;null;
1996-10-15;null;null;null;null;null;null;null;null;
1996-10-16;null;null;null;null;null;null;null;null;
1996-10-17;null;null;null;null;null;null;null;null;
1996-10-18;null;null;null;null;null;null;null;null;
1996-10-19;null;null;null;null;null;null;null;null;
1996-10-20;null;null;null;null;null;null;null;null;
1996-10-21;null;null;null;null;null;null;null;null;
1996-10-22;null;null;null;null;null;null;null;null;
1996-10-23;null;null;null;null;null;null;null;null;
1996-10-24;null;null;null;null;null;null;null;null;
1996-10-25;null;null;null;null;null;null;null;null;
1996-10-26;null;null;null;null;null;null;null;null;
1996-10-27;null;null;null;null;null;null;null;null;
1996-10-28;null;null;null;null;null;null;null;null;
1996-10-29;null;null;null;null;null;null;null;null;
1996-10-30;null;null;null;null;null;null;null;null;
1996-10-31;null;null;null;null;null;null;null;null;
1996-11-01;null;null;null;null;null;null;null;null;
1996-11-02;null;null;null;null;null;null;null;null;
1996-11-03;null;null;null;null;null;null;null;null;
1996-11-04;null;null;null;null;null;null;null;null;
1996-11-05;null;null;null;null;null;null;null;null;
1996-11-06;null;null;null;null;null;null;null;null;
1996-11-07;null;null;null;null;null;null;null;null;
1996-11-08;null;null;null;null;null;null;null;null;
1996-11-09;null;null;null;null;null;null;null;null;
1996-11-10;null;null;null;null;null;null;null;null;
1996-11-11;null;null;null;null;null;null;null;null;
1996-11-12;null;null;null;null;null;null;null;null;
1996-11-13;null;null;null;null;null;null;null;null;
1996-11-14;null;null;null;null;null;null;null;null;
1996-11-15;null;null;null;null;null;null;null;null;
1996-11-16;null;null;null;null;null;null;null;null;
1996-11-17;null;null;null;null;null;null;null;null;
1996-11-18;null;null;null;null;null;null;null;null;
1996-11-19;null;null;null;null;null;null;null;null;
1996-11-20;null;null;null;null;null;null;null;null;
1996-11-21;null;null;null;null;null;null;null;null;
1996-11-22;null;null;null;null;null;null;null;null;
1996-11-23;null;null;null;null;null;null;null;null;
1996-11-24;null;null;null;null;null;null;null;null;
1996-11-25;null;null;null;null;null;null;null;null;
1996-11-26;null;null;null;null;null;null;null;null;
1996-11-27;null;null;null;null;null;null;null;null;
1996-11-28;null;null;null;null;null;null;null;null;
1996-11-29;null;null;null;null;null;null;null;null;
1996-11-30;null;null;null;null;null;null;null;null;
1996-12-01;null;null;null;null;null;null;null;null;
1996-12-02;null;null;null;null;null;null;null;null;
1996-12-03;null;null;null;null;null;null;null;null;
1996-12-04;null;null;null;null;null;null;null;null;
1996-12-05;null;null;null;null;null;null;null;null;
1996-12-06;null;null;null;null;null;null;null;null;
1996-12-07;null;null;null;null;null;null;null;null;
1996-12-08;null;null;null;null;null;null;null;null;
1996-12-09;null;null;null;null;null;null;null;null;
1996-12-10;null;null;null;null;null;null;null;null;
1996-12-11;null;null;null;null;null;null;null;null;
1996-12-12;null;null;null;null;null;null;null;null;
1996-12-13;null;null;null;null;null;null;null;null;
1996-12-14;null;null;null;null;null;null;null;null;
1996-12-15;null;null;null;null;null;null;null;null;
1996-12-16;null;null;null;null;null;null;null;null;
1996-12-17;null;null;null;null;null;null;null;null;
1996-12-18;null;null;null;null;null;null;null;null;
1996-12-19;null;null;null;null;null;null;null;null;
1996-12-20;null;null;null;null;null;null;null;null;
1996-12-21;null;null;null;null;null;null;null;null;
1996-12-22;null;null;null;null;null;null;null;null;
1996-12-23;null;null;null;null;null;null;null;null;
1996-12-24;null;null;null;null;null;null;null;null;
1996-12-25;null;null;null;null;null;null;null;null;
1996-12-26;null;null;null;null;null;null;null;null;
1996-12-27;null;null;null;null;null;null;null;null;
1996-12-28;null;null;null;null;null;null;null;null;
1996-12-29;null;null;null;null;null;null;null;null;
1996-12-30;null;null;null;null;null;null;null;null;
1996-12-31;null;null;null;null;null;null;null;null;
1997-01-01;null;null;null;null;null;null;null;null;
1997-01-02;null;null;null;null;null;null;null;null;
1997-01-03;null;null;null;null;null;null;null;null;
1997-01-04;null;null;null;null;null;null;null;null;
1997-01-05;null;null;null;null;null;null;null;null;
1997-01-06;null;null;null;null;null;null;null;null;
1997-01-07;null;null;null;null;null;null;null;null;
1997-01-08;null;null;null;null;null;null;null;null;
1997-01-09;null;null;null;null;null;null;null;null;
1997-01-10;null;null;null;null;null;null;null;null;
1997-01-11;null;null;null;null;null;null;null;null;
1997-01-12;null;null;null;null;null;null;null;null;
1997-01-13;null;null;null;null;null;null;null;null;
1997-01-14;null;null;null;null;null;null;null;null;
1997-01-15;null;null;null;null;null;null;null;null;
1997-01-16;null;null;null;null;null;null;null;null;
1997-01-17;null;null;null;null;null;null;null;null;
1997-01-18;null;null;null;null;null;null;null;null;
1997-01-19;null;null;null;null;null;null;null;null;
1997-01-20;null;null;null;null;null;null;null;null;
1997-01-21;null;null;null;null;null;null;null;null;
1997-01-22;null;null;null;null;null;null;null;null;
1997-01-23;null;null;null;null;null;null;null;null;
1997-01-24;null;null;null;null;null;null;null;null;
1997-01-25;null;null;null;null;null;null;null;null;
1997-01-26;null;null;null;null;null;null;null;null;
1997-01-27;null;null;null;null;null;null;null;null;
1997-01-28;null;null;null;null;null;null;null;null;
1997-01-29;null;null;null;null;null;null;null;null;
1997-01-30;null;null;null;null;null;null;null;null;
1997-01-31;null;null;null;null;null;null;null;null;
1997-02-01;null;null;null;null;null;null;null;null;
1997-02-02;null;null;null;null;null;null;null;null;
1997-02-03;null;null;null;null;null;null;null;null;
1997-02-04;null;null;null;null;null;null;null;null;
1997-02-05;null;null;null;null;null;null;null;null;
1997-02-06;null;null;null;null;null;null;null;null;
1997-02-07;null;null;null;null;null;null;null;null;
1997-02-08;null;null;null;null;null;null;null;null;
1997-02-09;null;null;null;null;null;null;null;null;
1997-02-10;null;null;null;null;null;null;null;null;
1997-02-11;null;null;null;null;null;null;null;null;
1997-02-12;null;null;null;null;null;null;null;null;
1997-02-13;null;null;null;null;null;null;null;null;
1997-02-14;null;null;null;null;null;null;null;null;
1997-02-15;null;null;null;null;null;null;null;null;
1997-02-16;null;null;null;null;null;null;null;null;
1997-02-17;null;null;null;null;null;null;null;null;
1997-02-18;null;null;null;null;null;null;null;null;
1997-02-19;null;null;null;null;null;null;null;null;
1997-02-20;null;null;null;null;null;null;null;null;
1997-02-21;null;null;null;null;null;null;null;null;
1997-02-22;null;null;null;null;null;null;null;null;
1997-02-23;null;null;null;null;null;null;null;null;
1997-02-24;null;null;null;null;null;null;null;null;
1997-02-25;null;null;null;null;null;null;null;null;
1997-02-26;null;null;null;null;null;null;null;null;
1997-02-27;null;null;null;null;null;null;null;null;
1997-02-28;null;null;null;null;null;null;null;null;
1997-03-01;null;null;null;null;null;null;null;null;
1997-03-02;null;null;null;null;null;null;null;null;
1997-03-03;null;null;null;null;null;null;null;null;
1997-03-04;null;null;null;null;null;null;null;null;
1997-03-05;null;null;null;null;null;null;null;null;
1997-03-06;null;null;null;null;null;null;null;null;
1997-03-07;null;null;null;null;null;null;null;null;
1997-03-08;null;null;null;null;null;null;null;null;
1997-03-09;null;null;null;null;null;null;null;null;
1997-03-10;null;null;null;null;null;null;null;null;
1997-03-11;null;null;null;null;null;null;null;null;
1997-03-12;null;null;null;null;null;null;null;null;
1997-03-13;null;null;null;null;null;null;null;null;
1997-03-14;null;null;null;null;null;null;null;null;
1997-03-15;null;null;null;null;null;null;null;null;
1997-03-16;null;null;null;null;null;null;null;null;
1997-03-17;null;null;null;null;null;null;null;null;
1997-03-18;null;null;null;null;null;null;null;null;
1997-03-19;null;null;null;null;null;null;null;null;
1997-03-20;null;null;null;null;null;null;null;null;
1997-03-21;null;null;null;null;null;null;null;null;
1997-03-22;null;null;null;null;null;null;null;null;
1997-03-23;null;null;null;null;null;null;null;null;
1997-03-24;null;null;null;null;null;null;null;null;
1997-03-25;null;null;null;null;null;null;null;null;
1997-03-26;null;null;null;null;null;null;null;null;
1997-03-27;null;null;null;null;null;null;null;null;
1997-03-28;null;null;null;null;null;null;null;null;
1997-03-29;null;null;null;null;null;null;null;null;
1997-03-30;null;null;null;null;null;null;null;null;
1997-03-31;null;null;null;null;null;null;null;null;
1997-04-01;null;null;null;null;null;null;null;null;
1997-04-02;null;null;null;null;null;null;null;null;
1997-04-03;null;null;null;null;null;null;null;null;
1997-04-04;null;null;null;null;null;null;null;null;
1997-04-05;null;null;null;null;null;null;null;null;
1997-04-06;null;null;null;null;null;null;null;null;
1997-04-07;null;null;null;null;null;null;null;null;
1997-04-08;null;null;null;null;null;null;null;null;
1997-04-09;null;null;null;null;null;null;null;null;
1997-04-10;null;null;null;null;null;null;null;null;
1997-04-11;null;null;null;null;null;null;null;null;
1997-04-12;null;null;null;null;null;null;null;null;
1997-04-13;null;null;null;null;null;null;null;null;
1997-04-14;null;null;null;null;null;null;null;null;
1997-04-15;null;null;null;null;null;null;null;null;
1997-04-16;null;null;null;null;null;null;null;null;
1997-04-17;null;null;null;null;null;null;null;null;
1997-04-18;null;null;null;null;null;null;null;null;
1997-04-19;null;null;null;null;null;null;null;null;
1997-04-20;null;null;null;null;null;null;null;null;
1997-04-21;null;null;null;null;null;null;null;null;
1997-04-22;null;null;null;null;null;null;null;null;
1997-04-23;null;null;null;null;null;null;null;null;
1997-04-24;null;null;null;null;null;null;null;null;
1997-04-25;null;null;null;null;null;null;null;null;
1997-04-26;null;null;null;null;null;null;null;null;
1997-04-27;null;null;null;null;null;null;null;null;
1997-04-28;null;null;null;null;null;null;null;null;
1997-04-29;null;null;null;null;null;null;null;null;
1997-04-30;null;null;null;null;null;null;null;null;
1997-05-01;null;null;null;null;null;null;null;null;
1997-05-02;null;null;null;null;null;null;null;null;
1997-05-03;null;null;null;null;null;null;null;null;
1997-05-04;null;null;null;null;null;null;null;null;
1997-05-05;null;null;null;null;null;null;null;null;
1997-05-06;null;null;null;null;null;null;null;null;
1997-05-07;null;null;null;null;null;null;null;null;
1997-05-08;null;null;null;null;null;null;null;null;
1997-05-09;null;null;null;null;null;null;null;null;
1997-05-10;null;null;null;null;null;null;null;null;
1997-05-11;null;null;null;null;null;null;null;null;
1997-05-12;null;null;null;null;null;null;null;null;
1997-05-13;null;null;null;null;null;null;null;null;
1997-05-14;null;null;null;null;null;null;null;null;
1997-05-15;null;null;null;null;null;null;null;null;
1997-05-16;null;null;null;null;null;null;null;null;
1997-05-17;null;null;null;null;null;null;null;null;
1997-05-18;null;null;null;null;null;null;null;null;
1997-05-19;null;null;null;null;null;null;null;null;
1997-05-20;null;null;null;null;null;null;null;null;
1997-05-21;null;null;null;null;null;null;null;null;
1997-05-22;null;null;null;null;null;null;null;null;
1997-05-23;null;null;null;null;null;null;null;null;
1997-05-24;null;null;null;null;null;null;null;null;
1997-05-25;null;null;null;null;null;null;null;null;
1997-05-26;null;null;null;null;null;null;null;null;
1997-05-27;null;null;null;null;null;null;null;null;
1997-05-28;null;null;null;null;null;null;null;null;
1997-05-29;null;null;null;null;null;null;null;null;
1997-05-30;null;null;null;null;null;null;null;null;
1997-05-31;null;null;null;null;null;null;null;null;
1997-06-01;null;null;null;null;null;null;null;null;
1997-06-02;null;null;null;null;null;null;null;null;
1997-06-03;null;null;null;null;null;null;null;null;
1997-06-04;null;null;null;null;null;null;null;null;
1997-06-05;null;null;null;null;null;null;null;null;
1997-06-06;null;null;null;null;null;null;null;null;
1997-06-07;null;null;null;null;null;null;null;null;
1997-06-08;null;null;null;null;null;null;null;null;
1997-06-09;null;null;null;null;null;null;null;null;
1997-06-10;null;null;null;null;null;null;null;null;
1997-06-11;null;null;null;null;null;null;null;null;
1997-06-12;null;null;null;null;null;null;null;null;
1997-06-13;null;null;null;null;null;null;null;null;
1997-06-14;null;null;null;null;null;null;null;null;
1997-06-15;null;null;null;null;null;null;null;null;
1997-06-16;null;null;null;null;null;null;null;null;
1997-06-17;null;null;null;null;null;null;null;null;
1997-06-18;null;null;null;null;null;null;null;null;
1997-06-19;null;null;null;null;null;null;null;null;
1997-06-20;null;null;null;null;null;null;null;null;
1997-06-21;null;null;null;null;null;null;null;null;
1997-06-22;null;null;null;null;null;null;null;null;
1997-06-23;null;null;null;null;null;null;null;null;
1997-06-24;null;null;null;null;null;null;null;null;
1997-06-25;null;null;null;null;null;null;null;null;
1997-06-26;null;null;null;null;null;null;null;null;
1997-06-27;null;null;null;null;null;null;null;null;
1997-06-28;null;null;null;null;null;null;null;null;
1997-06-29;null;null;null;null;null;null;null;null;
1997-06-30;null;null;null;null;null;null;null;null;
1997-07-01;null;null;null;null;null;null;null;null;
1997-07-02;null;null;null;null;null;null;null;null;
1997-07-03;null;null;null;null;null;null;null;null;
1997-07-04;null;null;null;null;null;null;null;null;
1997-07-05;null;null;null;null;null;null;null;null;
1997-07-06;null;null;null;null;null;null;null;null;
1997-07-07;null;null;null;null;null;null;null;null;
1997-07-08;null;null;null;null;null;null;null;null;
1997-07-09;null;null;null;null;null;null;null;null;
1997-07-10;null;null;null;null;null;null;null;null;
1997-07-11;null;null;null;null;null;null;null;null;
1997-07-12;null;null;null;null;null;null;null;null;
1997-07-13;null;null;null;null;null;null;null;null;
1997-07-14;null;null;null;null;null;null;null;null;
1997-07-15;null;null;null;null;null;null;null;null;
1997-07-16;null;null;null;null;null;null;null;null;
1997-07-17;null;null;null;null;null;null;null;null;
1997-07-18;null;null;null;null;null;null;null;null;
1997-07-19;null;null;null;null;null;null;null;null;
1997-07-20;null;null;null;null;null;null;null;null;
1997-07-21;null;null;null;null;null;null;null;null;
1997-07-22;null;null;null;null;null;null;null;null;
1997-07-23;null;null;null;null;null;null;null;null;
1997-07-24;null;null;null;null;null;null;null;null;
1997-07-25;null;null;null;null;null;null;null;null;
1997-07-26;null;null;null;null;null;null;null;null;
1997-07-27;null;null;null;null;null;null;null;null;
1997-07-28;null;null;null;null;null;null;null;null;
1997-07-29;null;null;null;null;null;null;null;null;
1997-07-30;null;null;null;null;null;null;null;null;
1997-07-31;null;null;null;null;null;null;null;null;
1997-08-01;null;null;null;null;null;null;null;null;
1997-08-02;null;null;null;null;null;null;null;null;
1997-08-03;null;null;null;null;null;null;null;null;
1997-08-04;null;null;null;null;null;null;null;null;
1997-08-05;null;null;null;null;null;null;null;null;
1997-08-06;null;null;null;null;null;null;null;null;
1997-08-07;null;null;null;null;null;null;null;null;
1997-08-08;null;null;null;null;null;null;null;null;
1997-08-09;null;null;null;null;null;null;null;null;
1997-08-10;null;null;null;null;null;null;null;null;
1997-08-11;null;null;null;null;null;null;null;null;
1997-08-12;null;null;null;null;null;null;null;null;
1997-08-13;null;null;null;null;null;null;null;null;
1997-08-14;null;null;null;null;null;null;null;null;
1997-08-15;null;null;null;null;null;null;null;null;
1997-08-16;null;null;null;null;null;null;null;null;
1997-08-17;null;null;null;null;null;null;null;null;
1997-08-18;null;null;null;null;null;null;null;null;
1997-08-19;null;null;null;null;null;null;null;null;
1997-08-20;null;null;null;null;null;null;null;null;
1997-08-21;null;null;null;null;null;null;null;null;
1997-08-22;null;null;null;null;null;null;null;null;
1997-08-23;null;null;null;null;null;null;null;null;
1997-08-24;null;null;null;null;null;null;null;null;
1997-08-25;null;null;null;null;null;null;null;null;
1997-08-26;null;null;null;null;null;null;null;null;
1997-08-27;null;null;null;null;null;null;null;null;
1997-08-28;null;null;null;null;null;null;null;null;
1997-08-29;null;null;null;null;null;null;null;null;
1997-08-30;null;null;null;null;null;null;null;null;
1997-08-31;null;null;null;null;null;null;null;null;
1997-09-01;null;null;null;null;null;null;null;null;
1997-09-02;null;null;null;null;null;null;null;null;
1997-09-03;null;null;null;null;null;null;null;null;
1997-09-04;null;null;null;null;null;null;null;null;
1997-09-05;null;null;null;null;null;null;null;null;
1997-09-06;null;null;null;null;null;null;null;null;
1997-09-07;null;null;null;null;null;null;null;null;
1997-09-08;null;null;null;null;null;null;null;null;
1997-09-09;null;null;null;null;null;null;null;null;
1997-09-10;null;null;null;null;null;null;null;null;
1997-09-11;null;null;null;null;null;null;null;null;
1997-09-12;null;null;null;null;null;null;null;null;
1997-09-13;null;null;null;null;null;null;null;null;
1997-09-14;null;null;null;null;null;null;null;null;
1997-09-15;null;null;null;null;null;null;null;null;
1997-09-16;null;null;null;null;null;null;null;null;
1997-09-17;null;null;null;null;null;null;null;null;
1997-09-18;null;null;null;null;null;null;null;null;
1997-09-19;null;null;null;null;null;null;null;null;
1997-09-20;null;null;null;null;null;null;null;null;
1997-09-21;null;null;null;null;null;null;null;null;
1997-09-22;null;null;null;null;null;null;null;null;
1997-09-23;null;null;null;null;null;null;null;null;
1997-09-24;null;null;null;null;null;null;null;null;
1997-09-25;null;null;null;null;null;null;null;null;
1997-09-26;null;null;null;null;null;null;null;null;
1997-09-27;null;null;null;null;null;null;null;null;
1997-09-28;null;null;null;null;null;null;null;null;
1997-09-29;null;null;null;null;null;null;null;null;
1997-09-30;null;null;null;null;null;null;null;null;
1997-10-01;null;null;null;null;null;null;null;null;
1997-10-02;null;null;null;null;null;null;null;null;
1997-10-03;null;null;null;null;null;null;null;null;
1997-10-04;null;null;null;null;null;null;null;null;
1997-10-05;null;null;null;null;null;null;null;null;
1997-10-06;null;null;null;null;null;null;null;null;
1997-10-07;null;null;null;null;null;null;null;null;
1997-10-08;null;null;null;null;null;null;null;null;
1997-10-09;null;null;null;null;null;null;null;null;
1997-10-10;null;null;null;null;null;null;null;null;
1997-10-11;null;null;null;null;null;null;null;null;
1997-10-12;null;null;null;null;null;null;null;null;
1997-10-13;null;null;null;null;null;null;null;null;
1997-10-14;null;null;null;null;null;null;null;null;
1997-10-15;null;null;null;null;null;null;null;null;
1997-10-16;null;null;null;null;null;null;null;null;
1997-10-17;null;null;null;null;null;null;null;null;
1997-10-18;null;null;null;null;null;null;null;null;
1997-10-19;null;null;null;null;null;null;null;null;
1997-10-20;null;null;null;null;null;null;null;null;
1997-10-21;null;null;null;null;null;null;null;null;
1997-10-22;null;null;null;null;null;null;null;null;
1997-10-23;null;null;null;null;null;null;null;null;
1997-10-24;null;null;null;null;null;null;null;null;
1997-10-25;null;null;null;null;null;null;null;null;
1997-10-26;null;null;null;null;null;null;null;null;
1997-10-27;null;null;null;null;null;null;null;null;
1997-10-28;null;null;null;null;null;null;null;null;
1997-10-29;null;null;null;null;null;null;null;null;
1997-10-30;null;null;null;null;null;null;null;null;
1997-10-31;null;null;null;null;null;null;null;null;
1997-11-01;null;null;null;null;null;null;null;null;
1997-11-02;null;null;null;null;null;null;null;null;
1997-11-03;null;null;null;null;null;null;null;null;
1997-11-04;null;null;null;null;null;null;null;null;
1997-11-05;null;null;null;null;null;null;null;null;
1997-11-06;null;null;null;null;null;null;null;null;
1997-11-07;null;null;null;null;null;null;null;null;
1997-11-08;null;null;null;null;null;null;null;null;
1997-11-09;null;null;null;null;null;null;null;null;
1997-11-10;null;null;null;null;null;null;null;null;
1997-11-11;null;null;null;null;null;null;null;null;
1997-11-12;null;null;null;null;null;null;null;null;
1997-11-13;null;null;null;null;null;null;null;null;
1997-11-14;null;null;null;null;null;null;null;null;
1997-11-15;null;null;null;null;null;null;null;null;
1997-11-16;null;null;null;null;null;null;null;null;
1997-11-17;null;null;null;null;null;null;null;null;
1997-11-18;null;null;null;null;null;null;null;null;
1997-11-19;null;null;null;null;null;null;null;null;
1997-11-20;null;null;null;null;null;null;null;null;
1997-11-21;null;null;null;null;null;null;null;null;
1997-11-22;null;null;null;null;null;null;null;null;
1997-11-23;null;null;null;null;null;null;null;null;
1997-11-24;null;null;null;null;null;null;null;null;
1997-11-25;null;null;null;null;null;null;null;null;
1997-11-26;null;null;null;null;null;null;null;null;
1997-11-27;null;null;null;null;null;null;null;null;
1997-11-28;null;null;null;null;null;null;null;null;
1997-11-29;null;null;null;null;null;null;null;null;
1997-11-30;null;null;null;null;null;null;null;null;
1997-12-01;null;null;null;null;null;null;null;null;
1997-12-02;null;null;null;null;null;null;null;null;
1997-12-03;null;null;null;null;null;null;null;null;
1997-12-04;null;null;null;null;null;null;null;null;
1997-12-05;null;null;null;null;null;null;null;null;
1997-12-06;null;null;null;null;null;null;null;null;
1997-12-07;null;null;null;null;null;null;null;null;
1997-12-08;null;null;null;null;null;null;null;null;
1997-12-09;null;null;null;null;null;null;null;null;
1997-12-10;null;null;null;null;null;null;null;null;
1997-12-11;null;null;null;null;null;null;null;null;
1997-12-12;null;null;null;null;null;null;null;null;
1997-12-13;null;null;null;null;null;null;null;null;
1997-12-14;null;null;null;null;null;null;null;null;
1997-12-15;null;null;null;null;null;null;null;null;
1997-12-16;null;null;null;null;null;null;null;null;
1997-12-17;null;null;null;null;null;null;null;null;
1997-12-18;null;null;null;null;null;null;null;null;
1997-12-19;null;null;null;null;null;null;null;null;
1997-12-20;null;null;null;null;null;null;null;null;
1997-12-21;null;null;null;null;null;null;null;null;
1997-12-22;null;null;null;null;null;null;null;null;
1997-12-23;null;null;null;null;null;null;null;null;
1997-12-24;null;null;null;null;null;null;null;null;
1997-12-25;null;null;null;null;null;null;null;null;
1997-12-26;null;null;null;null;null;null;null;null;
1997-12-27;null;null;null;null;null;null;null;null;
1997-12-28;null;null;null;null;null;null;null;null;
1997-12-29;null;null;null;null;null;null;null;null;
1997-12-30;null;null;null;null;null;null;null;null;
1997-12-31;null;null;null;null;null;null;null;null;
1998-01-01;null;null;null;null;null;null;null;null;
1998-01-02;null;null;null;null;null;null;null;null;
1998-01-03;null;null;null;null;null;null;null;null;
1998-01-04;null;null;null;null;null;null;null;null;
1998-01-05;null;null;null;null;null;null;null;null;
1998-01-06;null;null;null;null;null;null;null;null;
1998-01-07;null;null;null;null;null;null;null;null;
1998-01-08;null;null;null;null;null;null;null;null;
1998-01-09;null;null;null;null;null;null;null;null;
1998-01-10;null;null;null;null;null;null;null;null;
1998-01-11;null;null;null;null;null;null;null;null;
1998-01-12;null;null;null;null;null;null;null;null;
1998-01-13;null;null;null;null;null;null;null;null;
1998-01-14;null;null;null;null;null;null;null;null;
1998-01-15;null;null;null;null;null;null;null;null;
1998-01-16;null;null;null;null;null;null;null;null;
1998-01-17;null;null;null;null;null;null;null;null;
1998-01-18;null;null;null;null;null;null;null;null;
1998-01-19;null;null;null;null;null;null;null;null;
1998-01-20;null;null;null;null;null;null;null;null;
1998-01-21;null;null;null;null;null;null;null;null;
1998-01-22;null;null;null;null;null;null;null;null;
1998-01-23;null;null;null;null;null;null;null;null;
1998-01-24;null;null;null;null;null;null;null;null;
1998-01-25;null;null;null;null;null;null;null;null;
1998-01-26;null;null;null;null;null;null;null;null;
1998-01-27;null;null;null;null;null;null;null;null;
1998-01-28;null;null;null;null;null;null;null;null;
1998-01-29;null;null;null;null;null;null;null;null;
1998-01-30;null;null;null;null;null;null;null;null;
1998-01-31;null;null;null;null;null;null;null;null;
1998-02-01;null;null;null;null;null;null;null;null;
1998-02-02;null;null;null;null;null;null;null;null;
1998-02-03;null;null;null;null;null;null;null;null;
1998-02-04;null;null;null;null;null;null;null;null;
1998-02-05;null;null;null;null;null;null;null;null;
1998-02-06;null;null;null;null;null;null;null;null;
1998-02-07;null;null;null;null;null;null;null;null;
1998-02-08;null;null;null;null;null;null;null;null;
1998-02-09;null;null;null;null;null;null;null;null;
1998-02-10;null;null;null;null;null;null;null;null;
1998-02-11;null;null;null;null;null;null;null;null;
1998-02-12;null;null;null;null;null;null;null;null;
1998-02-13;null;null;null;null;null;null;null;null;
1998-02-14;null;null;null;null;null;null;null;null;
1998-02-15;null;null;null;null;null;null;null;null;
1998-02-16;null;null;null;null;null;null;null;null;
1998-02-17;null;null;null;null;null;null;null;null;
1998-02-18;null;null;null;null;null;null;null;null;
1998-02-19;null;null;null;null;null;null;null;null;
1998-02-20;null;null;null;null;null;null;null;null;
1998-02-21;null;null;null;null;null;null;null;null;
1998-02-22;null;null;null;null;null;null;null;null;
1998-02-23;null;null;null;null;null;null;null;null;
1998-02-24;null;null;null;null;null;null;null;null;
1998-02-25;null;null;null;null;null;null;null;null;
1998-02-26;null;null;null;null;null;null;null;null;
1998-02-27;null;null;null;null;null;null;null;null;
1998-02-28;null;null;null;null;null;null;null;null;
1998-03-01;null;null;null;null;null;null;null;null;
1998-03-02;null;null;null;null;null;null;null;null;
1998-03-03;null;null;null;null;null;null;null;null;
1998-03-04;null;null;null;null;null;null;null;null;
1998-03-05;null;null;null;null;null;null;null;null;
1998-03-06;null;null;null;null;null;null;null;null;
1998-03-07;null;null;null;null;null;null;null;null;
1998-03-08;null;null;null;null;null;null;null;null;
1998-03-09;null;null;null;null;null;null;null;null;
1998-03-10;null;null;null;null;null;null;null;null;
1998-03-11;null;null;null;null;null;null;null;null;
1998-03-12;null;null;null;null;null;null;null;null;
1998-03-13;null;null;null;null;null;null;null;null;
1998-03-14;null;null;null;null;null;null;null;null;
1998-03-15;null;null;null;null;null;null;null;null;
1998-03-16;null;null;null;null;null;null;null;null;
1998-03-17;null;null;null;null;null;null;null;null;
1998-03-18;null;null;null;null;null;null;null;null;
1998-03-19;null;null;null;null;null;null;null;null;
1998-03-20;null;null;null;null;null;null;null;null;
1998-03-21;null;null;null;null;null;null;null;null;
1998-03-22;null;null;null;null;null;null;null;null;
1998-03-23;null;null;null;null;null;null;null;null;
1998-03-24;null;null;null;null;null;null;null;null;
1998-03-25;null;null;null;null;null;null;null;null;
1998-03-26;null;null;null;null;null;null;null;null;
1998-03-27;null;null;null;null;null;null;null;null;
1998-03-28;null;null;null;null;null;null;null;null;
1998-03-29;null;null;null;null;null;null;null;null;
1998-03-30;null;null;null;null;null;null;null;null;
1998-03-31;null;null;null;null;null;null;null;null;
1998-04-01;null;null;null;null;null;null;null;null;
1998-04-02;null;null;null;null;null;null;null;null;
1998-04-03;null;null;null;null;null;null;null;null;
1998-04-04;null;null;null;null;null;null;null;null;
1998-04-05;null;null;null;null;null;null;null;null;
1998-04-06;null;null;null;null;null;null;null;null;
1998-04-07;null;null;null;null;null;null;null;null;
1998-04-08;null;null;null;null;null;null;null;null;
1998-04-09;null;null;null;null;null;null;null;null;
1998-04-10;null;null;null;null;null;null;null;null;
1998-04-11;null;null;null;null;null;null;null;null;
1998-04-12;null;null;null;null;null;null;null;null;
1998-04-13;null;null;null;null;null;null;null;null;
1998-04-14;null;null;null;null;null;null;null;null;
1998-04-15;null;null;null;null;null;null;null;null;
1998-04-16;null;null;null;null;null;null;null;null;
1998-04-17;null;null;null;null;null;null;null;null;
1998-04-18;null;null;null;null;null;null;null;null;
1998-04-19;null;null;null;null;null;null;null;null;
1998-04-20;null;null;null;null;null;null;null;null;
1998-04-21;null;null;null;null;null;null;null;null;
1998-04-22;null;null;null;null;null;null;null;null;
1998-04-23;null;null;null;null;null;null;null;null;
1998-04-24;null;null;null;null;null;null;null;null;
1998-04-25;null;null;null;null;null;null;null;null;
1998-04-26;null;null;null;null;null;null;null;null;
1998-04-27;null;null;null;null;null;null;null;null;
1998-04-28;null;null;null;null;null;null;null;null;
1998-04-29;null;null;null;null;null;null;null;null;
1998-04-30;null;null;null;null;null;null;null;null;
1998-05-01;null;null;null;null;null;null;null;null;
1998-05-02;null;null;null;null;null;null;null;null;
1998-05-03;null;null;null;null;null;null;null;null;
1998-05-04;null;null;null;null;null;null;null;null;
1998-05-05;null;null;null;null;null;null;null;null;
1998-05-06;null;null;null;null;null;null;null;null;
1998-05-07;null;null;null;null;null;null;null;null;
1998-05-08;null;null;null;null;null;null;null;null;
1998-05-09;null;null;null;null;null;null;null;null;
1998-05-10;null;null;null;null;null;null;null;null;
1998-05-11;null;null;null;null;null;null;null;null;
1998-05-12;null;null;null;null;null;null;null;null;
1998-05-13;null;null;null;null;null;null;null;null;
1998-05-14;null;null;null;null;null;null;null;null;
1998-05-15;null;null;null;null;null;null;null;null;
1998-05-16;null;null;null;null;null;null;null;null;
1998-05-17;null;null;null;null;null;null;null;null;
1998-05-18;null;null;null;null;null;null;null;null;
1998-05-19;null;null;null;null;null;null;null;null;
1998-05-20;null;null;null;null;null;null;null;null;
1998-05-21;null;null;null;null;null;null;null;null;
1998-05-22;null;null;null;null;null;null;null;null;
1998-05-23;null;null;null;null;null;null;null;null;
1998-05-24;null;null;null;null;null;null;null;null;
1998-05-25;null;null;null;null;null;null;null;null;
1998-05-26;null;null;null;null;null;null;null;null;
1998-05-27;null;null;null;null;null;null;null;null;
1998-05-28;null;null;null;null;null;null;null;null;
1998-05-29;null;null;null;null;null;null;null;null;
1998-05-30;null;null;null;null;null;null;null;null;
1998-05-31;null;null;null;null;null;null;null;null;
1998-06-01;0;null;0;18,5;12,16;10,5;80;,333333;
1998-06-02;2;null;0;17,5;11,14;8,5;83;1;
1998-06-03;1,5;null;0;17,2;10,64;7;71,5;1;
1998-06-04;1,3;null;0;18,2;11,28;7,6;71,5;2;
1998-06-05;6,5;null;0;20,5;12,7;7,8;83,75;1,666667;
1998-06-06;2,2;null;0;22,8;15,78;8,3;77,25;3;
1998-06-07;4;null;0;20,4;17,32;14,7;90,25;1;
1998-06-08;,5;null;1,8;22,2;18,38;15,7;96,5;1,733333;
1998-06-09;,5;null;4,4;19,1;17,64;17;95,25;1,866667;
1998-06-10;,8;null;88,2;17,8;14,08;11,8;100;3;
1998-06-11;,3;null;67;11,8;8,34;6,9;89,5;2,066667;
1998-06-12;,3;null;0;9,4;6,16;4,3;94;1,6;
1998-06-13;,4;null;0;13,5;9,5;4,8;89,5;1,666667;
1998-06-14;1,6;null;0;16,6;11,2;6,4;99,25;1,6;
1998-06-15;,1;null;2;17,5;14,4;8,2;98,75;1,6;
1998-06-16;1,3;null;33;16,8;12,42;10,1;94,25;1,866667;
1998-06-17;1,2;null;57;13,6;8,66;6;86,5;3;
1998-06-18;,5;null;0;13,8;9,4;6,4;86;1,6;
1998-06-19;2,5;null;0;17,1;10,54;6,2;66;1,733333;
1998-06-20;2,5;null;0;18,5;11,88;7,4;73;1,533333;
1998-06-21;3;null;0;18;10,96;5,4;61,5;1,6;
1998-06-22;3,5;null;0;17;11,42;7,4;74,25;1,6;
1998-06-23;2;null;0;14,8;11,02;8,3;91,5;2,066667;
1998-06-24;1;null;1,2;13;7,72;5,8;84;2,066667;
1998-06-25;1,4;null;0;14;7,72;4,3;74,25;2,066667;
1998-06-26;1,2;null;0;17,1;9,18;3,8;73,75;1,6;
1998-06-27;2,8;null;0;16;8,32;4,8;75,25;1,6;
1998-06-28;2,2;null;0;16,8;9,06;4,9;84,75;1,6;
1998-06-29;1,8;null;0;18;14,02;7;89,25;1,6;
1998-06-30;1,2;null;0;24;19,02;12,2;89,75;1,733333;
1998-07-01;2;null;5;20,7;13,06;10,4;95,5;2,066667;
1998-07-02;,5;null;0;16;11,66;8,1;88;1,6;
1998-07-03;1,5;null;0;20;11,46;7;82,5;1,6;
1998-07-04;,1;null;0;21,5;16,02;7;88,5;1,6;
1998-07-05;1,2;null;0;24,5;18,28;13,5;84,25;1,6;
1998-07-06;2,3;null;0;24;19,46;16,8;94,25;1,6;
1998-07-07;5,3;null;9,5;23,9;15,24;12,5;86,25;3,3;
1998-07-08;2;null;0;12,5;9,32;5,8;90,75;2,166667;
1998-07-09;1;null;0;13,4;7,02;2,3;86;1,4;
1998-07-10;3;null;0;14,7;8,3;4,2;78,75;1,6;
1998-07-11;1,8;null;0;15,5;10,18;5,8;77,75;1,6;
1998-07-12;3,2;null;0;18,1;11,34;6,3;80,75;1,6;
1998-07-13;2,5;null;0;17,8;11,78;7,5;82,75;1,6;
1998-07-14;1,5;null;0;18,9;12,72;7,4;82,75;1,6;
1998-07-15;2;null;0;22,5;14,48;9,4;80,75;1,6;
1998-07-16;3;null;0;22,6;16,16;10,7;84,25;1,6;
1998-07-17;2;null;11;17;15,5;15;100;1,6;
1998-07-18;1;null;29,8;18;11,92;9,8;82,75;1,6;
1998-07-19;1,5;null;0;16;11,42;6,5;93,25;1,6;
1998-07-20;,5;null;0;14,5;12,06;6,9;99,25;2;
1998-07-21;,3;null;8,3;13,2;12,3;11,6;98,75;2;
1998-07-22;,2;null;0;17;13,82;11;85,75;2,066667;
1998-07-23;,8;null;12,1;14,5;13,38;12,8;100;1,6;
1998-07-24;1,2;null;11,9;18;15,8;11;98;1,6;
1998-07-25;1;null;5,5;17,5;14,16;12,1;98,75;2,333333;
1998-07-26;2,1;null;,6;16;12,48;10,8;94,5;2,166667;
1998-07-27;1,4;null;0;19,8;12,98;8,1;76,5;1,6;
1998-07-28;1,5;null;0;15,6;12,22;8,2;86,5;1,6;
1998-07-29;2;null;0;15,1;12,16;9,5;81,5;1,6;
1998-07-30;1,2;null;0;16,5;9,26;4,5;74,25;1,6;
1998-07-31;3,3;null;0;15,8;10,12;4,8;82;1,6;
1998-08-01;1,5;null;0;16,5;11,3;5;78,75;1,6;
1998-08-02;1;null;0;17,4;14,08;11;79,75;1,6;
1998-08-03;1;null;0;16,5;12,76;10,6;85,25;1,6;
1998-08-04;1,5;null;0;17,3;13,3;10;87,5;2,066667;
1998-08-05;1,4;null;0;17,4;12,4;9;89;1,6;
1998-08-06;1,1;null;0;16;12,5;9,5;95;1,6;
1998-08-07;1,3;null;0;18;12,9;9,1;85,75;1,6;
1998-08-08;3;null;0;17;13,36;9,4;87,75;1,6;
1998-08-09;1,1;null;0;21,4;15,04;9,6;79,75;1,6;
1998-08-10;3,3;null;0;22;15,98;10,1;81,75;1,6;
1998-08-11;1,7;null;31,2;16,5;12,92;10,1;91,25;1,733333;
1998-08-12;,8;null;0;14,7;9,44;5,8;85,5;1,6;
1998-08-13;1,5;null;0;16,6;11,16;7;86,25;1,6;
1998-08-14;1,4;null;0;14,5;11,16;7,4;88,75;1,6;
1998-08-15;1,3;null;10,1;17;13,2;10;91,5;1,6;
1998-08-16;1,1;null;0;19;14,3;11;83,75;1,6;
1998-08-17;1,1;null;0;20;14,22;9,3;84;1,6;
1998-08-18;2,1;null;0;18,4;14,12;9,8;80,5;1,6;
1998-08-19;2,1;null;0;21,6;14,32;9,8;89;1,6;
1998-08-20;1,2;null;0;15,3;11,68;7,8;89,25;1,6;
1998-08-21;3,1;null;0;14,8;9,36;3,9;86,5;2,066667;
1998-08-22;3,2;null;0;14;10,76;6,9;85,5;3;
1998-08-23;1;null;18,4;15,4;12,62;9,1;97,25;1,6;
1998-08-24;1;null;5,7;13,3;12,36;11,3;99,5;1,6;
1998-08-25;,8;null;9,1;12,5;10,64;9,9;100;4,533333;
1998-08-26;,4;null;56,4;10,6;9,8;9;100;3;
1998-08-27;,3;null;4,2;15,7;10,34;5,3;72,75;2,066667;
1998-08-28;1,5;null;0;17,3;12,24;5,2;70,75;1,6;
1998-08-29;2,6;null;0;21;14,02;5,1;69,25;1,6;
1998-08-30;2;null;0;15,6;12,72;7,9;72;1,6;
1998-08-31;2,2;null;0;18,8;11,36;4,7;78,5;1,6;
1998-09-01;7,2;null;0;22,9;14,68;9,1;74,25;1,6;
1998-09-02;3;null;0;16,9;14,54;13;96,75;1,6;
1998-09-03;,6;null;44,1;14;13,22;12,5;100;1,6;
1998-09-04;,6;null;29,9;15,2;11,76;8,3;77,5;2,166667;
1998-09-05;1,6;null;0;16,8;10,74;6;70,25;1,6;
1998-09-06;1,2;null;0;16,8;11,98;6,4;81;2,166667;
1998-09-07;4;null;0;15,8;12,12;6,4;90,25;1,6;
1998-09-08;,7;null;0;22,2;16,06;8,6;62,5;1,6;
1998-09-09;3,3;null;1,8;17,7;13,34;9,2;77,75;1,6;
1998-09-10;2,1;null;0;20,5;14,08;8,3;82;2,166667;
1998-09-11;2,4;null;0;25,2;18,52;12,8;79,5;2,166667;
1998-09-12;5,3;null;0;23,5;17,8;15,6;92,75;2,733333;
1998-09-13;,4;null;21,1;20,8;12,8;10;55,75;2,166667;
1998-09-14;4,4;null;0;20;10,66;4,6;75,5;2,166667;
1998-09-15;2;null;0;20;10,56;3,9;71;1,6;
1998-09-16;3,9;null;0;20,3;11,16;5,2;75,5;2,166667;
1998-09-17;5,7;null;0;14,4;12,3;9,5;96,25;1,6;
1998-09-18;,4;null;29;12,2;10,2;8,4;84,75;2,166667;
1998-09-19;3,2;null;0;14,1;8,26;3,9;74,75;1,6;
1998-09-20;3,2;null;0;14,5;8,56;4,4;70;2,733333;
1998-09-21;6,8;null;0;14;10,84;3,9;64;1,6;
1998-09-22;3;null;0;19,2;13,2;3,8;65,25;2,733333;
1998-09-23;6,5;null;0;20,8;15,3;10,5;83,5;1,666667;
1998-09-24;4,5;null;,5;24,3;17,34;11,8;73;1,6;
1998-09-25;2,7;null;0;25;17,98;11,5;65,25;1,6;
1998-09-26;3,3;null;10,1;18,9;15,78;14;96,25;1,6;
1998-09-27;1,5;null;22,6;16,3;11,28;9,7;80,5;2,733333;
1998-09-28;1,5;null;0;18,2;11,3;4,9;65;1,6;
1998-09-29;3,7;null;0;19,3;13,88;4,9;73,5;1,6;
1998-09-30;5,7;null;0;21;14,66;6,5;67,5;1,6;
1998-10-01;5,9;null;0;20,1;12,66;5,4;68,75;1,6;
1998-10-02;4,1;null;0;21,8;15,94;10,1;77,75;3,3;
1998-10-03;2;null;0;23,5;15,86;10,1;77,75;1,6;
1998-10-04;4,4;null;0;24,5;17,76;12,6;86,75;2,166667;
1998-10-05;2,9;null;25,2;20,6;16,36;12,4;70;1,6;
1998-10-06;3,5;null;0;19,1;12,2;6,4;70,25;2,166667;
1998-10-07;5,6;null;0;21,4;14,46;8,4;59,75;2,733333;
1998-10-08;6,5;null;0;22,5;15,44;8,3;76;1,6;
1998-10-09;3,3;null;0;24,1;17,74;12,4;77,25;1,6;
1998-10-10;5;null;0;25,4;17,28;12;81;1,6;
1998-10-11;6,5;null;0;25,1;18,72;13,3;71,25;1,6;
1998-10-12;2,8;null;0;25;18,14;13;79,25;1,6;
1998-10-13;3,5;null;0;25;17,8;13;69,25;1,6;
1998-10-14;5,2;null;0;23,3;17,94;12;74,25;1,6;
1998-10-15;3,8;null;0;23,4;17,72;14,2;75,75;1,6;
1998-10-16;2,2;null;1,1;25;18,6;14,3;77,25;1,6;
1998-10-17;2,2;null;0;23,7;16,82;12,4;66,25;1,6;
1998-10-18;4,3;null;0;22,2;15,8;9;63;1,6;
1998-10-19;5,4;null;0;25,5;17,74;10,2;66,5;1,066667;
1998-10-20;5,3;null;0;30,3;21,8;13,6;60,5;1,466667;
1998-10-21;6,2;null;0;32,1;24,28;18,4;56;1,8;
1998-10-22;5,5;null;0;32,5;24,28;15,4;58;4,1;
1998-10-23;9,9;null;36;24,9;15,7;13;89,5;2,733333;
1998-10-24;2,6;null;6;18,5;13,3;7;67,5;2,533333;
1998-10-25;6,3;null;0;16,5;14,18;10,6;90,5;1,866667;
1998-10-26;1,7;null;4,6;18,5;15,3;13,6;82,75;1,2;
1998-10-27;,3;null;0;27,5;19,48;13,9;68,25;1;
1998-10-28;3,1;null;0;29;21,54;14,3;58,5;2,666667;
1998-10-29;7,1;null;0;26;16,68;11,6;59,25;5;
1998-10-30;6,3;null;0;22,8;15,88;8,4;64,25;2,333333;
1998-10-31;4,3;null;0;23,5;17,4;11;62,25;3;
1998-11-01;8,1;null;0;21,4;14,76;7,6;66,25;3,666667;
1998-11-02;6,4;null;0;22,3;15,92;8,5;61,25;4;
1998-11-03;4;null;0;26,5;17,7;11;68,75;2,333333;
1998-11-04;5;null;,6;27,2;20,54;14,5;70,75;1,666667;
1998-11-05;7,5;null;0;29,2;21,46;14,1;56,75;1;
1998-11-06;2,5;null;0;29,2;22,08;15,8;56,75;2,333333;
1998-11-07;6,3;null;11,8;26,2;20,64;15,8;76;2,333333;
1998-11-08;3,4;null;0;23,7;18,72;15,3;75,25;1,333333;
1998-11-09;5;null;0;23,4;17,68;11,6;63,75;3;
1998-11-10;5,1;null;0;24,4;17,56;10,3;57,75;3,666667;
1998-11-11;5,9;null;0;26,1;18,58;10,5;64,5;4;
1998-11-12;7,5;null;0;30,2;22,04;13;56,5;2;
1998-11-13;6,1;null;0;32,4;24,28;17,8;51,25;1;
1998-11-14;8,4;null;0;33,5;25,82;16,6;50,75;1;
1998-11-15;8,2;null;0;33,2;26,6;21;49,25;3;
1998-11-16;8,8;null;1,6;25;20,4;19;97,25;2,333333;
1998-11-17;,7;null;39,1;19,2;14,5;11,9;95;3,666667;
1998-11-18;,5;null;1,2;20,8;15,1;9,1;65;2,333333;
1998-11-19;4,5;null;0;23,2;17,76;10,6;62,25;1;
1998-11-20;4,5;null;0;25,4;18,98;10,5;61;2,333333;
1998-11-21;3;null;0;27;20,64;13,5;62;1;
1998-11-22;5,5;null;0;27,6;20,98;13,5;64,5;2,333333;
1998-11-23;5,7;null;0;30,6;23,36;14,4;66,5;1,666667;
1998-11-24;5;null;0;25,2;21,08;19,4;94,75;1,666667;
1998-11-25;,5;null;15;22,8;18,44;16,7;71;1,333333;
1998-11-26;2,8;null;0;24,4;18,16;11;46,75;1;
1998-11-27;7,4;null;0;27,2;20,2;13,6;50;1,333333;
1998-11-28;12,5;null;0;31,1;22,14;14,2;52,25;2,666667;
1998-11-29;2,9;null;0;28;20,12;14,2;64,5;1,666667;
1998-11-30;7,1;null;0;29,4;22,96;15,6;41,75;1,333333;
1998-12-01;8,3;null;0;29,2;22,62;15,3;54,5;1;
1998-12-02;7,6;null;0;31,2;25,26;18,5;47,25;1,666667;
1998-12-03;9,1;null;0;31,4;23,48;19,4;70,25;2,333333;
1998-12-04;4,9;null;32,4;29,4;23,24;16,8;70,25;1;
1998-12-05;4,1;null;5,6;26,2;19,44;17;81,75;3;
1998-12-06;3,7;null;,6;24,6;18,44;12,8;63;3;
1998-12-07;5,1;null;0;26,5;20,1;11,8;59,5;2;
1998-12-08;6,2;null;0;32,4;24,28;17,6;47,25;1,666667;
1998-12-09;11;null;0;26,8;20,72;16,6;57,25;2,333333;
1998-12-10;5;null;0;24,2;20,02;15;74,25;3,666667;
1998-12-11;3;null;31,1;22,4;19,6;17;99,5;1,666667;
1998-12-12;,6;null;46,2;28,4;22,46;18;85;1,666667;
1998-12-13;1,4;null;0;31,1;22,32;19,5;84,25;3;
1998-12-14;2,5;null;5,2;24,2;20,28;17;76,5;2,333333;
1998-12-15;4;null;0;30,2;22,54;15,6;67,25;2,333333;
1998-12-16;6,2;null;37,8;23,2;17,24;14,6;96;5;
1998-12-17;2,7;null;5,1;23,1;17,5;13,6;77;4,333333;
1998-12-18;3,7;null;0;24,8;18;12,2;69;1;
1998-12-19;5,1;null;0;26,4;20,8;14,6;62;1;
1998-12-20;5,7;null;0;27,8;22;15,6;62,25;1;
1998-12-21;6,4;null;0;25,8;19,56;17;76,75;3,666667;
1998-12-22;4,1;null;0;22,2;15,76;12;65,75;3;
1998-12-23;4,7;null;0;25,2;18,48;11,4;63,5;1;
1998-12-24;5,2;null;0;28;21,56;14,2;61,25;2;
1998-12-25;2;null;0;31,2;23,92;16;64,75;1,2;
1998-12-26;8,4;null;0;33,8;25,48;15,8;63,5;1;
1998-12-27;3,9;null;0;34,4;27;20,4;64;2,666667;
1998-12-28;6;null;0;26,2;22,12;19,8;90,25;1;
1998-12-29;1,4;null;2,8;28,2;21,16;16;60,5;3,333333;
1998-12-30;5,3;null;0;29;21,56;12,8;52,5;2,333333;
1998-12-31;7,2;null;0;31,2;24,12;17,8;50,25;1,333333;
1999-01-01;null;null;null;null;null;null;null;null;
1999-01-02;null;null;null;null;null;null;null;null;
1999-01-03;null;null;null;null;null;null;null;null;
1999-01-04;null;null;null;null;null;null;null;null;
1999-01-05;null;null;null;null;null;null;null;null;
1999-01-06;null;null;null;null;null;null;null;null;
1999-01-07;null;null;null;null;null;null;null;null;
1999-01-08;null;null;null;null;null;null;null;null;
1999-01-09;null;null;null;null;null;null;null;null;
1999-01-10;null;null;null;null;null;null;null;null;
1999-01-11;null;null;null;null;null;null;null;null;
1999-01-12;null;null;null;null;null;null;null;null;
1999-01-13;null;null;null;null;null;null;null;null;
1999-01-14;null;null;null;null;null;null;null;null;
1999-01-15;null;null;null;null;null;null;null;null;
1999-01-16;null;null;null;null;null;null;null;null;
1999-01-17;null;null;null;null;null;null;null;null;
1999-01-18;null;null;null;null;null;null;null;null;
1999-01-19;null;null;null;null;null;null;null;null;
1999-01-20;null;null;null;null;null;null;null;null;
1999-01-21;null;null;null;null;null;null;null;null;
1999-01-22;null;null;null;null;null;null;null;null;
1999-01-23;null;null;null;null;null;null;null;null;
1999-01-24;null;null;null;null;null;null;null;null;
1999-01-25;null;null;null;null;null;null;null;null;
1999-01-26;null;null;null;null;null;null;null;null;
1999-01-27;null;null;null;null;null;null;null;null;
1999-01-28;null;null;null;null;null;null;null;null;
1999-01-29;null;null;null;null;null;null;null;null;
1999-01-30;null;null;null;null;null;null;null;null;
1999-01-31;null;null;null;null;null;null;null;null;
1999-02-01;null;null;1,2;32,8;24,68;13,4;56,5;null;
1999-02-02;null;null;30,8;null;18,84;11,8;71,5;null;
1999-02-03;null;null;0;33,8;21,84;14,2;67,75;null;
1999-02-04;null;null;33,6;25,6;20,36;14,2;88,25;null;
1999-02-05;null;null;0;31;23,52;17,2;79;null;
1999-02-06;null;null;0;33,4;25,36;16,8;75,25;null;
1999-02-07;null;null;17,4;null;20,04;17;92,5;null;
1999-02-08;null;null;8;25;18,2;11,6;74,5;null;
1999-02-09;null;null;0;25,4;18,84;13,4;63,75;null;
1999-02-10;null;null;0;28,8;21,28;13,8;67,25;null;
1999-02-11;null;null;0;25,4;18,84;15,2;68;null;
1999-02-12;null;null;0;28,2;20,48;11,4;76,25;null;
1999-02-13;null;null;,6;23,8;20,08;18,6;88;null;
1999-02-14;null;null;6,4;29,6;22,8;16,4;69,75;null;
1999-02-15;null;null;0;29;22,76;17,6;69,5;null;
1999-02-16;null;null;0;28;22,04;17,8;66,25;null;
1999-02-17;null;null;0;29,6;23,56;18,2;63,75;null;
1999-02-18;null;null;0;30,2;23,52;18,2;80,5;null;
1999-02-19;null;null;,6;31,2;25,72;20,4;62,75;null;
1999-02-20;null;null;0;31,4;23,96;17;56,75;null;
1999-02-21;null;null;0;30,2;23,28;17,4;63,75;null;
1999-02-22;null;null;0;30,2;22,92;16,6;76;null;
1999-02-23;null;null;0;29,2;23,04;18,2;80,5;null;
1999-02-24;null;null;0;31,8;24,64;18,4;66,25;null;
1999-02-25;null;null;0;30,6;22,8;18,6;80,5;null;
1999-02-26;null;null;0;30,6;24;18,8;68;null;
1999-02-27;null;null;0;31,2;23,4;18,2;67,5;null;
1999-02-28;null;null;0;32,4;24,92;18,2;55,75;null;
1999-03-01;null;null;0;33,6;null;18,8;null;null;
1999-03-02;null;null;0;31,8;null;21,2;null;null;
1999-03-03;null;null;1;29,6;null;20,8;null;null;
1999-03-04;null;null;1,2;32,4;null;19,8;null;null;
1999-03-05;null;null;0;33,4;null;20,2;null;null;
1999-03-06;null;null;0;34,4;null;20,2;null;null;
1999-03-07;null;null;0;34,4;null;20,4;null;null;
1999-03-08;null;null;0;34,8;null;21;null;null;
1999-03-09;null;null;0;34,2;null;20;null;null;
1999-03-10;null;null;16,2;25,4;null;19,4;null;null;
1999-03-11;null;null;null;26,6;null;15,8;null;null;
1999-03-12;null;null;0;27;null;14,8;null;null;
1999-03-13;null;null;0;27,8;null;12,6;null;null;
1999-03-14;null;null;0;31;null;17,2;null;null;
1999-03-15;null;null;3,8;31,8;null;18,2;null;null;
1999-03-16;null;null;0;32,4;null;18,8;null;null;
1999-03-17;null;null;0;30,2;null;19;null;null;
1999-03-18;null;null;20,4;25,2;null;20,4;null;null;
1999-03-19;null;null;14;30;null;19,6;null;null;
1999-03-20;null;null;10;23,2;null;19,2;null;null;
1999-03-21;null;null;1,1;26,6;null;18,6;null;null;
1999-03-22;null;null;0;29;null;16,6;null;null;
1999-03-23;null;null;0;30,8;null;19;null;null;
1999-03-24;null;null;0;32,2;null;20,8;null;null;
1999-03-25;null;null;null;null;null;19;null;null;
1999-03-26;null;null;28,2;26,2;null;13,8;null;null;
1999-03-27;null;null;0;28,4;null;16;null;null;
1999-03-28;null;null;0;25,4;null;15,8;null;null;
1999-03-29;null;null;30,2;21,8;null;13,8;null;null;
1999-03-30;null;null;0;23,4;null;12,6;null;null;
1999-03-31;null;null;0;25;18,04;10,8;57,5;null;
1999-04-01;null;null;0;23,6;16,92;14;86;null;
1999-04-02;null;null;97,6;15,6;14,84;14;100;null;
1999-04-03;null;null;28,2;20,8;18,92;14,2;100;null;
1999-04-04;null;null;9,9;28;22,16;19,4;92,5;null;
1999-04-05;null;null;3,4;22,8;19,28;18;89,5;null;
1999-04-06;null;null;0;20,8;14,52;11;71,75;null;
1999-04-07;null;null;0;20;14,24;11;69,25;null;
1999-04-08;null;null;0;21,2;15,24;10,2;68,5;null;
1999-04-09;null;null;0;22;15,56;9,4;72;null;
1999-04-10;null;null;0;22;16,36;11,8;87;null;
1999-04-11;null;null;8,4;20,8;18,04;15,4;98,25;null;
1999-04-12;null;null;2;20,6;16;14,2;85,5;null;
1999-04-13;null;null;0;22;15,36;10,8;73;null;
1999-04-14;null;null;0;23,8;17,6;12,4;70;null;
1999-04-15;null;null;0;22,7;15,42;12,2;76,75;null;
1999-04-16;null;null;3,2;13;7,24;4,2;82,5;null;
1999-04-17;null;null;,4;15,2;8,36;2,6;69;null;
1999-04-18;null;null;0;20,4;12,84;4,8;64,5;null;
1999-04-19;null;null;0;20,4;13,28;8,2;75,25;null;
1999-04-20;null;null;0;22,6;15,6;9,8;67;null;
1999-04-21;null;null;0;22;16,36;12;68,25;null;
1999-04-22;null;null;0;24,6;17,48;11,8;72,75;null;
1999-04-23;null;null;0;27,8;20,6;14,2;77,75;null;
1999-04-24;null;null;0;24;19,44;17,4;82,25;null;
1999-04-25;null;null;null;19,4;16,68;15,2;89;null;
1999-04-26;null;null;0;24,6;17,56;11,2;82,5;null;
1999-04-27;null;null;,4;null;15,7;14,5;98;null;
1999-04-28;null;null;23,3;21;15,6;13;79;null;
1999-04-29;null;null;0;18,7;13,26;9,8;80;null;
1999-04-30;null;null;0;21,2;15,08;10;71,75;null;
1999-05-01;null;null;0;24,8;17,08;11,6;76,25;null;
1999-05-02;null;null;0;28;21,04;14,6;70;null;
1999-05-03;null;null;0;27,8;21,36;17,2;61,25;null;
1999-05-04;null;null;null;20,8;17,36;15,6;94,5;null;
1999-05-05;null;null;5,8;19,4;14,76;12,6;78,5;null;
1999-05-06;null;null;,1;20,8;14,2;9,6;67,75;null;
1999-05-07;null;null;0;20,8;13,88;8,2;78,25;null;
1999-05-08;null;null;0;20,6;14,7;10,5;67;null;
1999-05-09;null;null;0;19,5;14,14;9,8;66,5;null;
1999-05-10;null;null;0;19,6;13,68;9,6;89,75;null;
1999-05-11;null;null;0;22,6;15,74;12,3;82,5;null;
1999-05-12;null;null;0;18;11,9;9,5;76,5;null;
1999-05-13;null;null;0;17,4;11,16;6,8;79,5;null;
1999-05-14;null;null;0;19;12,08;6,6;75,5;null;
1999-05-15;null;null;0;21,2;14,3;8,2;69,5;null;
1999-05-16;null;null;0;21,5;15,74;10,8;67,5;null;
1999-05-17;null;null;0;21,2;14,32;10,8;77,75;null;
1999-05-18;null;null;0;15,7;11,52;10,2;84,25;null;
1999-05-19;null;null;0;12,4;8,7;6,3;65,25;null;
1999-05-20;null;null;0;14,4;9,68;8,2;82,25;null;
1999-05-21;null;null;0;15,8;9,88;6,2;67,5;null;
1999-05-22;null;null;0;15,4;10,4;7,2;65,25;null;
1999-05-23;null;null;0;13,8;9,62;7,1;83,25;null;
1999-05-24;null;null;0;17,6;11,32;7,4;75,5;null;
1999-05-25;null;null;0;14,6;10,92;7;81,5;null;
1999-05-26;null;null;0;12,2;10,12;9,1;96;null;
1999-05-27;null;null;3,8;17,3;11,18;6,4;76,25;null;
1999-05-28;null;null;2,8;13,6;11,64;7,8;98,75;null;
1999-05-29;null;null;60,8;15,2;11,52;10;90,25;null;
1999-05-30;null;null;0;13,6;9,96;8,8;78,5;null;
1999-05-31;null;null;0;13,8;9,08;7,2;81;null;
1999-06-01;null;null;0;16,7;10,14;4,5;75,25;null;
1999-06-02;null;null;0;16,4;10,82;7,2;84;null;
1999-06-03;null;null;0;17,1;9,8;6,6;84,75;null;
1999-06-04;null;null;0;11,2;5,96;2,8;68,75;null;
1999-06-05;null;null;0;11,9;5,56;1,6;66,25;null;
1999-06-06;null;null;0;12,3;6,34;1,8;57,5;null;
1999-06-07;null;null;0;13,2;6,6;1,8;74;null;
1999-06-08;null;null;0;17,2;10,98;4,1;87;null;
1999-06-09;null;null;23,2;14,3;11,22;9;98,75;null;
1999-06-10;null;null;10,2;11,4;5,5;1,8;75,5;null;
1999-06-11;null;null;0;14,8;7,66;1,7;66,75;null;
1999-06-12;null;null;null;18;10,44;5,2;66;null;
1999-06-13;null;null;0;17;9,78;5,3;75;null;
1999-06-14;null;null;0;10,8;8,76;6;100;null;
1999-06-15;null;null;0;19,4;13,4;8,4;90,25;null;
1999-06-16;null;null;0;19,4;14,96;13;92,25;null;
1999-06-17;null;null;2,1;14;12,14;9,9;100;null;
1999-06-18;null;null;0;16,2;12,68;11,2;96,75;null;
1999-06-19;null;null;,4;15;12,12;10,4;91,75;null;
1999-06-20;null;null;0;16,2;11,5;8,1;92;null;
1999-06-21;null;null;,2;17,3;12,28;8,8;96,5;null;
1999-06-22;null;null;,2;19,3;14,14;10,8;90,75;null;
1999-06-23;null;null;0;21,4;14,68;10,6;87,75;null;
1999-06-24;null;null;0;20,4;15,68;11,2;88;null;
1999-06-25;null;null;0;null;11,72;10,1;89;null;
1999-06-26;null;null;0;21,8;13,34;8,1;92,25;null;
1999-06-27;null;null;45;22,8;18,04;10,2;92;null;
1999-06-28;null;null;0;null;17,46;15,4;98,5;null;
1999-06-29;null;null;33,2;null;9,74;7,7;93,5;null;
1999-06-30;null;null;null;null;null;null;94;null;
1999-07-01;null;1;0;13;9,5;4,5;84,75;null;
1999-07-02;null;0;0;12,3;10,94;8;99;null;
1999-07-03;null;1,7;7,1;null;8,74;6,6;87;null;
1999-07-04;null;7,8;0;15;6,28;2,2;81,5;null;
1999-07-05;null;7,9;0;12,2;5,7;1,6;79,75;null;
1999-07-06;null;2,3;0;12,4;7,84;1,8;90,75;null;
1999-07-07;null;0;0;12,8;11,16;9,4;98;null;
1999-07-08;null;1,6;null;13,5;11,14;8,6;90,25;null;
1999-07-09;null;1;0;14,4;11,54;9,4;90;null;
1999-07-10;null;4,5;0;19,7;14,02;10,2;88,25;null;
1999-07-11;null;3,4;0;20,6;15,58;12,4;84;null;
1999-07-12;null;7,4;0;24,8;17,58;12,7;77;null;
1999-07-13;null;8,1;0;24,6;17,92;13;77;null;
1999-07-14;null;0;13,8;null;14,88;13,9;96,25;null;
1999-07-15;null;0;31,6;null;9,6;7,8;92,75;null;
1999-07-16;null;0;0;8;6,76;5,6;89,5;null;
1999-07-17;null;5,6;0;10,8;5,02;1,7;81,25;null;
1999-07-18;null;0;0;8;5,88;1,4;86,5;null;
1999-07-19;null;0;1;11,3;9,82;6,8;100;null;
1999-07-20;null;0;20,4;11,8;10,84;10,2;98,75;null;
1999-07-21;null;1,5;1,4;13,4;9,68;7,4;90,5;null;
1999-07-22;null;1,2;0;14,8;10,26;7,8;87,5;null;
1999-07-23;null;8,1;0;16,4;10;5,8;78,75;null;
1999-07-24;null;8,2;0;17,6;10,82;6;72,5;null;
1999-07-25;null;8,4;0;22,8;14,9;7,6;78,25;null;
1999-07-26;null;4,2;null;24,2;18,14;14,5;88,5;null;
1999-07-27;null;1,6;9,2;null;13,06;11;91;null;
1999-07-28;null;4,9;0;18,2;13,04;10;88,5;null;
1999-07-29;null;3,8;0;24,6;17,52;11,4;84,5;null;
1999-07-30;null;9;9;null;9,66;6,8;67,5;null;
1999-07-31;null;8,6;0;14,5;8,2;3,9;64,5;null;
1999-08-01;null;8,8;0;20,6;11,48;4,2;69,75;null;
1999-08-02;null;9;0;21,8;13,8;8,6;67,25;null;
1999-08-03;null;9,1;0;21,4;13,46;8,6;65;null;
1999-08-04;null;7,1;0;21,4;13,8;8,6;88;null;
1999-08-05;null;8,5;0;25,6;17,72;12;69,5;null;
1999-08-06;null;2,1;0;25,2;19,12;15,6;72,75;null;
1999-08-07;null;7,1;20,6;null;8,24;5;68,75;null;
1999-08-08;null;9,2;0;13,9;7,38;1,4;61;null;
1999-08-09;null;8,5;0;19,3;11,28;5,6;57,5;null;
1999-08-10;null;8,6;0;25,2;17,16;10,1;63,75;null;
1999-08-11;null;8,5;0;28,2;20,72;15,9;66,5;null;
1999-08-12;null;,5;0;null;12,02;8,8;83,5;null;
1999-08-13;null;5,9;1,6;9,7;4,38;1,8;68,5;null;
1999-08-14;null;8,9;0;8,2;2,5;,5;62,25;null;
1999-08-15;null;8,9;0;10,5;3,88;-1,4;71,5;null;
1999-08-16;null;6,6;0;12,9;6,6;1,4;81;null;
1999-08-17;null;5,5;0;17,2;9,68;4,2;81,25;null;
1999-08-18;null;9,1;0;21,2;13,32;6,6;75;null;
1999-08-19;null;8,6;0;23,8;16,04;9,2;76,5;null;
1999-08-20;null;7,7;0;27,6;18,88;12,1;67,75;null;
1999-08-21;null;,8;0;27,3;20,96;16,8;58,75;null;
1999-08-22;null;0;,5;null;13,56;11,8;96,25;null;
1999-08-23;null;0;3,9;14,6;12,86;10,4;94,75;null;
1999-08-24;null;3,2;0;23,8;17,4;13,2;85;null;
1999-08-25;null;2,9;0;null;10,06;7;86,25;null;
1999-08-26;null;9,8;2,2;19,3;10,96;4;67,5;null;
1999-08-27;null;4,6;0;17,6;11,96;10;74,25;null;
1999-08-28;null;0;0;16,6;12,4;7,2;94,25;null;
1999-08-29;null;4,6;,2;20,8;15,72;12,8;87,75;null;
1999-08-30;null;0;0;28,6;20,02;13,2;79,5;null;
1999-08-31;null;0;0;28,2;19,34;15,4;87;null;
1999-09-01;null;0;1;16,8;15,34;14,4;100;null;
1999-09-02;null;0;1,2;16,8;15,34;13,6;97;null;
1999-09-03;null;0;11,9;16,9;15,54;14,2;100;null;
1999-09-04;null;0;1,8;15,9;14,62;13,2;100;null;
1999-09-05;null;0;13,6;19,2;16,64;14,6;97,5;null;
1999-09-06;null;7,8;13,2;22,8;17,88;13,4;88,75;null;
1999-09-07;null;0;0;23,6;18,68;15,6;85,25;null;
1999-09-08;null;7,4;44,9;18,8;12,72;8,9;68,25;null;
1999-09-09;null;9,1;0;19,6;11,94;6,9;62,25;null;
1999-09-10;null;9,1;0;17,2;10,78;6,1;55,25;null;
1999-09-11;null;8,6;0;18,6;11,6;5;65,25;null;
1999-09-12;null;9,2;0;21,6;14,02;7,1;76,75;null;
1999-09-13;null;5,2;0;24,2;16,6;12,8;88,5;null;
1999-09-14;null;,4;4,3;null;12,48;11,4;77,5;null;
1999-09-15;null;9,4;10,1;19,5;12,74;6,4;52,25;null;
1999-09-16;null;9,3;0;24,8;16,3;9,6;60,5;null;
1999-09-17;null;9,4;0;24,6;15,96;8,6;74,25;null;
1999-09-18;null;9,8;0;28,4;19,92;11,8;62;null;
1999-09-19;null;9,9;0;null;14,14;8,2;67,75;null;
1999-09-20;null;9,3;0;27,6;18,04;10,6;74,75;null;
1999-09-21;null;9,4;0;24,6;17,6;13,8;74;null;
1999-09-22;null;9,1;0;20,4;14,68;9,2;60,5;null;
1999-09-23;null;10;0;20,8;14;7,2;62,25;null;
1999-09-24;null;9,8;0;23,6;15,12;8,6;66;null;
1999-09-25;null;2,2;0;23,8;16,38;10,3;69,25;null;
1999-09-26;null;3,6;0;22,6;16,44;13,2;78,5;null;
1999-09-27;null;5,1;0;19,8;14,56;10,8;76,5;null;
1999-09-28;null;,8;,3;20,7;15,96;11,3;92,5;null;
1999-09-29;null;9,6;1,7;18,8;12,88;10,8;58,5;null;
1999-09-30;null;9,5;0;23,3;14,56;5,9;65,5;null;
1999-10-01;null;0;7;null;10,08;7,2;94,75;null;
1999-10-02;null;9,5;26,2;14,6;9,62;8,3;60,5;null;
1999-10-03;null;10,2;0;12,6;7,88;6,6;62,5;null;
1999-10-04;null;10,1;0;13,2;8,8;7,4;65,5;null;
1999-10-05;null;,9;0;17,5;10,86;4;82,5;null;
1999-10-06;null;5,4;,5;21,9;16,62;11;80,25;null;
1999-10-07;null;0;9,1;null;14,76;13,4;98,25;null;
1999-10-08;null;3,1;12,8;19,4;14,12;10,6;81,25;null;
1999-10-09;null;4,2;0;17,4;13,72;9,4;74,5;null;
1999-10-10;null;8,8;0;21,2;14,6;8,6;70,5;null;
1999-10-11;null;9,3;0;24,2;16,88;8,8;73,5;null;
1999-10-12;null;,3;2,1;null;16,7;14;94;null;
1999-10-13;null;0;45,6;20,4;17,58;16,6;99,5;null;
1999-10-14;null;0;22,7;null;13,58;11,7;88;null;
1999-10-15;null;1,7;0;24,4;17,14;13,1;92;null;
1999-10-16;null;5,8;0;21,2;14,62;10,5;81;null;
1999-10-17;null;11,4;0;26,2;18,76;11,4;50,25;null;
1999-10-18;null;11,4;0;27,8;20;12,8;52,75;null;
1999-10-19;null;11,5;0;28,2;21,26;15,3;57,25;null;
1999-10-20;null;11,2;0;27,6;20,9;14,8;55;null;
1999-10-21;null;8,5;0;27,6;18,66;13,2;76;null;
1999-10-22;null;9,4;8,2;23,6;17,48;12,4;71,5;null;
1999-10-23;null;6;0;23,8;17,84;11,4;74;null;
1999-10-24;null;1,6;0;23,9;18,3;12,2;82,5;null;
1999-10-25;null;1,8;,3;21,8;17,3;15,4;92;null;
1999-10-26;null;9,3;0;24,6;18,16;13,2;83,5;null;
1999-10-27;null;8,9;0;27,6;20,4;14,2;77,5;null;
1999-10-28;null;10,8;0;29,8;23,32;17;67,75;null;
1999-10-29;null;11,1;0;28,9;22,1;17,2;73,5;null;
1999-10-30;null;6,2;0;27;20,76;17,2;76,75;null;
1999-10-31;null;1,1;0;24,4;19,2;14,6;72,75;null;
1999-11-01;null;2,5;0;24,5;19,42;12,6;70,75;null;
1999-11-02;null;7,9;0;25,4;18,2;14,4;66;null;
1999-11-03;null;8,2;0;25,2;null;null;68,25;null;
1999-11-04;null;0;,6;null;null;null;81,25;null;
1999-11-05;null;11,2;0;24,6;null;null;58;null;
1999-11-06;null;12,4;0;28,2;null;null;53,25;null;
1999-11-07;null;7,1;0;26,9;null;null;63,25;null;
1999-11-08;null;6,9;0;22;null;null;53,5;null;
1999-11-09;null;11,9;0;18,3;null;null;54,25;null;
1999-11-10;null;12,4;0;19,8;null;null;60,5;null;
1999-11-11;null;12,3;0;25,6;null;null;51,75;null;
1999-11-12;null;11;0;30,1;null;null;47,75;null;
1999-11-13;null;11,4;0;27,6;null;null;53,5;null;
1999-11-14;null;11;0;27,2;null;null;62,75;null;
1999-11-15;null;12,4;0;29;null;null;57,25;null;
1999-11-16;null;12,1;0;30,4;21,6;13;56,5;null;
1999-11-17;null;9,2;0;28,4;20,62;13,2;56,5;null;
1999-11-18;null;11,2;0;30;21,84;13,4;47,25;null;
1999-11-19;null;8,6;0;30;22,68;16;55,25;null;
1999-11-20;null;11,2;0;28,6;21,18;14,9;55,25;null;
1999-11-21;null;11,7;0;27,9;20,74;14;54,25;null;
1999-11-22;null;11,4;0;29,2;20,02;13,1;45,75;null;
1999-11-23;null;9,5;0;29,1;19,7;13;67,75;null;
1999-11-24;null;5,5;0;27,3;20,5;15,4;63,5;null;
1999-11-25;null;8,5;0;30,2;22,56;15,4;54;null;
1999-11-26;null;6,3;7,2;28,4;19,48;16,2;79,25;null;
1999-11-27;null;11,9;5,4;28,2;20,86;14,4;68,75;null;
1999-11-28;null;13;0;29,6;22,06;14,2;51;null;
1999-11-29;null;12,4;0;31,8;23,4;15,8;44,25;null;
1999-11-30;null;12,6;0;34,2;25,08;15;31,75;null;
1999-12-01;null;5,9;0;32,2;24,88;16,4;51;null;
1999-12-02;null;,3;0;null;19,4;16,3;90,25;null;
1999-12-03;null;9,1;2,8;27,5;20,5;15;70,25;null;
1999-12-04;null;10,3;0;33,5;25,26;16,2;49;null;
1999-12-05;null;4,7;0;27;17,16;11,8;73;null;
1999-12-06;null;10;1,1;22;15,26;9,2;46,5;null;
1999-12-07;null;4,1;0;24,7;17,7;9,8;45;null;
1999-12-08;null;8,2;0;27,8;20,26;11,7;50,5;null;
1999-12-09;null;7,7;0;29,4;21,76;13,4;51,5;null;
1999-12-10;null;7,6;0;30,8;23,2;14,2;59,25;null;
1999-12-11;null;2,8;0;31;24,3;16,1;57,25;null;
1999-12-12;null;1,2;0;27;22,4;18;72,25;null;
1999-12-13;null;,9;3,9;27,6;20,32;17,4;87,75;null;
1999-12-14;null;5,7;20,4;29,8;22,6;15,9;67,25;null;
1999-12-15;null;6,8;0;32;24,22;16,5;46,25;null;
1999-12-16;null;7;0;34,2;26,32;18,9;42,25;null;
1999-12-17;null;7,1;0;31,5;24,3;18;59,25;null;
1999-12-18;null;6,4;0;35,4;24,24;16,8;68;null;
1999-12-19;null;5,8;6,5;31,5;25,16;19,7;50,5;null;
1999-12-20;null;6,7;0;30,2;22,4;14,2;41,25;null;
1999-12-21;null;3,3;0;30;24,06;16,2;47,25;null;
1999-12-22;null;12,5;0;32,6;25,7;18,6;40,75;null;
1999-12-23;null;10,8;0;28,2;20,26;10,6;49,5;null;
1999-12-24;null;11,7;0;33,6;24,7;14,3;55,25;null;
1999-12-25;null;10,3;0;36,8;28,52;19,6;40,75;null;
1999-12-26;null;6,7;0;38,4;29,2;20,1;37,75;null;
1999-12-27;null;4;0;39,3;30,98;26;41,5;null;
1999-12-28;null;0;1;null;23,92;22,8;74,5;null;
1999-12-29;null;2,5;,8;23,8;21,02;18,7;81;null;
1999-12-30;null;,5;6,8;26;21,88;20,8;82;null;
1999-12-31;null;9,5;0;29,4;21,36;16,1;52,25;null;
2000-01-01;5,8;11;0;29,1;22,14;14,1;54,5;4,333333;
2000-01-02;2,5;11,9;0;30,4;22,72;14,4;49;4,333333;
2000-01-03;7,4;12,3;0;30,2;22,04;13,2;44;6;
2000-01-04;8,2;9,2;0;31,8;22,52;13,8;55,25;1;
2000-01-05;5,2;10,1;0;33,8;25,36;17,9;60,25;1,666667;
2000-01-06;6,8;12,5;0;35,4;27,42;18;36;1,333333;
2000-01-07;7,5;12,3;0;35,4;27,14;18,9;37,75;1,666667;
2000-01-08;8,9;10,6;0;37,4;26,82;18,7;55,5;2;
2000-01-09;6,2;6,3;0;37,4;26,4;21,4;78,5;5,333333;
2000-01-10;3,3;8,1;26,4;34,3;24,36;19,9;76,5;2,333333;
2000-01-11;2,7;11,7;43,6;36,4;27,64;19;49,5;1,333333;
2000-01-12;6,8;5,7;0;33,5;25,34;20,2;69,5;1;
2000-01-13;3,9;9,2;13,2;35,4;28,58;21,3;60;1,333333;
2000-01-14;4;0;0;29,3;22,98;20,8;96,5;1,666667;
2000-01-15;,3;6,3;67,4;29,8;24,18;20,1;80,25;2,333333;
2000-01-16;4,1;5,8;,4;33,4;24,52;20;80,75;1;
2000-01-17;,2;1,4;9,2;27;23,88;21,7;86;2,333333;
2000-01-18;,9;9,2;,5;30,3;23,52;19,1;66;2,333333;
2000-01-19;4,2;12,1;0;29,8;23,56;17,4;58,5;1,666667;
2000-01-20;4,4;11,9;0;31,3;24,38;17;57;1,666667;
2000-01-21;4,9;10,6;0;35;26,88;19,8;52,5;2,333333;
2000-01-22;6,2;2,7;,8;27,9;22,64;19,2;76,25;4,333333;
2000-01-23;3,2;8,5;0;27,8;22,36;17,4;70,75;3;
2000-01-24;3,1;9;0;28,8;22,84;16,1;60,5;3,666667;
2000-01-25;4,7;11,9;0;29;22,8;17,1;54,25;6;
2000-01-26;5,6;11,8;0;27,4;21,7;15,3;60;2,333333;
2000-01-27;4,4;11,9;0;27,9;21,7;14,6;57,25;2,333333;
2000-01-28;4,7;12,2;0;29,4;22,66;16,3;53,25;2,333333;
2000-01-29;5;12,2;0;32,4;24,32;17;58,25;1,666667;
2000-01-30;4,7;0;0;27,8;22,24;20,2;84,75;1;
2000-01-31;1;1,7;50,5;22,4;20,14;17;93,75;1,666667;
2000-02-01;,8;2,1;5,9;27,5;22,18;19,9;86,25;1,333333;
2000-02-02;1,4;5,2;,2;28,2;null;null;83,5;1;
2000-02-03;1,5;1,2;0;26,7;null;null;89,25;3;
2000-02-04;1;9,3;1,1;28,3;null;null;73,75;1,666667;
2000-02-05;2,9;12;0;30,5;null;null;70,25;2,333333;
2000-02-06;3,9;12,1;0;31,5;null;null;64;1,666667;
2000-02-07;4,7;11,3;0;29,5;null;null;63,75;2,333333;
2000-02-08;4;9,8;0;31;null;null;80,5;1,666667;
2000-02-09;2,5;3,3;0;31,1;null;null;94,25;1,666667;
2000-02-10;1;11,1;28,3;30,8;null;null;71,25;1,666667;
2000-02-11;2;3,2;0;29,5;null;null;75,5;1,666667;
2000-02-12;5;10,2;0;35,5;null;null;71,25;2,333333;
2000-02-13;4,3;1,4;35,8;26,3;null;null;80,25;3,666667;
2000-02-14;2,7;0;0;22,2;null;null;73;4,333333;
2000-02-15;3,8;6,4;0;24;null;null;65,5;4;
2000-02-16;4,5;11,2;0;24,7;null;null;71,25;4;
2000-02-17;4;10,8;0;25,4;null;null;66,75;3;
2000-02-18;3,5;10,4;0;28,3;null;null;64,25;1,666667;
2000-02-19;3,3;10,2;0;29,9;null;null;61;1;
2000-02-20;3;4,7;0;28;null;null;70,5;1;
2000-02-21;2,3;7,4;0;30,5;null;null;80;1,333333;
2000-02-22;2,4;7,5;5,4;28,5;null;null;78,5;1,333333;
2000-02-23;1,8;11,1;3;30,4;null;null;71,75;1;
2000-02-24;3,2;9,8;0;33;null;null;62,75;1,333333;
2000-02-25;4,2;0;0;28,8;null;null;75,5;1,333333;
2000-02-26;2,3;0;6,1;23,3;null;null;98,5;1,666667;
2000-02-27;,3;6,9;33,1;33;null;null;83,75;3,666667;
2000-02-28;2,8;5,1;9,3;24,5;null;null;70,5;2,333333;
2000-02-29;3,4;11;0;24,7;null;null;63;4;
2000-03-01;4;3,5;0;24;null;null;80;5;
2000-03-02;2;3,9;,6;27,2;null;null;87;1;
2000-03-03;1,1;0;13,1;24,1;null;null;97,75;1;
2000-03-04;,3;6,7;6,1;27,8;null;null;84,75;1;
2000-03-05;1,2;2,6;0;27,5;null;null;93;1;
2000-03-06;1;6,5;,3;27,2;null;null;83,5;3,333333;
2000-03-07;1,9;8,5;0;25,4;null;null;70,75;3,333333;
2000-03-08;3,1;9,9;0;24,5;null;null;71,25;3;
2000-03-09;3;8;0;26,2;null;null;77,25;2;
2000-03-10;2,1;7,3;0;25,8;null;null;77,25;1,666667;
2000-03-11;2,1;8,4;0;26,4;null;null;77;1,666667;
2000-03-12;2,1;9;0;25,5;null;null;77,75;3;
2000-03-13;2,6;8,2;0;26,2;null;null;77;1,666667;
2000-03-14;2,1;8,9;0;28,7;null;null;72,25;1,666667;
2000-03-15;2,8;9,9;0;28,4;null;null;79,5;1,666667;
2000-03-16;2;8,9;0;31,7;null;null;69,25;2,333333;
2000-03-17;3;7,5;8,4;27,8;null;null;73,75;1,666667;
2000-03-18;2,7;9,9;0;24;null;null;67,25;1;
2000-03-19;2,7;10;0;24,2;null;null;62,5;1,666667;
2000-03-20;3,7;9,8;0;28,6;null;null;70,25;2;
2000-03-21;2,6;0;3,1;21,8;null;null;93,25;2;
2000-03-22;,5;9,4;31;25,4;null;null;82,25;3,333333;
2000-03-23;1,7;8,3;0;30,3;null;null;79,75;1,666667;
2000-03-24;2,8;7;28;26,3;null;null;75,5;2;
2000-03-25;3,2;10;0;27,3;null;null;67,25;2;
2000-03-26;2,6;,5;0;18,6;null;null;97;1,666667;
2000-03-27;,4;0;34,4;18,4;null;null;87,5;2;
2000-03-28;,1;9,1;14;19,5;null;null;74,25;1,666667;
2000-03-29;2,4;9,4;0;20,2;null;null;71,75;2,666667;
2000-03-30;2,3;5,9;0;24,3;null;null;82,25;1;
2000-03-31;2,1;,8;1,8;22,2;null;null;86,5;1;
2000-04-01;1;8,2;0;23,4;null;null;75;2,333333;
2000-04-02;2,1;9,2;0;21,9;null;null;69,5;1,666667;
2000-04-03;2,7;8;0;24,8;null;null;77;2,333333;
2000-04-04;1,9;,5;14,5;21,3;null;null;95,5;2,333333;
2000-04-05;,5;7,5;6,1;27,4;null;null;86,25;1,333333;
2000-04-06;1;0;0;27,4;null;null;89;1,666667;
2000-04-07;1,5;7,5;0;29,9;null;null;78;2,666667;
2000-04-08;4;3,6;0;29,4;null;null;79;1;
2000-04-09;1,7;9,7;0;31,8;null;null;75,25;1,666667;
2000-04-10;4,4;8,8;0;32,2;null;null;76,25;2,333333;
2000-04-11;4,1;2,9;6,1;22,4;null;null;86,25;3;
2000-04-12;1,4;6,7;0;21,9;null;null;84,5;2,666667;
2000-04-13;1,5;9,3;0;22,8;null;null;83;1;
2000-04-14;1,7;6,7;0;23,7;null;null;77,5;1;
2000-04-15;1,7;5,1;0;24,2;null;null;75,5;1,666667;
2000-04-16;1,7;0;2,3;19,6;null;null;93,25;3,333333;
2000-04-17;,5;0;3,7;16,4;null;null;98,5;5,666667;
2000-04-18;,1;0;17,2;18,3;null;null;98;1,666667;
2000-04-19;,3;4,2;8,8;20,1;null;null;94,75;4,666667;
2000-04-20;,7;4,9;2;21,2;null;null;87,25;2,666667;
2000-04-21;1,5;8,4;0;21,8;null;null;83;1;
2000-04-22;1,3;9,6;0;22,2;null;null;81,5;1;
2000-04-23;2,1;9,6;0;23,4;null;null;73,5;1,666667;
2000-04-24;2,7;9,4;0;24,8;null;null;74,75;1;
2000-04-25;2,3;8;0;25,5;null;null;79,75;1;
2000-04-26;1,7;9,1;0;28,3;null;null;78,75;1;
2000-04-27;1,9;7,2;0;27,5;null;null;79,25;2,333333;
2000-04-28;1,7;5,5;,4;26,6;null;null;90;2,333333;
2000-04-29;1,1;6,1;0;24,2;null;null;90,25;1,666667;
2000-04-30;1;8,1;0;28,3;null;null;74,75;2,333333;
2000-05-01;2,8;0;41,4;22,4;null;null;97,5;3,666667;
2000-05-02;,3;0;80,8;22,2;null;null;88;1;
2000-05-03;,8;,4;,4;18;null;null;94,5;6,666667;
2000-05-04;,5;0;32,4;17,3;null;null;99;1,666667;
2000-05-05;,2;,2;12,4;16,7;null;null;95,25;5;
2000-05-06;,5;9,2;3,2;15,1;null;null;79,75;5,666667;
2000-05-07;1,6;8,9;0;18,2;null;null;81,5;1;
2000-05-08;1,3;7,9;0;19,4;null;null;81,75;1;
2000-05-09;1,4;8,1;0;20,4;null;null;81,5;1;
2000-05-10;1,8;9,3;0;18,3;null;null;80,25;2,333333;
2000-05-11;1,6;6;0;19,3;null;null;84,5;1,333333;
2000-05-12;1,2;6,3;0;22,1;null;null;83,25;1,666667;
2000-05-13;1,7;5,2;0;24,4;null;null;77,5;1,333333;
2000-05-14;1,6;0;0;19,6;null;null;89;2,666667;
2000-05-15;,9;0;4,8;16,8;null;null;99,25;2;
2000-05-16;,3;0;51;16,8;null;null;95;5,666667;
2000-05-17;,3;4,4;23,9;17,4;null;null;93,25;3,333333;
2000-05-18;,5;3,9;1,8;16,8;null;null;90,5;2;
2000-05-19;,7;1,8;0;15,5;null;null;88,25;1,666667;
2000-05-20;,9;6,4;0;17,2;null;null;87;1;
2000-05-21;,7;4,8;0;18,8;null;null;90,5;1;
2000-05-22;,8;7,4;0;21,1;null;null;82,5;1,333333;
2000-05-23;1,8;7,8;0;21;null;null;81,75;1;
2000-05-24;1,2;5,1;0;20,1;null;null;89,25;1,666667;
2000-05-25;,9;,1;0;18,8;null;null;94,75;2,666667;
2000-05-26;,5;7,3;59,6;19,7;null;null;82,25;2;
2000-05-27;1,7;8,4;0;19,3;null;null;72,75;2;
2000-05-28;1,9;8,3;0;19,2;null;null;81;1;
2000-05-29;1,5;7,7;0;16,9;null;null;80,5;1,333333;
2000-05-30;1,4;8,4;0;18,2;null;null;77,75;2,666667;
2000-05-31;1,7;1,4;0;14,7;null;null;83,25;2,333333;
2000-06-01;1;7,8;0;14,9;null;null;77;1,666667;
2000-06-02;1,4;8,5;0;15,3;null;null;65,5;1,333333;
2000-06-03;1,3;7,6;0;19,4;null;null;80,75;2,333333;
2000-06-04;1;7,5;0;21,4;null;null;84,75;1,333333;
2000-06-05;1,1;1,7;0;20,9;null;null;95;1,333333;
2000-06-06;,6;0;0;19;null;null;100;1;
2000-06-07;,1;0;7,2;18,8;null;null;100;1,666667;
2000-06-08;0;1,9;35;20,4;null;null;91;2,333333;
2000-06-09;,8;1,2;1,2;19,2;null;null;91;1,666667;
2000-06-10;,7;0;17,6;17;null;null;100;1;
2000-06-11;,2;,9;45,8;17,2;null;null;90,25;1;
2000-06-12;,6;9,2;0;19,1;null;null;83,25;1,009627;
2000-06-13;,1;3,3;0;24,4;null;null;86,75;2;
2000-06-14;1,8;2,6;0;26,6;null;null;70,25;3,333333;
2000-06-15;3,7;,2;1;24,2;null;null;84,75;3;
2000-06-16;2,5;0;3,6;20,8;null;null;95;2,333333;
2000-06-17;,7;0;,4;10;null;null;90,75;3,666667;
2000-06-18;,6;0;0;10,2;null;null;98,5;3;
2000-06-19;,2;0;10,1;11,3;null;null;85;1,666667;
2000-06-20;,4;,6;0;12,2;null;null;86;2,333333;
2000-06-21;,8;3,7;0;13,5;null;null;73,75;1;
2000-06-22;1,8;3,4;0;15;null;null;72,75;3,666667;
2000-06-23;2,3;,3;0;21,4;null;null;71;3,666667;
2000-06-24;3,9;1,3;0;22,6;null;null;77,5;6,333333;
2000-06-25;3,3;1,9;0;17,8;null;null;87;3;
2000-06-26;1,1;2,5;0;13,9;null;null;88;2,333333;
2000-06-27;,7;,9;0;16,8;null;null;90;2,333333;
2000-06-28;,6;0;2,6;20,2;null;null;96,25;5,666667;
2000-06-29;,4;0;55;16,4;null;null;97;2,666667;
2000-06-30;,2;,5;0;12,2;null;null;95,75;2;
2000-07-01;,2;,1;,3;16,8;null;null;97,75;1;
2000-07-02;,2;5,4;76,8;15,2;null;null;80;3,666667;
2000-07-03;1,9;7,7;0;15,6;null;null;73;1;
2000-07-04;2,1;7,9;0;18,8;null;null;65;1,333333;
2000-07-05;2,1;7,8;0;22,3;null;null;86,75;1,666667;
2000-07-06;1,4;8;0;25,2;null;null;74,25;3,333333;
2000-07-07;3,1;7,9;0;25,2;null;null;70,25;3;
2000-07-08;3,3;1,6;0;21;null;null;93,75;1,333333;
2000-07-09;1,4;0;1,6;16,6;null;null;99,25;4,333333;
2000-07-10;,4;0;7,7;11,4;null;null;99,25;3,666667;
2000-07-11;,1;0;6;9,4;null;null;95,25;4,333333;
2000-07-12;0;0;,6;5,4;null;null;93,75;4,333333;
2000-07-13;,2;6,8;0;6,2;null;null;84;1,666667;
2000-07-14;,7;7,2;0;9,2;null;null;75,25;1;
2000-07-15;1,9;5,9;0;12,2;null;null;77;3,333333;
2000-07-16;1,4;4,8;0;7,8;null;null;82,25;2,333333;
2000-07-17;2,3;7,8;0;10,6;null;null;70,25;1,333333;
2000-07-18;2,1;6;0;13,2;null;null;72;3,666667;
2000-07-19;1,9;8;0;10,6;null;null;82,25;2,333333;
2000-07-20;1,9;8,3;0;12,8;null;null;69,25;2;
2000-07-21;4,6;8,2;0;16,6;null;null;59;1,333333;
2000-07-22;2,7;4,3;0;13,1;null;null;79;1,333333;
2000-07-23;1,4;7,7;0;10,4;null;null;68,25;1,666667;
2000-07-24;2,1;8,2;0;15,2;null;null;69,5;1,333333;
2000-07-25;3,6;8,5;0;19,7;10,6;5,5;65,25;1;
2000-07-26;3,1;8,3;0;15;7,9;3,9;63,25;1;
2000-07-27;2,6;8,3;0;16,8;9,54;3,5;75,5;1;
2000-07-28;1,7;8,3;0;18,6;10,36;6;86,75;1,333333;
2000-07-29;1,2;4,8;0;14,6;8,02;5,5;89;2,333333;
2000-07-30;,9;0;0;9,4;7,38;5,6;99,25;1;
2000-07-31;,1;0;0;11,2;9,28;7;99,25;1;
2000-08-01;,2;2,2;,2;19,6;13,6;9,8;97,5;1;
2000-08-02;,6;8,5;0;22;13,9;11,1;83;1;
2000-08-03;2;8,1;0;15,1;8,42;5,4;62,25;2,333333;
2000-08-04;3,4;7,6;0;13,8;7,12;1,4;56,25;1,666667;
2000-08-05;2,5;8,5;0;20,8;11,68;3;69,75;2;
2000-08-06;3,2;8,6;0;23,6;15,74;10;72;1,333333;
2000-08-07;4,3;8,4;0;25,8;18,42;12,5;70,25;1;
2000-08-08;3,4;8;0;27,2;20,68;16,6;68,25;2;
2000-08-09;3,2;7,1;20,6;20,7;10,16;7,2;76,5;4,666667;
2000-08-10;2,5;8,2;0;11,6;5,16;1,9;78,75;3;
2000-08-11;2,2;9,1;0;11,2;5,5;1,9;68,75;2,333333;
2000-08-12;2;8,2;0;11,6;6,46;0;65;2,333333;
2000-08-13;2,2;7,1;0;18;11,72;5,9;73;1;
2000-08-14;2,1;,1;0;15,8;13,8;12,2;86;,666667;
2000-08-15;,8;6,9;0;17,1;11,92;9,5;77,75;2,333333;
2000-08-16;2,2;8,4;0;19;11,74;7,5;65,75;1,666667;
2000-08-17;2,7;9,3;0;20,4;12,24;6,2;64,75;1,666667;
2000-08-18;3;9,5;0;21,3;14,1;8,2;56;2,333333;
2000-08-19;3,6;9,4;0;26,6;16,96;8;71,5;1,666667;
2000-08-20;3,6;0;0;22,6;16,96;12,6;85,25;1,333333;
2000-08-21;1,4;8;0;26;19,12;13,5;71;1,333333;
2000-08-22;2,7;7,1;0;31;22,22;15,5;64,75;3;
2000-08-23;6,3;3,4;0;26,8;21,16;18;71,5;2;
2000-08-24;3,2;,4;0;20,3;17,78;16,6;95,25;1;
2000-08-25;,5;0;30,2;17,7;13,68;11,9;96;1;
2000-08-26;,4;9,6;12,8;17,6;11,42;8,5;74;1;
2000-08-27;2,2;10,5;0;18,4;12,06;7,5;69,5;,666667;
2000-08-28;2,5;9,6;0;13;5,78;1,5;66,5;1;
2000-08-29;3,1;5,7;0;18,2;9,68;3,4;59;2;
2000-08-30;4,4;9,7;0;22;14,34;6,5;51,75;3;
2000-08-31;4,2;8,7;0;15,9;9,4;7;69,25;2,666667;
2000-09-01;2,3;10,1;0;14,6;7,84;3;60,75;4,666667;
2000-09-02;3;9,6;0;17,4;8,96;1,2;49,25;2;
2000-09-03;4,1;9,6;0;16,8;10,04;3,6;62,75;1,666667;
2000-09-04;2,9;9,8;0;22,2;13,08;4,9;65,75;1;
2000-09-05;2,7;9,5;0;22,3;14,66;10;63,25;1,666667;
2000-09-06;2,9;9,6;0;22,2;13,64;7,4;67,5;1,666667;
2000-09-07;3,1;9,1;0;26,8;17,66;7,9;63,5;1,333333;
2000-09-08;4,2;7,5;0;27,9;19,48;12,7;68,75;1;
2000-09-09;3,3;0;0;23,2;17,68;13,9;89,25;1;
2000-09-10;1,2;1,8;7,2;26;20,04;16,2;85,25;2,333333;
2000-09-11;2,2;,8;33,6;19,5;16,74;15,2;90;3,333333;
2000-09-12;2,6;1,2;0;15,2;10,46;8,6;73,75;8,666667;
2000-09-13;2,8;0;9,7;8,6;6,74;5,4;95;7,666667;
2000-09-14;,4;0;27,8;11,6;9,66;6,5;98,75;7;
2000-09-15;,2;1,9;5,9;16;11,76;9,2;94,25;1,666667;
2000-09-16;,4;4,3;,2;19;12,9;10,2;88,75;1;
2000-09-17;1,4;4,5;0;19,5;15;9,5;86;1,666667;
2000-09-18;1,2;0;0;17;16,16;15,4;99,5;1;
2000-09-19;,2;,3;32,4;18,9;17;14,6;87,25;3,333333;
2000-09-20;1;2,6;,8;29,2;21,62;15,5;80;6;
2000-09-21;2,5;,2;17,7;22,1;14,84;12,8;88,25;1;
2000-09-22;1,1;9,6;0;20,4;13,84;9,6;74;1,333333;
2000-09-23;2,2;5,4;0;21,8;15,34;9,5;77;1,666667;
2000-09-24;2,4;9,2;2;15,5;9,52;6,9;68,25;3;
2000-09-25;3,2;9,2;0;15,2;8,1;1;61,25;1,333333;
2000-09-26;2,1;9,9;0;16;9,92;3,6;68,25;1;
2000-09-27;2;9,9;0;23,4;14,58;5,7;66;1,333333;
2000-09-28;2,7;9,6;0;26,8;18,4;9,8;60,75;1;
2000-09-29;3,3;8,7;0;27,5;20,58;14,2;67;1,333333;
2000-09-30;3,4;6,3;0;28,5;20,94;15,6;78,25;1;
2000-10-01;1,6;6,6;6,1;27,6;20,62;16,4;82,5;1;
2000-10-02;1,8;1,1;0;21,8;18,12;16;93,25;2,333333;
2000-10-03;1,1;2,8;0;19,8;17,08;15,8;89,5;2,333333;
2000-10-04;,9;5,7;3,4;22,9;15,64;13,5;76,5;3,333333;
2000-10-05;2,7;10;0;21;13,52;10,8;72;2;
2000-10-06;3;10,2;0;20,6;12,54;5,7;68,25;1;
2000-10-07;2,7;10,2;0;23,4;15,86;9,9;65,25;1;
2000-10-08;2,9;10,3;0;23,3;16,12;10,4;64,75;1,666667;
2000-10-09;3,5;0;5;17,2;15,04;12,4;97,75;1;
2000-10-10;,4;9,5;44,4;19,6;13,84;10;68;2,666667;
2000-10-11;3,1;3,7;0;18,8;14,68;9,3;91;1,333333;
2000-10-12;,6;8,3;0;28,1;20,02;15,6;78,75;1;
2000-10-13;2,5;0;0;20,5;16,66;12,7;82,75;3;
2000-10-14;1,7;0;0;18,6;16,02;14,6;80,5;3,666667;
2000-10-15;2,6;1,4;0;20,2;16,18;13;79;2,666667;
2000-10-16;2,2;,8;0;21,6;17,8;13,6;94;1,333333;
2000-10-17;,6;1,5;3,4;24,6;20,46;17,5;90;1,666667;
2000-10-18;1,2;4,4;,8;24,3;19,98;17,2;88,25;1;
2000-10-19;1,2;0;0;19,8;17,66;16,9;98;1;
2000-10-20;,2;10,6;24,9;27;20,68;15,6;83;1;
2000-10-21;1,8;10,5;0;28;21,88;17;76;1,666667;
2000-10-22;2,4;0;0;22,1;18,62;16,8;95,75;1,666667;
2000-10-23;,8;0;6;17,2;16,74;16,5;98,75;5;
2000-10-24;,2;1,2;16,4;23,6;19,14;15,5;92,25;2,333333;
2000-10-25;1,1;,4;,5;24;20,28;16,8;88;3;
2000-10-26;1;,5;13,8;24,6;20,84;18,6;97;2;
2000-10-27;,4;10,7;11,4;25,2;18,74;14,9;69;3;
2000-10-28;3,2;10,5;0;21,9;14,9;10,5;69,75;2;
2000-10-29;2,9;10,9;0;19,6;13,38;8,8;72,5;1,333333;
2000-10-30;2,2;11,3;0;26,8;18,48;10;63,5;1;
2000-10-31;3,7;9,7;0;27,7;21,34;15,6;68;1;
2000-11-01;3,9;0;0;24,8;19,3;15,3;90;1,666667;
2000-11-02;,9;4,3;40,1;22,3;18;16,4;75,75;1,666667;
2000-11-03;2,2;11,8;0;24,2;18,2;13,4;55,5;1;
2000-11-04;3,6;8,6;0;22,7;17,9;16,4;65,25;1,333333;
2000-11-05;3,5;10,9;0;24,2;17,62;9,8;54,25;1,666667;
2000-11-06;4,3;10,8;0;24,9;18,84;12,7;65;1,666667;
2000-11-07;4,4;3,1;0;25,5;18,88;14,3;88,5;4,333333;
2000-11-08;1,3;0;8,6;22,9;19,34;16,8;90,75;1;
2000-11-09;,7;,1;0;20,6;17,36;16,1;93,75;2;
2000-11-10;1,1;9,5;,2;25;19,6;14,9;73,25;2;
2000-11-11;2,3;9;0;25,6;20,74;17,5;83,5;2,333333;
2000-11-12;2;5,4;15,4;26,4;20,68;16,2;83;2;
2000-11-13;1,6;2,3;0;22,5;17,16;15,1;76,5;2,666667;
2000-11-14;3,4;7,8;0;17,4;11,68;9,4;59,5;3;
2000-11-15;3;8;0;19;13,58;6,8;62;1;
2000-11-16;2,7;12,2;0;22,3;16,2;9,9;60,5;1;
2000-11-17;3,3;12,7;0;24,8;18,56;12,9;58;1;
2000-11-18;3,8;12,6;0;26;20,26;13,1;58,5;1;
2000-11-19;5,3;12,5;0;31,1;23,34;16,8;47,75;2,333333;
2000-11-20;5;4,2;0;21,9;15,62;12,6;67,5;3,333333;
2000-11-21;3,6;12,6;0;27,2;19,24;9,8;60,75;1;
2000-11-22;3,8;8,8;0;33,2;22,88;14,8;70,75;1,333333;
2000-11-23;3,8;11;0;32,5;26,04;19;58;1,666667;
2000-11-24;4,9;0;6,2;26,2;18,56;16;85,5;3,333333;
2000-11-25;1,4;12;0;24,4;17,52;9,8;70,5;2,333333;
2000-11-26;3;11,6;0;28,7;21,48;14,6;60,5;1;
2000-11-27;4;1,4;0;26,9;22,34;18,9;81,5;1;
2000-11-28;1,3;0;,8;20,4;18,04;16,9;97,25;1;
2000-11-29;,2;1,9;26;21,1;17,58;16,4;86;3,333333;
2000-11-30;2;12,3;0;23,2;17,18;11,1;63,5;3,333333;
2000-12-01;4,1;10,6;0;23,8;17,4;10,2;65,75;1,666667;
2000-12-02;3,5;12,5;0;29;20,62;12,7;61,25;1;
2000-12-03;4,1;7,7;0;28,6;23,4;19,8;58;1;
2000-12-04;3,7;5,3;9,4;24,8;17,72;14,2;79,25;3,333333;
2000-12-05;2,3;8,7;0;26,4;19,7;15,1;69;1,666667;
2000-12-06;3,3;12,7;0;31,2;23;15,1;53,25;1;
2000-12-07;5,5;11,1;0;32;25,7;19,8;53,5;1;
2000-12-08;2,8;5,6;0;33,2;26,66;21,2;59;1;
2000-12-09;7,2;12,3;0;35;28,34;24,3;45,75;1,333333;
2000-12-10;5,7;10,5;0;30,6;24,02;17,9;64,25;1,666667;
2000-12-11;4,1;1,9;0;26,3;21,7;17,9;81,75;1;
2000-12-12;2,2;6,8;0;31,8;26,78;20,5;64,75;1;
2000-12-13;3,8;11,4;0;34,1;27,1;20,9;67;1;
2000-12-14;4,3;8,1;0;33,4;25,3;20,4;73,5;1;
2000-12-15;3,1;9,6;0;31,4;22,14;18,1;72,75;2,666667;
2000-12-16;3,7;11,6;0;21,8;16,62;14,2;57,25;2,666667;
2000-12-17;3,6;12;0;27,8;19,56;11,2;51;1;
2000-12-18;5,1;12,6;0;32,6;25;19;50;1;
2000-12-19;4,8;7,3;0;29,2;20,98;15,9;64;2;
2000-12-20;4;10,2;0;30,2;23;16,1;48;1;
2000-12-21;4,9;0;0;23,3;18,54;14,6;89,5;2;
2000-12-22;1,4;12,5;0;33,2;25,34;17,6;57,75;1;
2000-12-23;3,8;0;0;25,8;18,68;16,2;87;3,666667;
2000-12-24;2,3;5,8;7,2;27,9;21,38;14,2;77,5;2;
2000-12-25;2,5;10,6;0;31,5;25,46;19,4;68,25;1,666667;
2000-12-26;4,5;11;0;35,3;28,96;23,5;64,25;2;
2000-12-27;2,6;0;20;28,7;19,86;16,6;96,75;3,333333;
2000-12-28;3,4;2,3;10,4;24,6;19,9;16,1;86,75;1;
2000-12-29;1,3;4,6;0;24,5;20,66;17,8;87,25;2;
2000-12-30;1,6;9,9;8,6;27,8;21,64;16,6;72,25;1;
2000-12-31;2,9;9,1;0;28,3;22,86;18,9;69,75;1;
2001-01-01;null;12,4;0;31,2;24,04;19,2;59,25;null;
2001-01-02;null;12,3;0;30,8;24,5;17,8;63,5;null;
2001-01-03;null;12,2;0;33,6;26,28;17,7;66,5;null;
2001-01-04;null;5,8;0;35,5;25,44;17,8;71,5;null;
2001-01-05;null;9,6;0;34,5;28,68;22,8;59,25;null;
2001-01-06;null;11,4;0;34,8;27,34;20,9;60,25;null;
2001-01-07;null;1,3;null;null;23,04;21,1;92,5;null;
2001-01-08;null;2,2;41,9;27,8;23,5;20;86,5;null;
2001-01-09;null;9,7;0;29,8;24,6;18,1;78,75;null;
2001-01-10;null;,1;27,2;null;20,76;19,3;87,75;null;
2001-01-11;null;11,8;18,6;23;17,86;15,8;58,5;null;
2001-01-12;null;12,5;null;24,2;19,18;14,9;63;null;
2001-01-13;null;6,7;0;27,6;23,3;18;77,75;null;
2001-01-14;null;2,1;0;28,2;22,4;20,3;90,75;null;
2001-01-15;null;6,8;,8;30,1;24,04;20,1;78;null;
2001-01-16;null;8,3;0;32;25,16;20,6;73,75;null;
2001-01-17;null;,2;,3;26,9;22,74;21,3;95,25;null;
2001-01-18;null;2,6;22,7;26,2;22,76;20,1;85,5;null;
2001-01-19;null;1,1;,6;24,7;21,34;19,6;85,75;null;
2001-01-20;null;12,1;null;26;21,3;18,9;68,75;null;
2001-01-21;null;12,3;0;27,4;22,06;18,1;74,5;null;
2001-01-22;null;,1;0;28,4;22,76;17,8;86,5;null;
2001-01-23;null;7,5;0;30,1;25,34;21,9;79,75;null;
2001-01-24;null;10,1;3;31,8;25,54;20,5;79;null;
2001-01-25;null;10,2;0;31,5;25,38;20;77,25;null;
2001-01-26;null;8;0;32,8;27,32;21,3;70,25;null;
2001-01-27;null;0;0;null;22,5;19,8;87,5;null;
2001-01-28;null;0;40,2;21,4;18,72;16,4;97,75;null;
2001-01-29;null;7,5;30,2;26,2;20,96;16,2;84,25;null;
2001-01-30;null;9,7;0;27,4;22,1;17,4;78,5;null;
2001-01-31;null;7,8;0;30,8;24,92;19,8;79,25;null;
2001-02-01;null;null;null;null;null;null;null;null;
2001-02-02;null;null;null;null;null;null;null;null;
2001-02-03;null;null;null;null;null;null;null;null;
2001-02-04;null;null;null;null;null;null;null;null;
2001-02-05;null;null;null;null;null;null;null;null;
2001-02-06;null;null;null;null;null;null;null;null;
2001-02-07;null;null;null;null;null;null;null;null;
2001-02-08;null;null;null;null;null;null;null;null;
2001-02-09;null;null;null;null;null;null;null;null;
2001-02-10;null;null;null;null;null;null;null;null;
2001-02-11;null;null;null;null;null;null;null;null;
2001-02-12;null;null;null;null;null;null;null;null;
2001-02-13;null;null;null;null;null;null;null;null;
2001-02-14;null;null;null;null;null;null;null;null;
2001-02-15;null;null;null;null;null;null;null;null;
2001-02-16;null;null;null;null;null;null;null;null;
2001-02-17;null;null;null;null;null;null;null;null;
2001-02-18;null;null;null;null;null;null;null;null;
2001-02-19;null;null;null;null;null;null;null;null;
2001-02-20;null;null;null;null;null;null;null;null;
2001-02-21;null;null;null;null;null;null;null;null;
2001-02-22;null;null;null;null;null;null;null;null;
2001-02-23;null;null;null;null;null;null;null;null;
2001-02-24;null;null;null;null;null;null;null;null;
2001-02-25;null;null;null;null;null;null;null;null;
2001-02-26;null;null;null;null;null;null;null;null;
2001-02-27;null;null;null;null;null;null;null;null;
2001-02-28;null;null;null;null;null;null;null;null;
2001-03-01;null;null;null;null;null;null;null;null;
2001-03-02;null;null;null;null;null;null;null;null;
2001-03-03;null;null;null;null;null;null;null;null;
2001-03-04;null;null;null;null;null;null;null;null;
2001-03-05;null;null;null;null;null;null;null;null;
2001-03-06;null;null;null;null;null;null;null;null;
2001-03-07;null;null;null;null;null;null;null;null;
2001-03-08;null;null;null;null;null;null;null;null;
2001-03-09;null;null;null;null;null;null;null;null;
2001-03-10;null;null;null;null;null;null;null;null;
2001-03-11;null;null;null;null;null;null;null;null;
2001-03-12;null;null;null;null;null;null;null;null;
2001-03-13;null;null;null;null;null;null;null;null;
2001-03-14;null;null;null;null;null;null;null;null;
2001-03-15;null;null;null;null;null;null;null;null;
2001-03-16;null;null;null;null;null;null;null;null;
2001-03-17;null;null;null;null;null;null;null;null;
2001-03-18;null;null;null;null;null;null;null;null;
2001-03-19;null;null;null;null;null;null;null;null;
2001-03-20;null;null;null;null;null;null;null;null;
2001-03-21;null;null;null;null;null;null;null;null;
2001-03-22;null;null;null;null;null;null;null;null;
2001-03-23;null;null;null;null;null;null;null;null;
2001-03-24;null;null;null;null;null;null;null;null;
2001-03-25;null;null;null;null;null;null;null;null;
2001-03-26;null;null;null;null;null;null;null;null;
2001-03-27;null;null;null;null;null;null;null;null;
2001-03-28;null;null;null;null;null;null;null;null;
2001-03-29;null;null;null;null;null;null;null;null;
2001-03-30;null;null;null;null;null;null;null;null;
2001-03-31;null;null;null;null;null;null;null;null;
2001-04-01;null;3,6;0;26,4;19,64;15,2;83;null;
2001-04-02;null;8,1;0;27,4;20,08;15,6;78,5;null;
2001-04-03;null;8,6;0;25,8;19,74;15,6;69,5;null;
2001-04-04;null;,8;0;21,8;18,08;14,5;82,75;null;
2001-04-05;null;null;1,8;null;17,44;17;99,5;null;
2001-04-06;null;3,5;40,2;22,6;18,56;16,2;87,5;null;
2001-04-07;null;2,6;0;24,2;20,28;16,6;85,5;null;
2001-04-08;null;null;0;null;19,22;18,1;99,5;null;
2001-04-09;null;,5;35,1;23,4;18,28;16,6;95,75;null;
2001-04-10;null;7,5;1,2;24,3;17,56;13,5;84;null;
2001-04-11;null;9,5;0;25,4;19,32;14,2;75,25;null;
2001-04-12;null;4,2;69,4;26,4;20,72;17,2;91,5;null;
2001-04-13;null;5,1;0;26,4;20,9;18,5;88,25;null;
2001-04-14;null;6,9;0;30,8;22,42;18,5;87;null;
2001-04-15;null;2,9;3,5;23,6;18,96;17,5;82,5;null;
2001-04-16;null;5,5;0;24,8;19,46;14,2;82,25;null;
2001-04-17;null;8,5;0;28,2;20,78;15,1;85,25;null;
2001-04-18;null;9,1;0;28,9;22,16;17,5;74;null;
2001-04-19;null;4,8;0;26,6;19,64;16,7;70;null;
2001-04-20;null;5,1;5,4;22,8;16,18;12;75,5;null;
2001-04-21;null;9,1;0;23,4;15,36;11,5;64;null;
2001-04-22;null;9,7;0;24;16,56;9;69,5;null;
2001-04-23;null;null;44,4;20,4;15,46;12,4;96;null;
2001-04-24;null;8,3;55,2;17,3;12,32;9,5;79,5;null;
2001-04-25;null;null;0;17;14,16;9,4;93,25;null;
2001-04-26;null;null;5,4;17;15,28;12,1;98,25;null;
2001-04-27;null;3,5;13,8;23,4;18,38;15,3;90,5;null;
2001-04-28;null;null;33,2;null;14,96;13;98,75;null;
2001-04-29;null;null;43,1;14,1;12,98;11,5;95,25;null;
2001-04-30;null;null;36,8;16,4;14,34;11,2;100;null;
2001-05-01;null;0;63,1;18,8;15,2;13,3;100;null;
2001-05-02;null;9;23,3;18,6;13,08;11,2;81,25;null;
2001-05-03;null;7;0;16,5;10,64;7,9;80,5;null;
2001-05-04;null;7,5;0;16,2;9,12;6;79,25;null;
2001-05-05;null;8,6;0;18,4;10,9;6,4;77;null;
2001-05-06;null;3;0;16,8;12,22;9,5;83,25;null;
2001-05-07;null;7,2;0;17,6;12,84;9;84,25;null;
2001-05-08;null;0;0;15,2;13,26;11,2;100;null;
2001-05-09;null;1,4;16;15,2;13,18;12,5;95,5;null;
2001-05-10;null;5,6;5,4;18,2;12,64;11,2;78,5;null;
2001-05-11;null;8,7;0;15,4;10,08;7;81,5;null;
2001-05-12;null;5,4;0;15,8;10,68;6,6;85;null;
2001-05-13;null;8,5;0;16,8;8,7;5,9;73,25;null;
2001-05-14;null;9,8;0;15;8,62;3,4;76,75;null;
2001-05-15;null;3,2;0;16,3;10,54;4,8;89,75;null;
2001-05-16;null;0;12;13,8;12,34;10,6;96,25;null;
2001-05-17;null;3,8;4;16,4;12,12;10,8;87,25;null;
2001-05-18;null;8,1;0;16,6;11,38;8;84,5;null;
2001-05-19;null;8,4;0;17,2;12,96;8,4;78,5;null;
2001-05-20;null;8,1;0;22,4;16,36;12,2;82,75;null;
2001-05-21;null;null;29,4;null;15,12;13,4;100;null;
2001-05-22;null;7,2;38,4;22,6;15,64;13,2;85,25;null;
2001-05-23;null;5,6;0;15,8;12,6;10,8;86;null;
2001-05-24;null;5,2;0;17,2;13,44;11;86,25;null;
2001-05-25;null;7,8;0;20,1;14,24;10,8;79;null;
2001-05-26;null;3,8;0;21,2;16,12;10,4;82,25;null;
2001-05-27;null;4,2;0;23,6;17,52;12,8;84,25;null;
2001-05-28;null;8;0;22,4;16,44;13;76,75;null;
2001-05-29;null;,7;0;20,8;16,06;12,7;92,75;null;
2001-05-30;null;4,4;0;21,4;16,08;12,2;87,25;null;
2001-05-31;null;null;4,6;23,6;19,24;14,4;99,25;null;
2001-06-01;null;null;191,4;22,2;20,16;18,4;99,5;null;
2001-06-02;null;3,8;76,4;24,2;19,84;18,4;92,5;null;
2001-06-03;null;4,1;0;24,4;20,4;18,2;80,5;null;
2001-06-04;null;1,3;1,8;23,2;19,3;15,3;88,5;null;
2001-06-05;null;1,1;0;23,6;19,44;15,6;88,25;null;
2001-06-06;null;4;22,2;null;13,38;10,8;85,25;null;
2001-06-07;null;null;0;14,6;12,88;9,2;100;null;
2001-06-08;null;,8;,4;17,4;13,84;10,2;97;null;
2001-06-09;null;1,3;0;25;18;13,8;90,5;null;
2001-06-10;null;7,5;0;25,4;19,04;14,4;85,25;null;
2001-06-11;null;5,9;0;21;16,36;14;89;null;
2001-06-12;null;2,1;0;22,8;17,9;14,2;88,75;null;
2001-06-13;null;6;0;24,6;20,52;15,8;83,25;null;
2001-06-14;null;7,2;0;25,3;19,06;14,8;82;null;
2001-06-15;null;null;0;20;15,1;12,1;94;null;
2001-06-16;null;3,2;10,4;13,2;9,06;7,5;84,75;null;
2001-06-17;null;2;0;10,6;7,9;6,4;89,75;null;
2001-06-18;null;2,5;0;11,8;7;4,4;83,75;null;
2001-06-19;null;1,2;0;12,7;7,48;4,1;88;null;
2001-06-20;null;1,2;0;9,8;6,64;3,9;85;null;
2001-06-21;null;7,1;0;12,6;6,16;1,8;81,75;null;
2001-06-22;null;7,8;0;13,4;6,6;2,4;79,25;null;
2001-06-23;null;6,8;0;15,5;8,36;4,3;79,75;null;
2001-06-24;null;,3;0;10,8;8,26;4,8;90;null;
2001-06-25;null;0;,4;12,4;11,34;9,8;100;null;
2001-06-26;null;3,2;16,2;14,4;9,76;7,4;87,75;null;
2001-06-27;null;7,3;0;15,2;9,2;5,6;83,25;null;
2001-06-28;null;6,3;0;16,4;8,96;6,2;87,75;null;
2001-06-29;null;3,5;0;16,9;11;6,8;92,25;null;
2001-06-30;null;4,5;0;19,2;13,66;10,8;87,75;null;
2001-07-01;null;3,8;0;23,6;15,94;11,5;86,75;null;
2001-07-02;null;null;12;null;13,14;12;99,25;null;
2001-07-03;null;1,8;0;21,4;16,08;11,8;93,5;null;
2001-07-04;null;0;3,8;null;14,28;10,8;83,5;null;
2001-07-05;null;8;31,8;11,4;6,84;4,4;81;null;
2001-07-06;null;2,4;0;12;8,12;2,8;82,25;null;
2001-07-07;null;7,3;0;24,2;17,12;11,4;82,75;null;
2001-07-08;null;2,4;0;23,5;18,1;14,6;82,75;null;
2001-07-09;null;6,6;0;26,4;19,12;15,4;84,25;null;
2001-07-10;null;0;4,2;23,8;20,48;16,6;97,5;null;
2001-07-11;null;6,4;59,2;null;8,76;4,4;72,75;null;
2001-07-12;null;7,6;0;14,2;6,7;3,3;71,75;null;
2001-07-13;null;8;0;null;null;2,5;77,25;null;
2001-07-14;null;3,5;0;null;null;2,5;87,5;null;
2001-07-15;null;5,6;0;null;null;10,6;86,75;null;
2001-07-16;null;7,5;0;null;null;10;76,5;null;
2001-07-17;null;1,3;1,2;null;null;10,8;89,75;null;
2001-07-18;null;2,5;14,2;null;null;14,4;91,25;null;
2001-07-19;null;0;0;null;null;13,5;100;null;
2001-07-20;null;6;32,2;null;null;11,2;82,5;null;
2001-07-21;null;7,6;0;null;null;6,4;82,75;null;
2001-07-22;null;7,4;0;null;null;3,4;78;null;
2001-07-23;null;8,1;0;null;null;,2;78,5;null;
2001-07-24;null;5,5;0;null;null;3,2;85,75;null;
2001-07-25;null;,9;0;null;null;8,5;95,5;null;
2001-07-26;null;2,1;4,2;null;null;6,1;81,5;null;
2001-07-27;null;6,6;0;null;null;1,2;79,75;null;
2001-07-28;null;8,4;0;null;null;,4;71,75;null;
2001-07-29;null;7,8;0;null;null;,6;72,25;null;
2001-07-30;null;3,6;0;null;null;8,9;77,75;null;
2001-07-31;null;5,8;0;null;null;13;null;null;
2001-08-01;null;7,5;0;null;null;12,9;66,25;null;
2001-08-02;null;8,5;0;null;null;14,8;65,5;null;
2001-08-03;null;8,8;0;null;null;16,8;66,25;null;
2001-08-04;null;8,7;0;null;null;15,6;null;null;
2001-08-05;null;7,3;0;null;null;15,2;77,75;null;
2001-08-06;null;6,2;0;null;null;12,9;81,5;null;
2001-08-07;null;8;6,6;null;null;6;71,5;null;
2001-08-08;null;8,7;0;null;null;6,8;72,5;null;
2001-08-09;null;5,8;0;null;null;7;85,5;null;
2001-08-10;null;3;6,6;null;null;11,8;91,25;null;
2001-08-11;null;4,3;1,2;null;null;12;88;null;
2001-08-12;null;7,9;0;null;null;12,2;81,5;null;
2001-08-13;null;2,5;0;22;18,1;14,9;84,75;null;
2001-08-14;null;5,2;3,6;22,6;18,42;15,9;83,75;null;
2001-08-15;null;3,3;0;25,8;19,76;16,7;74,25;null;
2001-08-16;null;3,6;null;24,2;19,22;16;79,25;null;
2001-08-17;null;0;9,8;null;17,78;16,8;97,5;null;
2001-08-18;null;0;18,8;null;14,36;12,6;97;null;
2001-08-19;null;7,5;22,9;20,2;14,08;10,8;83,75;null;
2001-08-20;null;10;0;30,2;17,64;9;66,5;1,554;
2001-08-21;null;8,9;0;25,5;17,34;7;72,75;3,108;
2001-08-22;null;9,4;0;27,3;17,16;5,4;80;1,554;
2001-08-23;null;5,5;0;25,5;16,84;8,3;88,75;1,554;
2001-08-24;null;8,2;0;24;18,82;12,3;80,75;1,036;
2001-08-25;null;6,3;0;23,6;17,96;13,6;80;null;
2001-08-26;null;6,8;0;16,8;14,32;14,2;78,25;3,108;
2001-08-27;null;5,5;7,8;null;15,28;12,6;88;null;
2001-08-28;null;5,5;0;20,4;13,38;5,7;73,25;2,072;
2001-08-29;null;6,6;0;20,6;14,58;6,8;81,5;null;
2001-08-30;null;7,4;0;22,5;17,04;11,4;87,75;6,216;
2001-08-31;null;0;39,6;20;17,64;14,2;96;1,554;
2001-09-01;null;0;0;19,1;17,18;16,8;99;3,108;
2001-09-02;null;null;0;18;14,92;13;96;3,108;
2001-09-03;null;null;0;15,9;12,02;10,6;99,75;null;
2001-09-04;null;null;0;14,4;12,24;11,2;94,25;null;
2001-09-05;null;,8;0;15,4;11,52;8,6;90,75;null;
2001-09-06;null;2,8;0;17;13,76;9,5;85,25;null;
2001-09-07;null;,8;0;16,2;13,84;11,2;97,25;null;
2001-09-08;null;6,2;0;18,8;14;10,2;83;null;
2001-09-09;null;,4;0;null;11,44;10,2;88;null;
2001-09-10;null;9,2;0;19,4;12,48;6,8;68,75;null;
2001-09-11;null;9,1;0;19,6;14,46;8,7;62,25;null;
2001-09-12;null;5,1;0;18,4;14;11,4;76;null;
2001-09-13;null;,8;0;15,8;14,52;12,2;94,5;null;
2001-09-14;null;6,7;0;20;13,84;9,2;80;null;
2001-09-15;null;7,4;0;13,8;9,28;3;79;4,144;
2001-09-16;null;5,8;0;16,4;10,44;8,4;null;1,036;
2001-09-17;null;9,3;0;16,6;10,08;1,6;null;1,726667;
2001-09-18;null;9,3;0;21,6;14,36;6,2;71;1,036;
2001-09-19;null;5,4;0;24,2;16,16;11,4;76,25;1,036;
2001-09-20;null;9,8;0;30,2;18,88;12,4;64,25;1,036;
2001-09-21;null;2,1;0;25,5;19,06;10;70;2,331;
2001-09-22;null;8,8;0;27,3;20,88;14,6;65,5;1,554;
2001-09-23;null;1,5;0;25,5;19,44;14;82,75;2,331;
2001-09-24;null;2,7;0;24;20,04;14,5;82,5;3,108;
2001-09-25;null;0;0;null;17,14;14,4;96,5;2,072;
2001-09-26;null;0;22;null;12,94;11,7;96;3,626;
2001-09-27;null;,1;0;20;14,02;9,6;88;null;
2001-09-28;null;,3;0;20,4;15,9;12,7;84,75;4,144;
2001-09-29;null;5,5;0;22,5;17,78;12,7;92,25;4,144;
2001-09-30;null;0;118;23,2;18,66;12,9;88,5;2,762667;
2001-10-01;null;1,8;40;null;16,14;12,5;89,75;5,18;
2001-10-02;null;3,4;13;18;14,98;12,1;92,75;3,108;
2001-10-03;null;4,1;0;19;14,4;12,5;89;1,726667;
2001-10-04;null;1,6;2;21;16,5;13;85,5;1,208667;
2001-10-05;null;6,2;0;22,6;16,46;12,1;84,25;1,554;
2001-10-06;null;2;0;22,4;16,84;11,8;83,5;1,554;
2001-10-07;null;0;0;19;15,72;11,7;95,25;2,762667;
2001-10-08;null;2,7;0;18,1;15,3;11,6;92,25;6,216;
2001-10-09;null;1,2;0;15;13,9;13;94;3,798667;
2001-10-10;null;10,3;0;24,6;18,82;11,9;73,25;1,036;
2001-10-11;null;10,8;0;25;18,5;14;78,25;2,417333;
2001-10-12;null;9,4;0;23,6;19,14;14,5;79,25;2,417333;
2001-10-13;null;9,1;0;24,3;17,6;11;81;1,381333;
2001-10-14;null;1,7;0;23,1;17,98;12,1;83,75;3,108;
2001-10-15;null;0;0;20,6;17,58;14,1;99,25;3,798667;
2001-10-16;null;3,1;52;23,5;18,96;13,1;92;2,072;
2001-10-17;null;6,9;0;25,4;21,16;15,3;89,25;1,726667;
2001-10-18;null;7,9;0;25,5;20,04;14,5;81;1,036;
2001-10-19;null;9,6;0;27,5;22,3;16;83,5;1,726667;
2001-10-20;null;7,4;0;27,8;22,8;15,5;82;1,036;
2001-10-21;null;9,6;5;25,1;18,06;14,1;84,5;2,072;
2001-10-22;null;11,3;0;21,8;15,62;7,9;68,5;2,072;
2001-10-23;null;11,4;0;23,2;18,26;11,1;76,5;1,726667;
2001-10-24;null;8,9;0;27,5;19,92;14;73,5;2,072;
2001-10-25;null;10,8;0;28,1;21,72;13,5;72,75;1,036;
2001-10-26;null;2,7;0;24,1;20,84;15;88;2,072;
2001-10-27;null;0;6;23,1;19,5;15,3;95,25;2,072;
2001-10-28;null;null;15;20;18,34;14;98,5;1,726667;
2001-10-29;null;0;25;21,2;19,38;15,5;94,25;1,726667;
2001-10-30;null;11,2;0;23,3;19,48;13,5;86,75;1,381333;
2001-10-31;null;11,4;0;23,2;19,06;13,1;80,75;1,554;
2001-11-01;null;11,6;0;24;19,68;14,1;83,25;1,036;
2001-11-02;null;9;0;21,8;16;11,4;80,75;3,108;
2001-11-03;null;11;0;23,7;16,88;10,5;73;3,108;
2001-11-04;null;10,5;0;25,3;18,7;11;73,75;2,417333;
2001-11-05;null;10,9;0;29;21,88;13,4;76;1,726667;
2001-11-06;null;7,8;0;30,4;21,86;16,5;81,75;2,072;
2001-11-07;null;0;47;19,8;17,46;15,5;97;3,108;
2001-11-08;null;7,1;8;22,3;18,18;15;85;2,417333;
2001-11-09;null;3,5;0;24,4;18,92;13;85;2,417333;
2001-11-10;null;0;20;21,5;19,54;18;99;1,726667;
2001-11-11;null;12,2;0;25,6;19,12;12,5;81,25;1,036;
2001-11-12;null;12,2;0;27,6;21,14;12,5;63,5;1,036;
2001-11-13;null;5,4;0;26,5;20,1;16,5;86,75;2,417333;
2001-11-14;null;3,2;0;23,6;19,44;16;81,5;1,726667;
2001-11-15;null;11,7;0;25;19,7;15,5;76,75;1,036;
2001-11-16;null;12,1;0;23,6;16,26;12,5;72,25;1,036;
2001-11-17;null;11,9;0;25,2;17,1;9,1;74,75;1,726667;
2001-11-18;null;11,8;0;29,3;20,94;13;60,5;2,072;
2001-11-19;null;6,4;0;29,4;22,4;16;76,5;1,036;
2001-11-20;null;12,4;0;32,6;25,2;16,4;73,75;1,726667;
2001-11-21;null;1,1;0;24,4;21,22;16,5;89;1,726667;
2001-11-22;null;11,5;0;29,6;23,58;18,5;75,5;2,072;
2001-11-23;null;11,4;0;33,4;25,9;16,5;73;2,417333;
2001-11-24;null;0;9;20,6;17,66;19,5;85,5;3,453333;
2001-11-25;null;,2;3;17,4;14;8;87,75;3,453333;
2001-11-26;null;1,7;2;20,8;17,16;12;96;1,036;
2001-11-27;null;8,2;0;25;19,3;12,5;79,75;2,072;
2001-11-28;null;12,4;0;24,5;18,92;14,5;70,5;1,036;
2001-11-29;null;8,6;0;24;17,94;11,5;67,25;2,417333;
2001-11-30;null;0;18;29;20,28;12,4;87,25;1,726667;
2001-12-01;null;9,8;,8;24;18,32;12,8;79,75;1,381333;
2001-12-02;null;10,6;0;24,8;20,3;15,5;75,75;1,381333;
2001-12-03;null;0;0;19,2;17,12;15;93,25;1,381333;
2001-12-04;null;1,2;0;24;19,24;16;90,5;2,417333;
2001-12-05;null;5,1;0;23,8;19,26;17,5;92,75;2,072;
2001-12-06;null;9,2;0;25,4;20,3;16,5;84,25;1,381333;
2001-12-07;null;10,3;0;28,2;22,22;16,5;75,75;1,036;
2001-12-08;null;7,9;0;20,4;14,94;14;73;2,762667;
2001-12-09;null;12,5;0;22,6;16,18;12,5;65,25;2,072;
2001-12-10;null;11,6;0;25,4;19,76;16;71,5;1,381333;
2001-12-11;null;9,7;0;27,6;21,3;12,5;73,75;1,036;
2001-12-12;null;7,3;0;31,2;23,46;17,5;80;1,726667;
2001-12-13;null;6,4;0;26,2;23,74;20,5;85,75;1,036;
2001-12-14;null;8,1;0;26,2;22,18;18,5;77,25;3,108;
2001-12-15;null;9,6;0;24,8;19,62;15,5;76,25;2,417333;
2001-12-16;null;11,2;0;26;20,02;14,5;80,25;1,208667;
2001-12-17;null;12,4;0;29,2;22,76;15;63;1,208667;
2001-12-18;null;12,4;0;29,4;21,6;16;64,5;1,726667;
2001-12-19;null;9,2;0;30,1;24,5;17;81;1,208667;
2001-12-20;null;3,7;4;30;24,02;23,5;84;1,726667;
2001-12-21;null;,1;12;21,4;19,4;19;98;2,072;
2001-12-22;null;9,5;0;24;19,28;15;72,25;null;
2001-12-23;null;12,3;0;25,8;19,96;14;64,5;null;
2001-12-24;null;null;0;27;20,92;15;68;2,072;
2001-12-25;null;12,2;0;28,6;22,14;14,1;70,25;2,072;
2001-12-26;null;null;0;30;23,82;15,5;69,5;1,726667;
2001-12-27;null;11,2;0;32;24,46;17,5;68,5;1,726667;
2001-12-28;null;12,2;0;32;25,06;20,5;62;2,417333;
2001-12-29;null;10,8;0;30,6;24,5;18,5;72;2,417333;
2001-12-30;null;8,7;0;32,2;25,18;19,5;71,25;2,417333;
2001-12-31;null;6,3;22;29;null;19;null;2,072;
2002-01-01;2,7;12,1;0;28,8;23,22;17,5;72,25;3;
2002-01-02;4,5;12,6;0;28,8;23,1;18,5;70,5;2,333333;
2002-01-03;4,8;12,4;0;28,7;22,7;18;71,75;1;
2002-01-04;,4;10,9;0;27;22,26;17,5;70,5;2,333333;
2002-01-05;4;2,5;0;25,4;20,6;19;88;2;
2002-01-06;1,2;8,9;2,6;25,4;20,08;17;82,25;2;
2002-01-07;2,8;12,2;0;28;20,84;14;61,75;1,666667;
2002-01-08;5,6;12,3;0;30;23,4;17;73,75;1,666667;
2002-01-09;4,7;12,2;0;28,4;23,52;17;68,5;3,666667;
2002-01-10;5,4;11,8;0;31,2;24,8;18;66,5;3,333333;
2002-01-11;5,4;9,8;0;31,2;24,72;18;73;1,666667;
2002-01-12;3,8;11;0;30,8;27,2;20;66,5;2,333333;
2002-01-13;5,2;11,6;0;33,6;27,26;20,5;62;1,666667;
2002-01-14;5,2;2,2;,6;18,8;17,84;17,2;88;3;
2002-01-15;,5;12,5;7,6;23,4;17,24;11;65,5;3,666667;
2002-01-16;4,9;12,1;0;24,4;18,74;12,5;71,5;2,666667;
2002-01-17;4,3;12,3;0;26,2;20,04;14;63,5;2,666667;
2002-01-18;5,5;12,2;0;25,8;20,36;14;67,75;2,666667;
2002-01-19;5,2;12;0;30,2;23,44;14;72,25;2,333333;
2002-01-20;,6;7,1;0;35;26,56;19;61,25;1,333333;
2002-01-21;5,5;4,7;6;29,8;23,64;19;81,75;1,333333;
2002-01-22;2,9;10,3;0;33,8;26,82;20,5;68,75;1,333333;
2002-01-23;4,4;4,7;0;27,2;24,84;21;79,25;1,333333;
2002-01-24;2,5;3,5;7,8;28,2;22,5;19,5;86,5;2;
2002-01-25;1,3;11,2;23,6;30,4;24,34;20,5;78;1,666667;
2002-01-26;3;,7;0;25;22,06;19,5;89,5;2,333333;
2002-01-27;,8;6,9;0;28,4;23,44;20;82,75;2,333333;
2002-01-28;2,8;12,1;0;31,6;24,9;18,5;68,5;1,333333;
2002-01-29;5,3;12,2;0;33;26,98;21,5;58,75;2;
2002-01-30;6,1;11,3;0;33,4;26,9;19,5;69,75;2,333333;
2002-01-31;4,7;5,5;36,6;28;23,36;20;86;2;
2002-02-01;,4;12,1;4,8;28;21,36;18;67,25;2,666667;
2002-02-02;6,5;12,1;0;25,4;19,02;13,5;73,25;2,666667;
2002-02-03;4;11,7;0;24,8;19,26;13,5;77,5;2,333333;
2002-02-04;3,6;11,8;0;29,2;21,52;14;65,5;1,666667;
2002-02-05;3,9;6,2;0;27,6;21,48;17;78,5;2,666667;
2002-02-06;3,1;5;3,8;25;19,72;18;87,5;2;
2002-02-07;1,7;6,7;0;26,4;20,34;17,5;85,5;2,666667;
2002-02-08;2,2;4,5;0;22,8;19,78;17,5;84,5;1,666667;
2002-02-09;1,7;,8;,5;20,2;18,72;17;94;1,666667;
2002-02-10;,8;7,6;4;27,3;21,98;18;83;1,666667;
2002-02-11;2,5;7,9;0;29,6;24,12;19;70,75;1,666667;
2002-02-12;3,4;1,2;0;21,2;20;19,2;92,75;2,666667;
2002-02-13;9;9;5,2;30;22,8;18;80;1;
2002-02-14;2,9;10,1;0;31,8;24,58;18,5;70,75;1,333333;
2002-02-15;3,8;8,8;0;30,2;23,48;20;79,75;2,333333;
2002-02-16;2,9;9,9;,6;26;19,66;15,5;74,25;3;
2002-02-17;3,4;11,2;0;25,6;19,94;14,5;75,75;3,666667;
2002-02-18;4,5;5,6;0;26;20,34;14,5;82,5;3,333333;
2002-02-19;3;8,2;0;28;21,72;17;86;3;
2002-02-20;2,4;6,4;3,8;25,2;22,1;19,5;88;2,333333;
2002-02-21;2,1;9,6;,7;28,2;22,6;20;80;1,666667;
2002-02-22;5,3;10,2;0;28,2;21,3;17,5;77,75;1,666667;
2002-02-23;4,5;10,1;0;28;21,82;17,5;68;3;
2002-02-24;5,9;11,4;0;23;16,86;10,5;76,5;3,333333;
2002-02-25;4,3;10,9;0;31,2;21,68;13;66,75;1,666667;
2002-02-26;6,2;10,7;0;33,8;25,18;17,5;57,25;2;
2002-02-27;7,5;10,8;0;35;27,72;21;62;2,666667;
2002-02-28;7,6;8,3;0;33;27,52;21;75,75;3,666667;
2002-03-01;5,4;6,9;62;28,2;19,96;17;78,25;3,666667;
2002-03-02;3,9;10,4;0;26,6;20,06;15,5;80,5;3;
2002-03-03;3;8,5;0;30;22,5;16,5;71,5;1,666667;
2002-03-04;2,4;8,4;0;34,4;24,74;18,5;76,75;2,333333;
2002-03-05;4,2;0;16,6;22,9;21,22;20,4;97;1,666667;
2002-03-06;,4;5,5;0;27;22,9;19,5;87,75;1,666667;
2002-03-07;1,3;6,3;0;28,4;24,46;20,5;84,75;3,666667;
2002-03-08;3,2;4,4;0;31,4;26,26;23,5;89,25;2,333333;
2002-03-09;2,5;10,3;0;33,6;27,68;23;72,5;2,666667;
2002-03-10;6,6;10,3;0;34,2;29,02;24,5;71,75;2,333333;
2002-03-11;5,8;0;2,4;29;22,08;20;99,5;2,333333;
2002-03-12;,2;2,4;62;26,8;22,66;20,5;93,5;2,666667;
2002-03-13;1,3;4,5;,6;27,8;24,14;21,5;90;2;
2002-03-14;1,9;9,4;4,4;32,6;26,54;21,5;83,25;2;
2002-03-15;2,7;9,8;0;33;27,16;23;77,25;3;
2002-03-16;4,7;10;0;32,6;27,86;24,5;78,75;2,666667;
2002-03-17;8,5;4,1;0;31;23,16;19,4;94,5;2,333333;
2002-03-18;1,8;2;47,6;21,6;21,18;19,5;95,75;2,333333;
2002-03-19;,9;0;100,4;22,7;21,34;21;96,75;1,333333;
2002-03-20;,7;3,5;6;22,4;18,52;17;89,75;2,333333;
2002-03-21;1,6;9,5;0;24,6;18,82;13,5;76,25;1,666667;
2002-03-22;1,8;8;0;28,4;22,02;16,5;80,75;1,333333;
2002-03-23;2,2;0;0;24,2;21,34;18,5;94;1,333333;
2002-03-24;,7;7,8;,8;30,2;24,1;19,5;82,5;1,666667;
2002-03-25;2,3;5,9;0;29,4;21,88;19,4;90,5;2;
2002-03-26;1,7;2,4;18,6;24,6;21,34;18,5;91,25;3;
2002-03-27;1,3;4,2;1;22;18,88;17;90,25;4;
2002-03-28;1,7;1,1;0;22,6;20,6;17;93,75;2,666667;
2002-03-29;,7;4,9;,2;29,6;24,26;18,5;84,75;3,333333;
2002-03-30;3,9;,3;16;25,2;20,52;18,8;96,5;1,666667;
2002-03-31;,5;6,2;4;21,8;15,16;12,6;88,5;2,333333;
2002-04-01;1,8;9,3;0;18,8;11,74;8,5;79,25;1,666667;
2002-04-02;2,5;9,3;0;21,4;14,44;8;67,5;1,666667;
2002-04-03;3,1;9,5;0;22,2;15,92;11;65;1,666667;
2002-04-04;3,6;9,5;0;24,6;18,5;11,5;76;2,333333;
2002-04-05;2,7;5,3;0;26,4;20,5;16,5;88,75;2,333333;
2002-04-06;1,4;8,6;0;28,6;22,42;17,5;82,75;2;
2002-04-07;2,1;5,3;12,8;26,2;20,96;19,2;89,75;2,666667;
2002-04-08;1,6;0;41,6;22,6;20,72;19;95,25;1;
2002-04-09;,9;9,1;2,6;30,2;23,62;19,5;89,75;1,666667;
2002-04-10;2,1;0;0;22,6;20,44;19,8;98,25;2,333333;
2002-04-11;,3;0;11,6;19,8;19,22;18,5;100;2,333333;
2002-04-12;,2;2;15,6;19,4;16,34;14,5;90,75;4;
2002-04-13;1,7;1,8;0;19,4;15,46;11,5;90,25;2,666667;
2002-04-14;1,6;,2;0;20,8;17,26;12,5;93;2,666667;
2002-04-15;1;0;7,8;19,8;18,38;16,5;99;2,333333;
2002-04-16;,2;,3;13;21,8;20,22;17,5;98,75;2,666667;
2002-04-17;,3;4,4;32,4;21,4;17,12;15;91,25;3;
2002-04-18;1;9,8;0;21;15,4;12;85,75;2,666667;
2002-04-19;1,8;6;0;23;18,34;12,5;92,75;3;
2002-04-20;1,3;6;29,6;21,4;14,48;11,4;72,25;2,333333;
2002-04-21;3,5;8,8;0;15,4;11,32;6;71,25;3;
2002-04-22;2,8;,1;2,8;14;13,48;10;97,75;2,333333;
2002-04-23;,5;0;17,2;17,4;16,6;13;100;2,333333;
2002-04-24;,1;0;131;19,2;17,24;16,4;99;2,666667;
2002-04-25;,2;2,4;92,4;19,6;16,44;15;92,25;2,333333;
2002-04-26;,8;1,6;0;20,4;15,88;14,2;89,75;2,333333;
2002-04-27;1,8;9,3;0;17,4;10,68;6;75,25;2;
2002-04-28;2,2;9;0;22,2;15,24;8;82,5;2;
2002-04-29;1,5;0;2,9;18,4;16;12;97;1,666667;
2002-04-30;,3;0;3;16,8;14,24;13;93,75;2;
2002-05-01;null;8,7;0;20,6;14,4;11;81,25;1,7148;
2002-05-02;null;4,1;0;20;15,14;11,5;89;1,7148;
2002-05-03;null;8,7;0;22,7;16,22;13;82,5;1,7148;
2002-05-04;null;8,3;0;24;17,6;13;81;1,37184;
2002-05-05;null;3,3;0;20,6;15,06;13,5;87,5;2,05776;
2002-05-06;null;6,5;0;20,8;14,18;10,5;86,5;2,40072;
2002-05-07;null;0;0;20,2;15,78;11,5;95,75;2,05776;
2002-05-08;null;4,7;0;21,8;16,26;13,5;90,75;2,40072;
2002-05-09;null;5,9;0;19,8;14,66;12,5;90;2,40072;
2002-05-10;null;5,7;0;22,8;16,98;12,5;92,5;1,02888;
2002-05-11;null;7,7;0;26,4;20,14;14,5;89,25;1,7148;
2002-05-12;null;7,6;0;29,2;21,42;17,5;85,75;2,05776;
2002-05-13;null;7,8;0;28,8;22,36;18;84,5;2,05776;
2002-05-14;null;8,5;0;29,2;22,36;17;78;3,60108;
2002-05-15;null;0;24;22,8;17,66;16,5;97,25;3,08664;
2002-05-16;null;0;8;18,4;15,86;14,5;96,25;2,40072;
2002-05-17;null;1;0;18,8;16,2;14;96,25;3,08664;
2002-05-18;null;0;0;17,6;16,9;15,5;97,25;1,02888;
2002-05-19;null;3,3;21;15,4;12,24;12;89,5;3,4296;
2002-05-20;null;,1;0;12,2;11,16;10;88,75;3,4296;
2002-05-21;null;8,2;0;16,6;11,06;8,5;85,5;2,05776;
2002-05-22;null;6,7;0;16,2;11,12;7;90,25;2,05776;
2002-05-23;null;7,5;0;21,2;14,02;8,5;88,25;1,37184;
2002-05-24;null;8;0;22,5;14,84;11,5;83,5;1,37184;
2002-05-25;null;5,2;0;22,4;15,52;12;83,25;3,08664;
2002-05-26;null;4,6;0;22,2;16,86;13,5;80,25;3,08664;
2002-05-27;null;,2;0;17,8;17,02;15,5;92,5;5,1444;
2002-05-28;null;2,4;4;20,6;16,78;14,5;93,25;2,74368;
2002-05-29;null;,1;126;17,6;15,18;14,5;98,25;3,4296;
2002-05-30;null;0;,5;14,4;12,96;11,8;99,5;2,74368;
2002-05-31;null;0;3;16;11,96;12;96;2,40072;
2002-06-01;null;,1;0;17,2;15,14;12,5;97,25;2,05776;
2002-06-02;null;0;17;18,4;16,64;14;100;2,05776;
2002-06-03;null;0;16;24,6;19,6;16;95;2,05776;
2002-06-04;null;5,9;0;26,8;22,08;17;84;3,77256;
2002-06-05;null;5,4;0;24,4;19,9;20,5;87,5;5,1444;
2002-06-06;null;6,2;32;16,6;11,32;9;78,25;4,80144;
2002-06-07;null;4,9;10;13,6;10,4;9;91,5;4,11552;
2002-06-08;null;1;0;16;12,7;9,5;92;2,40072;
2002-06-09;null;,1;0;16,8;13,4;10;91,25;1,7148;
2002-06-10;null;7,8;0;13;5,52;2,4;84,75;1,7148;
2002-06-11;null;6,7;0;11,4;5,52;4;80,25;3,4296;
2002-06-12;null;8;0;10,6;4,22;,5;80,5;2,05776;
2002-06-13;null;8,1;0;14,8;6,4;2;76,5;1,02888;
2002-06-14;null;8;0;14,6;7,28;3;72;2,05776;
2002-06-15;null;8,1;0;13,8;7,18;2,5;88,75;2,05776;
2002-06-16;null;0;0;13,6;10,1;4,5;96,5;1,37184;
2002-06-17;null;0;9;14;11,52;7;99,5;1,37184;
2002-06-18;null;7;41;16,8;10;8;86,5;2,05776;
2002-06-19;null;8,1;0;18,4;11;6;73;1,37184;
2002-06-20;null;8,1;0;19;11,24;7;87,25;1,37184;
2002-06-21;null;3,1;0;9,4;6,32;7;86,75;3,4296;
2002-06-22;null;7,8;0;8,8;3,04;0;83,25;1,7148;
2002-06-23;null;7,5;0;9;3,5;,1;80,5;1,37184;
2002-06-24;null;8,1;0;11,4;4,88;,3;75,5;1,02888;
2002-06-25;null;8;0;11;4,78;,5;88,25;1,37184;
2002-06-26;null;7,6;0;14,4;7,34;1,5;88;1,7148;
2002-06-27;null;4,5;0;22,4;13,74;4,5;83;1,7148;
2002-06-28;null;4,5;0;24,4;16,68;9;80,75;3,08664;
2002-06-29;null;2,8;0;25,4;17,82;13,5;88,5;2,05776;
2002-06-30;null;0;0;16;12,88;11;98,75;2,40072;
2002-07-01;,6;0;0;9,6;8,4;6,2;98,75;3,666667;
2002-07-02;,4;,1;26,2;16,6;13,62;6,5;96,75;1,666667;
2002-07-03;,2;,3;0;19,6;16,44;13;97,5;1;
2002-07-04;,1;0;0;16,8;17,2;14,4;99,75;1,666667;
2002-07-05;0;,1;0;17,6;15,66;14,5;96;1;
2002-07-06;,2;0;30;15,6;11,08;9,4;99,75;1,666667;
2002-07-07;,2;4;10,8;10,2;6,04;4,4;90,5;2,333333;
2002-07-08;,7;5;0;11,2;7,48;3;89,5;2;
2002-07-09;,8;3,8;0;10,6;5,32;3,8;88,5;2;
2002-07-10;1,2;7,9;0;11,6;4,94;1,5;73,75;1;
2002-07-11;1,7;7,2;0;11,6;5,32;1;79,5;1;
2002-07-12;1,9;7,5;0;15,8;8,44;2;73,75;1,666667;
2002-07-13;2;8,1;0;18,2;10,6;6;78,75;2,333333;
2002-07-14;2,3;8,2;0;18,8;11,54;7,5;80;2;
2002-07-15;3,2;8,1;0;20,8;13,7;9,5;71,25;1,333333;
2002-07-16;2,9;8;0;20,8;13,38;9,5;79,25;2,333333;
2002-07-17;2,4;3;0;13,6;9,2;7;86,25;4,333333;
2002-07-18;1,3;6,9;0;17,4;10,78;6,5;89,75;2;
2002-07-19;1,2;7,7;0;22;14,66;10,5;81,75;1,333333;
2002-07-20;2,3;1;0;18;13,94;11,5;91;2,666667;
2002-07-21;,9;0;20;17;15,56;12;98,25;2,666667;
2002-07-22;,3;,8;49,8;16,6;11,68;8,8;96;2;
2002-07-23;,4;5,4;5,6;18,6;12,58;6,5;90,25;2,666667;
2002-07-24;,5;4,7;0;24,8;16,22;8,3;90,5;2,333333;
2002-07-25;3;7,1;5,4;16,4;9,8;7,8;76,25;3;
2002-07-26;2,3;,5;0;10,6;7,56;4;82,75;3,666667;
2002-07-27;1,3;8,2;2,8;null;null;6,5;81,75;2,666667;
2002-07-28;2;8,5;0;null;null;4,5;67,25;1;
2002-07-29;2,2;8,2;0;null;null;5;72;2,666667;
2002-07-30;2,2;0;11;null;null;7,5;98,75;1,666667;
2002-07-31;,1;,5;16,4;null;null;7,8;97,75;3;
2002-08-01;,8;5,6;0;null;null;4,4;85,25;2;
2002-08-02;1;0;0;null;null;3,8;92,25;3;
2002-08-03;,7;6,7;0;null;null;4;82,75;1,666667;
2002-08-04;1,3;0;0;null;null;7,5;88;1,666667;
2002-08-05;,9;3,1;0;null;null;9;86,75;1,333333;
2002-08-06;1,2;0;0;null;null;6,5;96;1,666667;
2002-08-07;,3;2;0;null;null;7;90,75;2,333333;
2002-08-08;1;14,6;22,4;null;null;11;99,25;2,666667;
2002-08-09;,4;8,5;13,6;null;null;8,5;79,25;2,333333;
2002-08-10;2,4;9;0;null;null;7;66,25;1,666667;
2002-08-11;4,5;9,3;0;null;null;10;60,75;1;
2002-08-12;4,3;8,4;0;null;null;11;75,75;1;
2002-08-13;2;7,2;0;null;null;11;77,5;1,666667;
2002-08-14;2,9;9,4;0;16,7;8,7;5;67,25;4;
2002-08-15;2,8;9,2;0;null;null;3;75,25;4;
2002-08-16;2,3;2,2;0;23,7;14,64;5,5;90;1;
2002-08-17;1;3,6;0;null;null;10,5;84,25;2;
2002-08-18;1,5;7,4;0;null;null;16;68;3,666667;
2002-08-19;5,9;0;11,2;null;null;17,5;94,75;2;
2002-08-20;,5;0;63,4;17,6;11,4;9,8;94,5;2;
2002-08-21;1;9,5;6,3;18,4;11,68;8;70,75;1,666667;
2002-08-22;2,3;9,5;0;18,9;12,38;7;86,5;1,333333;
2002-08-23;1,5;1,2;,6;20,5;15,86;10,8;96,25;1,333333;
2002-08-24;,1;8;0;27,5;20,5;15;77,25;2,666667;
2002-08-25;3,5;9,5;0;31,2;23,44;17,4;70,5;2,333333;
2002-08-26;4,6;9,6;0;31,6;23,48;19;77;2,666667;
2002-08-27;3,5;9,2;0;26,3;20,44;17,5;77,5;3,333333;
2002-08-28;2,6;8;0;28,5;20,22;15;80;6;
2002-08-29;5,3;3;37;19,6;13,24;10,6;88,25;2,666667;
2002-08-30;1,2;9,9;0;16,2;8,64;4;72;2,666667;
2002-08-31;2,3;8,8;0;12,3;6,66;2;66;4;
2002-09-01;2,4;4,5;0;10,9;6,12;2,5;84,5;2,333333;
2002-09-02;1,2;9,4;,8;13,3;6,2;-,3;77,25;2;
2002-09-03;2,5;9,8;0;19,6;11,32;5;70,75;1,666667;
2002-09-04;2,1;9,8;0;20,7;13,34;7;69,25;2,333333;
2002-09-05;2,7;7,2;0;25,7;16,42;7;71,5;1;
2002-09-06;2,5;0;1,6;18,4;10,44;7,4;96,75;3,666667;
2002-09-07;,7;8,5;9;16,6;9,88;5;67,75;2;
2002-09-08;2,3;9,1;0;15,8;9,9;4,5;69,5;2,666667;
2002-09-09;2,3;8,2;0;19;12,34;5,5;80,75;4,333333;
2002-09-10;2,5;,4;0;19,4;15,02;8,5;89,75;2,333333;
2002-09-11;,7;0;54,8;17,6;15,72;13;99;4,666667;
2002-09-12;,2;5,4;88,8;19,8;13,68;11,8;78,25;2;
2002-09-13;2,2;9,2;0;19,8;13,24;8;70,75;2;
2002-09-14;3;9;0;19,6;12,36;7;72;1,666667;
2002-09-15;2,5;7,8;0;18,4;13,2;8;70,5;6;
2002-09-16;3,3;3;0;20,7;16,04;9,5;86,75;2;
2002-09-17;,8;0;10,8;18,2;16,06;13,5;96,25;3;
2002-09-18;,4;0;10,4;18,4;16,74;14,5;96,75;1,333333;
2002-09-19;,3;2,1;31;21,2;13,4;10;89,75;5;
2002-09-20;1,5;8,9;1,8;18;10,24;6;75,25;2;
2002-09-21;2,8;8,3;0;19,8;11,88;7;65,5;2;
2002-09-22;3,5;9,2;0;20,5;13,92;8,5;69,5;3,333333;
2002-09-23;4,5;9,4;0;21,1;13,98;10;62;2,333333;
2002-09-24;4;10;0;21,1;13,82;7,8;70,75;1,333333;
2002-09-25;2,8;10;0;24,9;15,68;7,5;60,25;1,666667;
2002-09-26;3,6;10;0;26,5;19,62;14;58;1,666667;
2002-09-27;3,7;9,6;0;28,1;19,76;12,5;68,75;2,333333;
2002-09-28;3,7;8,4;0;31;22,44;11,3;78,5;2,333333;
2002-09-29;4,4;0;0;22,3;16,9;15,2;95;2;
2002-09-30;,5;,5;26,6;19;15,96;14,4;91,25;3;
2002-10-01;,8;9,6;0;26,1;16,8;12,5;81,75;2;
2002-10-02;2,3;5,7;0;26,9;19,18;13,5;88;4,333333;
2002-10-03;1,7;3,7;95,8;22,7;17,9;16;90,25;3,333333;
2002-10-04;1,4;5,8;0;25,9;20,94;15,2;87,75;1;
2002-10-05;1,3;0;0;23,5;19,54;15;92,25;3,666667;
2002-10-06;1,1;6,5;0;30,6;23,94;17,5;81,75;4;
2002-10-07;3,9;0;91;25,9;19,46;16,6;97,75;2,666667;
2002-10-08;,1;0;33,6;20,3;18,3;17;99;2;
2002-10-09;,8;0;16,4;19,2;18,34;17,1;99,75;1;
2002-10-10;,2;0;15,4;19,2;18,8;17,2;98,25;2,666667;
2002-10-11;,2;0;1,4;21,5;18,94;18,2;96,25;2;
2002-10-12;,5;8,8;8;28,3;22,22;17,5;87,5;2;
2002-10-13;2;10,6;0;30,6;23,9;18,7;86,75;1,666667;
2002-10-14;3;10,2;0;30,1;24,42;20;80,75;3,333333;
2002-10-15;4,1;4,5;0;30,8;25,32;20,8;86;1,333333;
2002-10-16;2,4;,5;34,4;25,3;17,46;14,4;90,5;3,666667;
2002-10-17;1,4;9,6;2;20,9;15,04;8,5;72,5;5,333333;
2002-10-18;3,8;8,9;0;26,9;20,42;11,5;86;3;
2002-10-19;2;0;2,6;25,1;20,32;16,5;92,75;3,333333;
2002-10-20;1,9;1,2;4,8;23,3;20,68;18,5;90;5;
2002-10-21;1,8;7,6;11;19,8;10,54;7,6;78,25;2,666667;
2002-10-22;2,9;11,2;0;18,6;11,86;4,5;61;1,666667;
2002-10-23;3,6;9,2;0;22,1;16,2;7,8;68,75;3;
2002-10-24;4;7,4;1,6;25,5;19,58;14;83,75;2;
2002-10-25;1,6;,3;1;22,5;18,78;17,6;94,25;2;
2002-10-26;1,1;1,1;,6;28,5;22,82;17;77,25;2,333333;
2002-10-27;2,6;0;3,9;23,5;20,82;19;92;1,333333;
2002-10-28;1,4;7;0;28,7;24,18;19;76,5;2,666667;
2002-10-29;2,2;1,5;1,6;22,9;15,9;14;77,25;6;
2002-10-30;2,5;3;0;19,4;16,36;11,5;75,75;3,666667;
2002-10-31;3,2;8,4;0;23,5;17,26;13,2;78,5;2,333333;
2002-11-01;2,2;1,2;0;23,3;17,68;11,5;77;1,666667;
2002-11-02;1,6;5,9;0;26,5;19,52;15,1;78,5;1,666667;
2002-11-03;3,4;2,1;0;24,5;19,5;15;88,5;1;
2002-11-04;,6;7;32;18,4;13,92;12,4;49,25;2;
2002-11-05;1,9;6,7;0;19,8;17,7;8,5;45,5;3,333333;
2002-11-06;2;11,5;0;22,5;16,38;9,6;40,5;3,333333;
2002-11-07;3,6;9,9;0;25,9;18,46;11,9;79,5;2,666667;
2002-11-08;3,1;11,3;0;27,9;20,1;12;72,25;2;
2002-11-09;3,8;0;0;20,5;17,28;15,8;96,75;1,666667;
2002-11-10;,6;11,4;22,2;19,8;14,08;10,4;41,5;6;
2002-11-11;1,9;12,1;0;23,9;20,44;12;31,75;3,666667;
2002-11-12;7,9;12,1;0;27,5;20,38;14;57,75;1,333333;
2002-11-13;5,5;12,1;0;29,8;22,72;15,6;61,5;1;
2002-11-14;4,6;7,8;0;31,2;25,32;20,2;74,75;1,666667;
2002-11-15;3,5;3,2;0;26,5;22;17,5;85,25;1,333333;
2002-11-16;2,7;11,5;0;30,8;24,22;19,1;75,25;1,333333;
2002-11-17;2,6;0;0;25,9;21,96;19,1;88,25;2,333333;
2002-11-18;1,4;7,9;6,4;29,4;22,56;19,2;79;1,666667;
2002-11-19;3,3;3,8;0;22,9;20,52;16,5;89,75;3;
2002-11-20;1;0;103,1;20,3;18,28;17,5;96,5;1;
2002-11-21;,3;5,7;2,2;23,7;18,46;17;72,25;2;
2002-11-22;3,2;12,3;0;25;18,64;11,6;69,5;2;
2002-11-23;1,5;10;0;30,4;23,86;15,5;77,75;1;
2002-11-24;2,8;3,6;0;30,2;25,26;22,5;85,5;1,333333;
2002-11-25;1,7;,9;9,8;25,1;21,46;20,3;94,5;4;
2002-11-26;1,3;6,1;15,7;28,7;22,44;18,2;76,75;1,333333;
2002-11-27;1;1,9;0;27,4;23,32;18,8;87,25;1,666667;
2002-11-28;0;0;1;23,3;17,5;14;82,25;4;
2002-11-29;,2;0;0;23,1;19,84;14;90,25;2,333333;
2002-11-30;5,3;10,1;0;30,1;24,7;19,4;79,25;2;
2002-12-01;2,5;1,2;111;24,7;19,1;17,2;96;2,666667;
2002-12-02;,6;8,2;2,6;24,7;19,06;15,2;78,75;2,333333;
2002-12-03;2,4;7,8;0;27,1;21,86;14,6;79;2,666667;
2002-12-04;2;0;9,5;23,7;20,36;18,9;99;1,666667;
2002-12-05;0;1,7;45,4;29,3;24,18;18;92,5;2,333333;
2002-12-06;1;0;47,4;28,7;22,98;21;91,5;2,666667;
2002-12-07;,1;4,3;0;24,5;19,72;18,3;76,75;4,333333;
2002-12-08;4,1;9,8;0;21,9;17,42;10,8;72,5;3,333333;
2002-12-09;3,4;7,2;0;23,7;18,76;10,9;84,25;2,666667;
2002-12-10;2;,4;0;24,7;19,72;17,3;93,25;1,666667;
2002-12-11;1,2;9,4;22,4;28,2;21,96;17,4;75,5;1;
2002-12-12;5;12,1;0;29,1;22,02;17,4;76,5;,666667;
2002-12-13;3,6;9,1;0;28,9;21,6;17,5;78;1,333333;
2002-12-14;2,4;9,6;0;29,1;23,84;18,3;69,5;1,333333;
2002-12-15;2,7;8,8;0;30,1;24,04;19,3;78,75;1;
2002-12-16;3;11,8;0;32;24,88;19,4;70,5;1,333333;
2002-12-17;4,3;12,1;0;33,3;23,62;18,4;61;1;
2002-12-18;4,3;12,4;0;29,1;20,84;14,5;55;2,666667;
2002-12-19;2;0;0;20,9;18,6;14,7;90,75;1,666667;
2002-12-20;,5;3,7;42,2;23,7;18,86;14,7;82,5;2,333333;
2002-12-21;2,3;11,8;0;27,9;21,44;15,3;77,5;1,333333;
2002-12-22;2,3;1;0;30,2;22,8;18,8;87,75;3,666667;
2002-12-23;2,7;0;97,8;22,9;18,94;19;87,25;4;
2002-12-24;1,1;7;5,3;25,5;17,82;12,4;73,25;1;
2002-12-25;2,6;12;0;26,7;20,48;13,5;67,75;1;
2002-12-26;2,7;12,2;0;30,1;22,78;15,4;72,75;1;
2002-12-27;3,3;12,2;0;33;26,7;19,5;66,75;,666667;
2002-12-28;4,3;2,6;0;33,1;24,6;19,7;86;1;
2002-12-29;1;0;0;29,1;24,58;21;87,75;1,333333;
2002-12-30;1,5;7,7;0;31,8;25,56;23;77;1;
2002-12-31;2,2;5,5;0;26,9;22,46;19,4;86,25;1,666667;
2003-01-01;1,6;7,2;0;29,1;21,86;18,8;83;1,666667;
2003-01-02;2,2;11,2;0;27,3;21,84;17,9;75,25;1,333333;
2003-01-03;3;,6;0;24,7;20,8;17,5;88,5;1,333333;
2003-01-04;1,2;11;0;30,1;23,74;17,6;72;1;
2003-01-05;4;12,1;0;32,7;25,04;17,5;65,5;,666667;
2003-01-06;4,1;12,3;0;31,4;23,36;19,6;63,75;1,666667;
2003-01-07;5;12,2;0;32;25;18,7;63,25;1;
2003-01-08;4,5;12;0;32,1;24,36;15,5;64,75;1;
2003-01-09;4,2;5,5;0;33,3;26,24;20,5;74;1;
2003-01-10;2,3;3,8;15,1;28,6;22,72;19,6;84;1;
2003-01-11;1,3;10,9;4,8;31;23,38;19,5;75,5;1;
2003-01-12;2,7;10,9;0;29,3;22,8;17;72,5;1,333333;
2003-01-13;2,6;12,1;0;30,6;23,16;17;63,5;1;
2003-01-14;2,9;12,1;0;31,1;24,56;18,5;62,5;1;
2003-01-15;3,5;10,3;0;31,7;25,12;18,5;75,5;1;
2003-01-16;2;8,8;0;32,4;25,26;18,5;66;1,666667;
2003-01-17;2;10,9;1;33,1;25,28;18,5;77,75;1,333333;
2003-01-18;1,6;8,8;4,8;27,9;22,22;20,6;71,75;3,333333;
2003-01-19;3;9,2;0;31,9;23,3;14,6;78;1,666667;
2003-01-20;1,3;9,3;31,8;28,9;24,06;19;82;1,333333;
2003-01-21;1,7;10,8;0;30,8;24,58;19,9;74;1;
2003-01-22;1,9;7,3;0;32,7;23,12;19;80,5;2,333333;
2003-01-23;1,6;9,7;0;27,9;21,18;18,6;66,25;2,333333;
2003-01-24;3,5;12;0;26,3;19,94;13,8;68,75;1,333333;
2003-01-25;2;10,4;0;27,3;20,94;14,6;61,75;1;
2003-01-26;2,7;9,7;0;30,2;23,38;17,7;69,25;1;
2003-01-27;2,7;11,4;0;32;25,02;17,9;67,25;1;
2003-01-28;2,5;11,7;0;32,4;25,36;20,2;66,5;1;
2003-01-29;3,2;11,8;0;31,8;24,5;18,3;67,25;1,333333;
2003-01-30;2,8;11,4;0;34,5;26,68;18,9;61,5;1,333333;
2003-01-31;4,5;11,7;0;35,3;27,48;17,3;60,25;1,666667;
2003-02-01;5,6;9;0;34,8;26,6;20,4;80;3,666667;
2003-02-02;1,9;11,5;142,9;33,7;26,9;22;75,5;2;
2003-02-03;5,5;5,9;null;33,3;25,28;21,3;79,5;1;
2003-02-04;2,8;5,1;0;33,1;24,04;20,6;81,5;3;
2003-02-05;4,5;3;4,2;30,3;24,26;20,7;80,5;2;
2003-02-06;1,2;9,8;1;35,6;24,9;20;82;1,666667;
2003-02-07;2,1;,9;39,8;30,1;23,98;20;87,25;1,333333;
2003-02-08;1,4;4;null;31,5;25,16;20,7;84,75;1,333333;
2003-02-09;1,8;0;5,1;27,3;23,38;21;91,5;1;
2003-02-10;1,8;6,1;0;30,2;24,32;21;83,75;1;
2003-02-11;,5;4,8;4,1;28,7;22,94;21,2;92,5;1,666667;
2003-02-12;1,2;5,8;8;29,4;22,78;20;84,25;1;
2003-02-13;2;11;6;30,9;24,04;19,5;70,75;1;
2003-02-14;2,5;10,3;0;30,8;23,18;17,3;74,5;1;
2003-02-15;2,2;10;0;31;24,12;17,4;67,25;1,333333;
2003-02-16;3,5;7,1;26,4;25,1;17,32;15,3;80,25;1;
2003-02-17;2;11,2;0;28,5;19,24;11,5;55,75;3;
2003-02-18;4,5;11,3;0;30,6;21,62;11,9;53,75;1;
2003-02-19;4,3;1,3;0;23,1;17,76;11,3;91,25;1,333333;
2003-02-20;,6;7,4;55;20,5;15,56;10,9;68;2,333333;
2003-02-21;2,4;11,1;0;24,9;17,38;11;70,75;1,666667;
2003-02-22;3,6;1,3;0;21,9;17,1;13,5;82;1,333333;
2003-02-23;1,1;0;24,1;22;19,4;16,2;97;1;
2003-02-24;,2;3,6;29,3;26,8;22,16;20,6;90;1;
2003-02-25;,8;10,3;0;31,2;24,52;18;79;1;
2003-02-26;2;10,4;0;34,7;27,84;22,9;76;1,333333;
2003-02-27;2,2;10,4;0;34,8;26,38;22,5;75;3;
2003-02-28;3,9;6,6;9,8;33,5;23,78;20;87;1;
2003-03-01;1,1;,8;41,4;23,9;22,08;20,1;88,75;1;
2003-03-02;,3;,3;5;25;21,54;18,9;97,75;1;
2003-03-03;,2;3,8;4,7;26,9;21,8;19,5;89,5;1,333333;
2003-03-04;,9;7,5;0;30;23,08;18;85,25;1;
2003-03-05;1,3;8,4;0;31,5;24,42;17;84;1;
2003-03-06;1,6;0;null;25,3;21,58;16,4;95,5;1;
2003-03-07;,1;1,6;16,5;31,4;23,2;15,9;94,25;1;
2003-03-08;,3;4;,3;28,9;22,78;14,4;89,25;1;
2003-03-09;,9;2,4;0;29,9;22,2;13,5;89,75;1;
2003-03-10;1,5;,2;11,8;24,1;22,86;22,3;97;1;
2003-03-11;,2;5,7;20,3;28,7;23,5;21,7;88,75;1;
2003-03-12;1;,8;1,2;22,5;18,44;17,1;90,75;1;
2003-03-13;1,8;9,1;0;22,7;16,9;11;66,75;1,333333;
2003-03-14;1;10,4;0;27,1;19,34;12,6;77,25;1,666667;
2003-03-15;2;0;6,8;23,8;18,5;12,8;92;1;
2003-03-16;,2;4,9;3,2;26,1;20,3;18;83,5;2;
2003-03-17;1,3;10,7;0;25,3;18,66;14;63;1;
2003-03-18;4;10,6;0;29,1;20,72;13,5;64;1,333333;
2003-03-19;3,6;10,5;0;30,1;23,92;18,5;71;1,666667;
2003-03-20;3,2;,3;1;23,7;18,94;16,8;85,75;2,333333;
2003-03-21;1,2;10,4;24,2;19,6;13,26;8,5;71,75;2;
2003-03-22;2,6;10,4;0;22,7;16;10;73,5;1,333333;
2003-03-23;2,5;10,5;0;23,9;16,74;10,2;80;1,666667;
2003-03-24;2,5;10,3;0;25,7;18,46;10,4;82,5;2,666667;
2003-03-25;3,9;6,8;0;26,1;17,88;10,5;82,25;1,333333;
2003-03-26;2,1;7,5;0;25,1;18,9;15;86,5;1;
2003-03-27;1,9;9,6;0;28,1;20,34;11,2;87,25;1;
2003-03-28;2,7;9;0;30,1;23,46;18;80;1;
2003-03-29;2,4;4,8;0;30,4;23,48;18;81,5;1,666667;
2003-03-30;3;0;33,2;22,7;19,12;17,7;96,75;1,666667;
2003-03-31;,2;2,7;5,7;22,5;16,32;13,5;92,25;2;
2003-04-01;1,3;9,6;0;22,7;16,6;12,8;79,25;1,333333;
2003-04-02;2,8;9;0;21,9;15,36;10,4;79,25;1,333333;
2003-04-03;3,5;0;3,1;15,8;14,28;13,6;99,25;1,333333;
2003-04-04;,1;4,1;27,5;21,7;16,78;14;95,5;1;
2003-04-05;,8;7,9;null;22,7;16,32;13,5;85;1;
2003-04-06;1,8;9,2;0;23,3;16,64;13,5;79,75;1;
2003-04-07;2,3;9,5;0;24,7;17,64;13,3;70,75;1;
2003-04-08;2,8;9,8;0;25,1;18,58;15;69;1;
2003-04-09;3,4;9,8;0;26,9;19,1;15;72,75;1,333333;
2003-04-10;4;9,9;0;20,9;13,08;9,3;68,5;1;
2003-04-11;3,1;9;0;18;10,9;5;74,25;2,666667;
2003-04-12;2;9,5;0;19,4;11,84;5,6;77;1,333333;
2003-04-13;2,1;9,3;0;21,5;13,86;8,8;73,25;1;
2003-04-14;1,8;9,5;0;25,9;17;8,9;66,75;1,333333;
2003-04-15;3,7;9,8;0;27,9;20,26;16;67;1;
2003-04-16;3,4;9,8;0;28,1;19,9;15,2;70,25;1;
2003-04-17;3;7,7;0;27,9;19,86;14;75,25;1,666667;
2003-04-18;2,3;,2;6,4;20;17,32;16,6;94;3,333333;
2003-04-19;1,5;2,9;2,1;16,6;12,82;11,4;88;3;
2003-04-20;,9;9,4;0;21,5;14,66;9,4;69,5;1,333333;
2003-04-21;2,6;9,5;0;23,9;16,22;11;73;1,666667;
2003-04-22;2,4;9,3;0;29,1;20,52;13,5;78,25;1,333333;
2003-04-23;2,1;0;0;25,1;19,28;13,5;92;2,666667;
2003-04-24;1,1;0;7,4;20;18,34;16,5;97,25;1;
2003-04-25;,5;0;14;21,1;19,1;18,2;93,5;1,333333;
2003-04-26;1;2;0;22,1;18,02;16;93,75;2;
2003-04-27;1,1;0;40;18;17,74;17,6;99,75;1,333333;
2003-04-28;1;2,7;64,3;21,2;18,54;16,5;92,75;1;
2003-04-29;,7;,7;5,3;19;17,8;17,4;99,5;1,333333;
2003-04-30;,4;0;42,7;20,3;17,8;15,5;98,5;1;
2003-05-01;,2;6,1;21,1;21,7;15,28;13,2;85,25;2;
2003-05-02;,5;9,1;0;20,6;13,94;11,1;76;1,666667;
2003-05-03;,5;8,4;0;19,2;12,54;8,6;82;1;
2003-05-04;2;5,1;0;19,5;13,04;7,9;81,5;1;
2003-05-05;1;8,1;0;21,6;14,66;11,4;79,5;1,333333;
2003-05-06;1,5;7;3,1;14,7;9,72;7,8;86,25;2;
2003-05-07;1,3;8,8;0;19;11,5;7,6;74,75;1,666667;
2003-05-08;2;9;0;19,8;12,56;7;64,25;1;
2003-05-09;2,4;9;0;19,8;12,94;9,5;78,75;1;
2003-05-10;1,4;6,4;0;22,9;15,64;9,5;77,5;1,333333;
2003-05-11;1,6;8,7;0;24,2;16,56;11,6;79,5;1;
2003-05-12;1,6;8,5;0;25,1;17,38;12,7;81,25;1;
2003-05-13;1,5;5,6;0;25,1;17,02;12,6;85,5;1,666667;
2003-05-14;1;5,5;0;24,1;18;14,6;89;1;
2003-05-15;1;1,3;0;25,7;19,34;15;82,75;1;
2003-05-16;1,7;0;0;22,9;19,1;15;88,75;1;
2003-05-17;1,8;2,4;null;26,7;20,06;17,8;89;2,666667;
2003-05-18;,4;0;10,1;17,9;15,18;14;99,75;2;
2003-05-19;1;0;46;17;16,42;14,7;99,75;2;
2003-05-20;0;0;72,7;20;17,04;15,6;97,75;1,333333;
2003-05-21;,2;0;null;24,1;19,3;16;88,5;1,333333;
2003-05-22;,6;0;23,2;19,4;17,42;16,6;99,75;1;
2003-05-23;,5;6,7;18,4;18,4;13,96;12,6;80,25;2,333333;
2003-05-24;,8;8,1;0;16,3;9,64;6,1;78,5;2,333333;
2003-05-25;1,7;5,9;0;16;8,94;4,9;80,75;1,333333;
2003-05-26;1,3;5,8;0;19;11,08;5,2;82,5;1,666667;
2003-05-27;1,8;8,1;0;17,5;10,22;7,1;69,25;1;
2003-05-28;2;7,9;0;21,1;13,86;8,1;59,5;1;
2003-05-29;3,2;4,6;0;22,8;16,16;12;57,25;1,333333;
2003-05-30;4;6,6;0;22,9;16,7;12;67;1,666667;
2003-05-31;3;6,2;0;27,4;19,44;15,3;77,75;1,333333;
2003-06-01;1;0;16;18,8;17,96;17;98,5;1,333333;
2003-06-02;,5;0;28,4;18;13,88;11,3;98,25;2,333333;
2003-06-03;1,5;1,7;48,2;11,9;8,44;7,5;90;3,333333;
2003-06-04;1;7,5;0;14,6;9,38;4,9;88,5;1,333333;
2003-06-05;,5;1,6;0;14,4;10,56;5;90;1;
2003-06-06;,5;8,2;0;19,2;13,32;9;87,25;1;
2003-06-07;1,5;5,5;0;13,9;8,5;6,8;86;2;
2003-06-08;1,2;4,9;0;11,5;5,22;1;74,75;1,666667;
2003-06-09;,6;0;0;12,3;9,02;4,4;97,25;1;
2003-06-10;1;0;3,1;14,2;12,08;5,6;99,5;1;
2003-06-11;,2;3,6;4;18;11,68;5,8;88;1,333333;
2003-06-12;,5;0;0;18,2;11,96;6,3;92,5;1,333333;
2003-06-13;,2;0;3,5;15,5;12,14;8;96,5;1;
2003-06-14;,3;0;0;18;13,4;10;91,25;1,666667;
2003-06-15;,5;0;0;17,8;15,32;13;99;1,666667;
2003-06-16;,5;0;1;15,2;11,5;9,1;96,5;1,333333;
2003-06-17;,1;0;4,4;13,6;12,14;9;100;2;
2003-06-18;0;0;null;16;13,78;12,8;100;1;
2003-06-19;,1;2;2,1;24,4;13,92;10;94;,666667;
2003-06-20;,3;2;0;17,4;12,94;10,5;96,25;1;
2003-06-21;,3;4,5;27,2;20,3;14,58;10,4;91,75;1;
2003-06-22;,7;5,6;0;21,6;14,62;9;92,5;1,033333;
2003-06-23;,6;3,2;null;23,9;18,98;16;82;1;
2003-06-24;1,2;1;0;20;15,96;13,8;94,75;1,666667;
2003-06-25;,5;4,1;0;23,5;17,2;14,1;90,75;1;
2003-06-26;,7;4,8;0;22,1;16,76;14,7;96;,7;
2003-06-27;,2;4,6;0;22,1;17,48;14,7;83;1,333333;
2003-06-28;1,6;4,9;0;20,8;15,64;13,8;87,75;1,333333;
2003-06-29;1,1;1,1;0;13,9;10,62;9,6;94;1,666667;
2003-06-30;1,3;7,3;0;22,3;14,14;9,5;81,5;1;
2003-07-01;1,9;1,2;0;24,1;17,08;10,5;86,75;1;
2003-07-02;1;,8;0;18;12,72;9,8;95;1,333333;
2003-07-03;,7;5,5;0;22,6;15,34;11;90;1;
2003-07-04;1,3;6,3;0;23,6;17,4;14;84,75;1,666667;
2003-07-05;,5;0;3;17,2;12,08;10,4;96,25;1,333333;
2003-07-06;1;7,8;7;17,4;11,08;8,2;77,25;1;
2003-07-07;3;8,4;0;18,2;11,08;8,2;84,75;1;
2003-07-08;,8;0;0;16;13,7;8,3;97,5;2,333333;
2003-07-09;,2;8;0;15;4,16;1;71,5;1,666667;
2003-07-10;2;8;0;14,8;5,52;0;56,25;2;
2003-07-11;1,9;7,8;0;13,7;5,64;,9;70,5;1;
2003-07-12;1,6;8,1;0;11,9;5,24;1,6;71,5;1,333333;
2003-07-13;1,5;7,5;0;13,6;6,94;1,5;67,25;1,666667;
2003-07-14;1;6;0;18,3;11,12;4,5;84;1,666667;
2003-07-15;1,3;1,5;10,8;15,3;10,16;7,5;85,5;1,333333;
2003-07-16;1;8,2;0;15,5;6,84;1,9;70;1;
2003-07-17;2;8,2;0;15,6;8,48;4,8;63,25;1;
2003-07-18;2;2,4;0;20,4;13,16;5,5;84,5;1,333333;
2003-07-19;1;7,4;0;26,2;18,06;10,5;78,5;1;
2003-07-20;3,2;7,8;0;28,1;22,02;17,3;65,25;3,666667;
2003-07-21;4;4,7;0;22,7;10,64;7;54,75;2;
2003-07-22;2,8;4;0;13,1;8,5;2;85,25;2,333333;
2003-07-23;1,2;0;,3;13,6;10,44;9,5;94,5;2;
2003-07-24;,2;0;null;10,5;9,66;9;98,25;2;
2003-07-25;,8;0;9,2;10;8,16;6,4;92,75;1,666667;
2003-07-26;,2;0;7,1;14,5;12,5;8,8;91,5;2;
2003-07-27;,8;0;0;15,6;14,54;13;95,75;1,333333;
2003-07-28;,2;2,7;0;22,1;17,06;13,8;91,25;1;
2003-07-29;,6;4,8;null;17,8;12;9,5;82,5;2;
2003-07-30;1,2;8,4;1,1;20,3;12,2;6,4;76,5;1;
2003-07-31;1,8;8,6;0;19;12,76;9;77;1;
2003-08-01;,7;8,5;0;23,1;14,38;8;78;1,019253;
2003-08-02;1;7,4;0;24,1;17,04;11;79,25;1,02888;
2003-08-03;3;4,6;0;24,6;17,18;11,8;86;1,333333;
2003-08-04;2,2;,4;1;21,1;16,66;14;97;1,02888;
2003-08-05;,5;1;75,9;17;12,62;10,8;96,75;2,009627;
2003-08-06;,8;4,7;2,1;11,1;7,9;4,7;81,75;5;
2003-08-07;1,1;8,4;0;17,8;9,46;4,5;72,75;1,333333;
2003-08-08;3,4;5,9;0;19;8,54;4,5;79,75;1,676293;
2003-08-09;2;8,6;1,2;12,5;6,24;2,5;82,25;2,333333;
2003-08-10;1,2;8,8;0;15;7,5;2,5;77,5;1,333333;
2003-08-11;1;8,9;0;17,3;9,36;2,7;80,25;1,02888;
2003-08-12;1,8;8,7;0;20,9;12,16;6,1;77,75;1,37184;
2003-08-13;1,8;5,6;0;21,3;14,18;8;78;1,02888;
2003-08-14;1,3;7,7;0;19,8;13,46;11;84,5;1,352587;
2003-08-15;1,9;,3;0;13,1;10,7;9;87,75;1,666667;
2003-08-16;1,1;7,8;0;15,5;8,14;4,6;75,5;1,666667;
2003-08-17;1,9;9,4;0;17;10,72;6,4;58,75;1,02888;
2003-08-18;3,6;9,4;0;22,5;13,28;6,5;55,25;2,666667;
2003-08-19;6,4;9,3;0;25,1;16,24;10;52,5;2,666667;
2003-08-20;9;9,4;0;28,2;19,06;12,9;61,5;2,333333;
2003-08-21;5,9;7,8;0;30,1;22,94;16;44,5;4;
2003-08-22;8,6;0;1,1;24,3;11,38;7,8;98,75;4,333333;
2003-08-23;,5;0;34,5;10,3;9,32;8;100;2;
2003-08-24;,2;3,3;14,1;12,4;6,82;5,3;82,5;2,333333;
2003-08-25;1,3;7,1;0;12,6;6,7;3,3;75,25;2,333333;
2003-08-26;1,1;9,6;0;15,4;8,08;3,3;64;1,02888;
2003-08-27;2,5;7,5;0;12,6;6,56;4;84,25;1,666667;
2003-08-28;1;5,3;,3;12,5;8,14;3,5;80;1,666667;
2003-08-29;1,6;7,4;0;14;7,82;4,5;79,75;1,666667;
2003-08-30;2;7,6;0;14,4;8,86;5;77,5;1,666667;
2003-08-31;1,3;7,3;0;16,5;9,6;4,7;75,5;2,333333;
2003-09-01;1,7;9,5;0;19,1;11,44;5,9;71,5;1,333333;
2003-09-02;2,8;9,8;0;22,1;13,32;5,9;62;1,333333;
2003-09-03;3;9,5;0;26,1;16,28;8,6;72,75;1;
2003-09-04;2,8;9,3;0;24,6;18;13;69;1,666667;
2003-09-05;3,5;6,5;0;29,5;20,08;14,3;68,5;3;
2003-09-06;3,5;9,4;0;31,5;23,96;17,5;58,5;3;
2003-09-07;9,8;0;,6;24,1;19,12;16,2;89,25;2,666667;
2003-09-08;,2;0;41,9;16,4;12,2;9,4;96,75;3,333333;
2003-09-09;,7;5,3;36;14,4;8,92;7,5;70,5;2,333333;
2003-09-10;2;10,3;0;16;8,76;3,4;62,25;2;
2003-09-11;3;10,5;0;16,7;9,52;5,5;63;1,333333;
2003-09-12;2,9;10,5;0;21,7;13,56;6,2;53;1,333333;
2003-09-13;2,3;10,2;0;16,4;9,24;6,1;65;2,333333;
2003-09-14;2,8;10,2;0;15;8,62;3,5;66,75;2,333333;
2003-09-15;2,2;7,4;0;14,9;8,78;4;73,25;2,666667;
2003-09-16;2,3;7,6;0;16,3;9,88;6,4;70;2,666667;
2003-09-17;2;10,2;0;17,2;10,14;4;71,75;1,333333;
2003-09-18;1,5;8,9;0;22,5;14,56;6,9;69,75;1,666667;
2003-09-19;2,2;4,4;0;29,1;17,44;11,5;85;1,333333;
2003-09-20;2,8;7,1;11,2;16,2;12,14;7;70,75;1,666667;
2003-09-21;3;4,6;1,9;21,9;15,64;7,9;84,25;1,666667;
2003-09-22;1,8;4,4;1,2;26,8;19,66;15,8;78,75;2;
2003-09-23;2,3;1,9;0;21,7;18,84;17,1;89,5;1,333333;
2003-09-24;1;1,6;1,5;18,2;14,54;13;88,25;2;
2003-09-25;1,3;1,8;0;18,6;13,4;9;80,75;2;
2003-09-26;1;2,5;0;19,3;14,54;11;88,25;1,666667;
2003-09-27;,8;7,3;0;22,6;16,06;12,7;68,75;1;
2003-09-28;2,6;3,4;8,4;15,4;10,68;9,2;79,25;2,333333;
2003-09-29;2,7;9,4;0;18;10,98;3;81;1,666667;
2003-09-30;1;10,8;0;22,5;15,32;7,5;72,25;1,666667;
2003-10-01;1,7;8,6;0;28,1;20,58;12;74,75;1,333333;
2003-10-02;3,9;,7;0;24,1;19,44;16,7;80,25;1,333333;
2003-10-03;1;0;0;21,1;17,4;14;93,5;1,333333;
2003-10-04;,9;,9;2;25,1;19,12;17;93,25;1;
2003-10-05;1,1;1,1;9,2;22,1;18,6;17;94;1;
2003-10-06;,6;8,7;0;23,9;17,76;15,5;82,75;2,333333;
2003-10-07;2,4;9,7;0;24,8;18,52;12,6;81,75;2;
2003-10-08;2;2,1;0;26,1;19,06;16;94,25;2;
2003-10-09;1;7,4;24,3;24,6;18,22;15,5;70;1,333333;
2003-10-10;2,3;3,1;0;17,7;9,64;6,7;80,5;2;
2003-10-11;2;10,5;0;16,8;9,46;4;70;1,333333;
2003-10-12;2,7;10,8;0;17;10,28;4;67,5;1,333333;
2003-10-13;2,6;10,7;0;20;13,04;5;64;1,666667;
2003-10-14;6,4;10,9;0;25,1;16,48;8,5;67;1,333333;
2003-10-15;3,2;10,9;0;27,1;18,06;11;54;2;
2003-10-16;1,6;10,8;0;30,6;22,08;13,2;59,5;1,666667;
2003-10-17;4,7;11;0;30,9;22,9;16;61,5;1;
2003-10-18;6;9,9;0;32,5;23,92;17,5;68,75;2,333333;
2003-10-19;9,5;6,2;3,6;25,1;18,66;16;66,75;1,333333;
2003-10-20;3;2,4;0;21,5;16,98;12;87,25;1,333333;
2003-10-21;1,3;10,6;,3;25,9;18,42;12;60,25;1;
2003-10-22;4,7;11,2;0;26,9;18,56;12,4;54,25;1;
2003-10-23;5,4;11,4;0;27,3;19,6;13,5;56,5;1,666667;
2003-10-24;5,6;8,6;0;31,1;23,5;14;67,25;1,666667;
2003-10-25;4,5;0;,5;25,4;19,76;17,8;99,5;1,666667;
2003-10-26;,3;3,6;40,6;24,1;18,76;15,4;77,75;1,333333;
2003-10-27;3,3;11,4;0;19,8;13,96;8;65,25;2,333333;
2003-10-28;3,8;10,9;0;23,7;16,5;8,4;69,5;1,333333;
2003-10-29;3,6;10,9;0;27,1;19,06;10,4;80,25;1;
2003-10-30;2;8,9;0;30,6;23,4;17,1;69,75;,666667;
2003-10-31;4;,5;0;24,5;15,5;12,7;91;3;
2003-11-01;2,1;11,6;15,1;18,3;11,52;7,2;59,75;2,666667;
2003-11-02;4,4;11,6;0;18,4;11,58;3,5;66,5;1,666667;
2003-11-03;3,6;11,7;0;21,1;14,32;7,1;60,25;1,666667;
2003-11-04;4,2;7,9;0;23,1;16,28;7,4;72,75;1,666667;
2003-11-05;3,6;11,2;0;25,2;18,48;11,4;72,5;1,333333;
2003-11-06;1,6;10,4;0;27,1;19,98;14,4;72,75;1;
2003-11-07;3,1;11,1;0;27,3;20,24;14,3;71,5;1;
2003-11-08;2,9;11,1;0;30,1;22,34;15,6;68;1;
2003-11-09;3,8;3,5;0;31;23,72;19;70,25;1;
2003-11-10;5;12,1;0;31;23,82;18,2;65,25;1,333333;
2003-11-11;3,2;9,3;0;35,9;26,3;17,3;62,25;1,666667;
2003-11-12;7,8;0;37,1;29,1;19,08;16,5;91,25;3;
2003-11-13;1,2;9,1;4;21,3;15,06;12,1;76;1,666667;
2003-11-14;2,3;12,1;0;23,1;16,02;9;75,25;1,333333;
2003-11-15;2;9,2;0;28,1;19,62;10,3;72,5;1,666667;
2003-11-16;3;0;11,9;21,7;18,68;17,4;96,5;1;
2003-11-17;,5;5,6;9,4;27,1;20,5;16;84,25;1,666667;
2003-11-18;1,6;5,6;53;21,3;15,46;13,5;83,75;2,666667;
2003-11-19;2,4;9,6;9,9;26,1;18,74;13,5;77,25;2,333333;
2003-11-20;2;12,2;0;21,9;15,58;12;67,25;1,333333;
2003-11-21;3;11,8;0;25,7;18,16;10,5;66,25;1,666667;
2003-11-22;3,3;12,1;0;32,5;24,82;16,1;62,25;1,666667;
2003-11-23;6,4;10,8;0;34,9;27,2;24,5;70,5;1,333333;
2003-11-24;5,8;0;32,9;24,6;18,36;16,6;95,75;1,333333;
2003-11-25;,5;3,6;0;27,1;20,8;15,5;84,5;1;
2003-11-26;1,9;8,8;0;30,1;24,6;18,5;75,5;1;
2003-11-27;2,6;12,3;2;31,3;24,6;19;65,25;1;
2003-11-28;4,5;4,5;0;28,1;21,56;18,5;69,5;1;
2003-11-29;4;12,5;0;31;23,58;16,7;63,75;1;
2003-11-30;4;1;0;23,1;19,28;16,7;90,25;1,333333;
2003-12-01;5,6;11,6;14,9;26,5;20,4;15,7;78,5;1;
2003-12-02;1,9;11,3;0;28,3;21,56;15,5;74;1;
2003-12-03;3,9;7,2;0;28,1;22,5;18,5;77;1,333333;
2003-12-04;2;7,9;0;29,1;21,72;17,5;76,25;1,333333;
2003-12-05;1,1;12,7;0;26,9;19,4;15,5;52,5;2,566667;
2003-12-06;1;12,8;0;26,1;19,18;11,4;56;1;
2003-12-07;,9;11,1;0;29,3;22,04;15,3;58,25;1,333333;
2003-12-08;,7;1,7;0;23,1;18,82;15,3;86,25;1;
2003-12-09;,3;12,8;4,8;25,1;17,28;10,7;53;1,333333;
2003-12-10;1,5;12,7;0;28,4;21;12;58,25;2;
2003-12-11;2,6;1,4;121,6;24,1;20,92;19,9;83,5;1,333333;
2003-12-12;,9;12,3;0;24,1;18,66;12,6;62,25;1,333333;
2003-12-13;1,2;2,6;0;25,1;19,36;14,5;77,25;1,666667;
2003-12-14;1,8;5,7;0;26,4;22,2;17,4;86,75;1,666667;
2003-12-15;,5;,3;2,4;22,3;19,94;17,4;95,75;1;
2003-12-16;,8;11,9;23;21,5;16,08;12,9;70,25;1,666667;
2003-12-17;,2;12,8;0;24;17,24;12;67;1;
2003-12-18;1,5;12,8;0;28,1;20,16;11,1;76;1,666667;
2003-12-19;2;3,9;0;27,1;21,92;17,4;90;2;
2003-12-20;,3;0;18;24,1;20,86;19;97,25;1;
2003-12-21;,7;10,6;,4;30,5;24,46;19;84;1;
2003-12-22;2,5;3,4;11,6;25,4;19,46;17,5;78,25;2,333333;
2003-12-23;2,4;12,4;0;23,1;18,14;12,8;70,25;1;
2003-12-24;3,1;7,7;0;25,7;20,14;12,8;77,25;1,666667;
2003-12-25;2,8;12,5;0;29,9;22,04;13,2;77,5;4,333333;
2003-12-26;2;10,1;0;29,1;21,86;13;75;2;
2003-12-27;6;,5;0;28,1;21,92;18,1;88;1;
2003-12-28;3;15,6;22,7;24,2;19,06;16,2;79,5;1,333333;
2003-12-29;1;12,6;0;24,1;18;10,5;62,75;1,333333;
2003-12-30;1,7;11,5;0;28,6;20,68;10,5;77;1;
2003-12-31;3;10,1;0;24,1;19,06;17,6;72,25;1,666667;
2004-01-01;1;12,6;0;23,1;16,66;11,4;66,75;1,666667;
2004-01-02;1,5;12,5;0;26,1;19,42;12;71,25;1,333333;
2004-01-03;2;12,5;0;30,1;21,78;13,2;68,5;1;
2004-01-04;1,7;10,3;0;31;24,06;16,5;69,5;1,333333;
2004-01-05;2,3;9,3;0;33;25,72;20;68,75;1;
2004-01-06;1,5;11,5;0;35,1;26,7;22,2;64,5;1;
2004-01-07;2;11,2;0;32,6;24,14;20,3;78,25;1;
2004-01-08;1,4;12,3;5,4;31;25,24;20;78,75;1;
2004-01-09;1,6;12,1;0;32;26,08;20,4;74;1;
2004-01-10;2,2;10,6;0;32;25,98;20,5;71,5;1;
2004-01-11;2;10,9;0;29,1;23,38;21;72,5;2,333333;
2004-01-12;4;5,3;0;27,1;22,84;19,8;80,25;1,666667;
2004-01-13;3;8,4;0;27,4;22,32;18;77,75;2,333333;
2004-01-14;3,3;11,1;0;30,1;23,4;17,9;61,75;1,333333;
2004-01-15;6,4;10,7;0;31,1;23,52;20;71,25;1,666667;
2004-01-16;4;7,6;0;26,4;21,1;15;73,5;2;
2004-01-17;1;9;0;31;23,2;16,7;76;1;
2004-01-18;2,3;1,3;4,2;28,4;22,62;16,9;82,5;1;
2004-01-19;3;1,7;,1;26,8;21,62;16,7;81,5;2,333333;
2004-01-20;1,8;5,3;0;30,6;23,72;19,2;78,75;1;
2004-01-21;2;5,8;26;30,1;24,04;20,5;83,5;1;
2004-01-22;1,5;8,9;0;30,2;23,6;19;79,75;1;
2004-01-23;3;7,1;0;30,1;24;19,6;82,25;1,666667;
2004-01-24;2,7;11,8;0;34,2;26,1;21,1;70,25;1;
2004-01-25;6;12,5;0;30,6;24,12;19,2;66,25;1;
2004-01-26;3,6;12,4;0;33;26;20;58,75;1;
2004-01-27;6;12,2;0;33,1;24,58;19;65,5;1;
2004-01-28;4,5;9,5;0;33,7;25,2;18,6;76,75;1;
2004-01-29;4,5;9,9;0;35,7;28,2;24;72;1;
2004-01-30;3,5;11,7;0;34,9;27,98;20,8;63,75;1,333333;
2004-01-31;5;10,1;0;35,4;25,44;20,6;77;2,333333;
2004-02-01;4;10,1;1,3;33;25,26;20,4;75,25;2,333333;
2004-02-02;3,5;11,4;0;32;24,82;19,4;68,25;1;
2004-02-03;3,8;0;0;24,7;21,4;19,1;97,75;1;
2004-02-04;1,4;6,9;22,1;31,3;25;20,5;80,25;1;
2004-02-05;1,7;10,4;0;27,8;22,52;20;73,5;2,333333;
2004-02-06;3,7;10,1;0;27,3;20,66;16;67,5;2;
2004-02-07;4,4;10,3;0;27,6;20,94;16;75,75;2;
2004-02-08;3,6;11,4;0;28,6;21,92;16;74;2;
2004-02-09;4;11,3;0;31,3;22,68;17;75,5;1,666667;
2004-02-10;4;10,8;0;32,2;23,94;17,4;68;1;
2004-02-11;2,6;11,4;0;33,4;25,2;18,4;68,25;1;
2004-02-12;4;11,1;0;33,5;25,78;18,4;63,25;1,333333;
2004-02-13;5;,8;0;30,1;22,7;20,2;93,5;1;
2004-02-14;1;3,4;42,2;25,1;20;18,3;85;1;
2004-02-15;2,7;11,6;0;27,1;20,36;13,4;70,5;1;
2004-02-16;3,4;11;0;29,8;22,84;12,4;67,5;1,333333;
2004-02-17;5,6;5,8;0;28,7;21,94;19,2;68,75;1;
2004-02-18;4;11,2;0;29,1;20,9;15;72,75;1;
2004-02-19;4,1;10,8;0;28,1;21,28;17,5;70;1;
2004-02-20;3;11,4;0;27,4;19,74;13,5;64,5;1;
2004-02-21;3,1;11,6;0;26,9;19,42;13;69,5;1;
2004-02-22;4,7;11;0;26,4;19,22;13,5;72,25;1;
2004-02-23;1,6;9,9;0;27,6;20,56;14,9;75,25;1;
2004-02-24;3,6;9,1;0;26,6;20,14;15,5;76,25;1;
2004-02-25;5,2;10,2;0;30,1;21,98;14,5;70,5;1,666667;
2004-02-26;2,4;10,6;0;32,9;23,9;16,4;71,75;1;
2004-02-27;2,4;11,3;0;33,1;24,1;19,5;68,75;1;
2004-02-28;4;6,2;0;28,3;20,6;16,5;75,5;1;
2004-02-29;4,1;9;0;27,6;20,46;14,4;73,25;1;
2004-03-01;6,1;10,9;0;31;21,34;14,2;72,5;1;
2004-03-02;2;1,5;0;24,6;20,04;16,6;85,5;1,666667;
2004-03-03;1,6;11,2;17;28,1;21,12;15,1;56,25;1,333333;
2004-03-04;6;11,2;0;29,1;20,98;15;64,5;1,666667;
2004-03-05;5,3;11;0;32;22,68;13,6;77;1;
2004-03-06;3,2;10,5;0;33;23,68;19;75;1,333333;
2004-03-07;5;0;27,1;22,6;19,6;15,5;97,75;1;
2004-03-08;,8;5,3;9,5;25,1;21,28;18,5;91,75;1;
2004-03-09;1,3;10,8;0;31;23,7;19;70;1;
2004-03-10;3,7;5,8;0;28,5;21,68;17,5;70,75;1,333333;
2004-03-11;3,3;2,6;0;25,1;19,94;16,2;74,25;2;
2004-03-12;4;6,2;0;25,1;20,16;15,5;78;1,666667;
2004-03-13;1,9;4,9;0;27,4;21,84;18,6;86,5;1;
2004-03-14;1,2;7,1;0;30,3;22,32;17,6;81,75;1;
2004-03-15;1,4;5,7;0;28,1;22,24;18,3;76,75;2;
2004-03-16;1,3;10;0;28,4;22,32;17,2;74;1;
2004-03-17;1,4;8,8;0;27,3;21,14;16,4;74;1,666667;
2004-03-18;8,8;7,6;0;27,1;20,34;16,2;77,75;1;
2004-03-19;4,5;9,6;0;26,1;20,2;15,5;73,5;1,333333;
2004-03-20;4,5;10,3;0;27,5;20,62;15,2;64,5;1,333333;
2004-03-21;5,6;10,6;0;27,1;19,92;15;74;1;
2004-03-22;,7;10,8;0;26,7;20,38;14,4;70;1,333333;
2004-03-23;,8;11,2;0;29,7;20,74;14;68;1,333333;
2004-03-24;1,3;10,8;0;30,5;22,14;15;66;1,333333;
2004-03-25;1,4;10,6;0;31,5;22,98;15;60,25;1,333333;
2004-03-26;1,4;10,5;0;31;22,14;15;62,25;2,333333;
2004-03-27;1;9;0;29,1;21,36;16,2;72,5;1;
2004-03-28;1,3;9;0;30,4;22,54;16,5;75;1;
2004-03-29;4;7,3;0;29,2;23,08;19;78;1;
2004-03-30;2,5;7,3;0;30,8;22,54;16,5;79,75;1;
2004-03-31;2;3,4;0;30,1;22,84;18,5;79,25;1;
2004-04-01;1,5;,9;0;27,4;21,82;19,3;87,5;1,666667;
2004-04-02;1,3;0;9;25,4;21,12;19,4;94,25;1;
2004-04-03;3;6,9;,9;29,9;22,96;18,3;82;,666667;
2004-04-04;4,3;7,8;0;30,6;23,64;19,4;81,25;1,333333;
2004-04-05;3,4;6,2;0;31;23,58;19,1;75;1,333333;
2004-04-06;3,1;8,1;0;33,6;24,22;18,5;72,25;1,666667;
2004-04-07;3;6,7;0;32;23,34;18,6;75,75;1;
2004-04-08;,7;7,2;6,8;28,6;22,98;19,5;79,25;1;
2004-04-09;5,2;3,7;0;26,5;19,94;17,2;82,75;1,333333;
2004-04-10;1,1;3,9;0;24,5;20,2;16,5;71;2,666667;
2004-04-11;1,2;6,6;,2;26,5;20,62;16,6;84;1;
2004-04-12;2,2;9,1;0;30,8;23,66;16,5;73,75;1;
2004-04-13;2,7;10;0;34,9;26,62;20,3;66,25;1,666667;
2004-04-14;4;10;0;33;27;22,8;69,5;1;
2004-04-15;3,5;2,9;0;29,6;23;20,5;82,25;1,333333;
2004-04-16;3,6;3,8;0;31;21,78;18,7;82,25;1,666667;
2004-04-17;3,9;2,4;30,8;25,1;18,86;17,2;75;1,333333;
2004-04-18;2,5;7;0;25,1;18,96;12,9;85;1,333333;
2004-04-19;2,3;9,6;0;21,7;14,74;11,8;63,5;1,666667;
2004-04-20;4,4;9,6;0;20,3;13,82;9;60,5;1;
2004-04-21;3;5,6;0;26,1;19,12;11;75,25;2;
2004-04-22;2,1;0;26;22,1;19,42;18;100;1,333333;
2004-04-23;,4;9,2;65;25,8;17,16;14;83,25;1,333333;
2004-04-24;2;8,6;0;17,1;12,92;11,5;74,25;1,333333;
2004-04-25;1,7;9,5;0;17,5;11,74;7,4;73,25;1;
2004-04-26;2,6;9,4;0;18,3;12,28;7,5;72,25;1;
2004-04-27;2,5;9,5;0;21,7;14,34;9;69,5;1;
2004-04-28;3;7;0;26,1;18,14;11;74,25;1;
2004-04-29;2;4,1;0;28,6;20,2;17,4;82;1,333333;
2004-04-30;1;6,8;22;18,5;12,68;10,7;71;1,333333;
2004-05-01;5,3;8,4;0;20;13,12;7,4;75,25;1;
2004-05-02;1;8,4;0;23,4;16,8;10;75,75;1;
2004-05-03;2;,7;0;17,8;14,58;12,2;90,5;2;
2004-05-04;1,5;3,1;1;16,5;14,08;12,5;89;2;
2004-05-05;1,5;0;0;16,5;13,8;13;96,75;1,333333;
2004-05-06;1;,3;12,4;15,8;13,86;13;96,75;2,666667;
2004-05-07;1;0;1;17,5;15,36;13,3;98,75;1,333333;
2004-05-08;null;,5;0;20,2;17,08;15,4;94,25;1;
2004-05-09;,5;5,5;0;22,1;17,38;13,6;85;1;
2004-05-10;1;5;0;24,1;17,82;15;84,5;1;
2004-05-11;1;3,5;0;22,3;17,88;13;83,25;1;
2004-05-12;1,8;7;0;22,1;17,5;15,2;81;1,333333;
2004-05-13;1,7;0;0;17;14,06;12,5;95,5;1,666667;
2004-05-14;1,5;1,3;1,5;13,7;10,74;8,4;94;2;
2004-05-15;,5;6,6;5,1;16;10,08;8,4;82,5;1,666667;
2004-05-16;1,2;5,9;0;15,4;9,58;5,5;75,5;1,333333;
2004-05-17;,8;6,2;0;16,4;11,86;8,3;79;1;
2004-05-18;1,5;8,1;0;14,2;7,82;4;76;1;
2004-05-19;2;8,4;0;14,4;7,72;2;68,5;1,666667;
2004-05-20;1,3;8,6;0;14,3;9,1;5,9;73,25;2,333333;
2004-05-21;1,2;1,7;0;16,4;12,14;5,5;82,75;2;
2004-05-22;1,2;6,6;0;20,7;14,92;8,5;81,75;2,333333;
2004-05-23;1,5;0;20,5;16,3;12,62;9,7;96;1;
2004-05-24;1,5;3,6;4;16,7;12,54;9,8;90,25;1;
2004-05-25;,5;,1;9,8;14,7;12,54;9,5;87,5;2,666667;
2004-05-26;,5;8,2;3;17;12,42;10,5;78,75;2,333333;
2004-05-27;1;8;0;15;8,9;4,5;72,75;1;
2004-05-28;1,8;8;0;14,6;7,62;2,5;79,25;1;
2004-05-29;1,2;6,1;0;17,3;9,96;2,7;84,5;1;
2004-05-30;1,7;6,9;0;18,2;12,84;9,8;86;1;
2004-05-31;1;3,2;0;15;10,4;7;92,5;1,333333;
2004-06-01;,3;0;0;15,6;12,18;9,5;93,75;1;
2004-06-02;,2;0;0;14,5;12,84;11,9;97,25;1,333333;
2004-06-03;,8;0;0;15,2;11,82;10,5;95,5;1;
2004-06-04;,2;4,1;0;17,4;12,04;10,5;88,25;1;
2004-06-05;,8;6,5;0;19,8;13,52;9;78,5;1,333333;
2004-06-06;3,4;3,2;0;22,1;13,98;11;82,5;1,333333;
2004-06-07;1;7;0;17,2;10,08;7;88,25;1;
2004-06-08;,6;0;0;16,6;12,98;8;79,25;1,333333;
2004-06-09;,2;6,8;0;20,7;15,86;12,1;81,75;1,666667;
2004-06-10;1;0;2,9;17,5;13,12;10,3;89,75;1,666667;
2004-06-11;1;5,5;2;11,1;7,5;5;76,75;1,333333;
2004-06-12;1;5,7;0;11,8;5,02;2,1;75,75;1,333333;
2004-06-13;1,3;5,5;0;15;6,92;0;63;2;
2004-06-14;2;4,1;0;14,8;9,1;4;76;1;
2004-06-15;1,5;8;0;19,5;11,96;6;69,5;1;
2004-06-16;5,5;3,5;0;22,8;15,36;9;82;1,333333;
2004-06-17;,5;2,8;0;20,5;15,26;12,7;87,5;1;
2004-06-18;,6;4,1;0;18,2;12,64;8,5;86;1;
2004-06-19;1;7,2;0;24,4;16,06;10,5;77,75;1,666667;
2004-06-20;1,1;7,5;0;26,7;17,82;12,2;76,25;1,666667;
2004-06-21;2;1,2;4;18,5;13,78;12,2;96,5;1,333333;
2004-06-22;1,9;5,2;2;17,6;14,04;10;91,75;1;
2004-06-23;,4;0;20,2;16,5;14,92;13;100;1;
2004-06-24;,2;0;13,2;15;13,4;13;100;1;
2004-06-25;,3;0;0;16;15,2;13;100;1;
2004-06-26;1;0;32;19,5;17,02;15;97;1;
2004-06-27;,4;0;,3;16,7;13,74;12,8;92,75;1;
2004-06-28;1,1;,2;0;15,2;13,12;10;97,25;1;
2004-06-29;,5;4;0;22,5;17,66;13;87,75;1;
2004-06-30;,6;0;12;20,3;19,3;18;98,25;1,666667;
2004-07-01;,4;5,7;4,4;24,1;18,82;17;94,75;1;
2004-07-02;1;4,6;0;26,1;21,52;18;85,25;2;
2004-07-03;,8;7,5;31,4;20,9;12,72;10,3;71,25;2,333333;
2004-07-04;2,5;8,1;0;15,1;9,66;5;68,75;1,666667;
2004-07-05;3,5;7,9;0;19,8;12,28;9;68,5;1;
2004-07-06;3;7,8;0;20,4;13,76;9;64,25;1,333333;
2004-07-07;5;2,5;0;19,2;13,78;10;64,75;1,333333;
2004-07-08;3;7,7;0;12,7;6,16;3,9;67,25;1;
2004-07-09;2,1;6,4;0;13,7;7,7;1;59,25;1;
2004-07-10;1,9;8,1;0;11,1;5,24;2;55,25;1;
2004-07-11;3;8,2;0;11,6;4,4;0;71,5;1;
2004-07-12;1;5,9;0;14,1;7,52;,9;73;1,333333;
2004-07-13;2,2;0;3,2;14,9;13,16;9,9;99,75;1,333333;
2004-07-14;,8;0;,1;18;16,38;14,9;100;1;
2004-07-15;1;2,3;0;15,5;8,94;7;82,5;2,333333;
2004-07-16;1,2;8,1;0;12,9;6,32;4;77,75;2,666667;
2004-07-17;2,6;8,1;0;9,3;3,42;0;80,5;2;
2004-07-18;2,2;7,9;0;11,3;6,2;-,5;76;3;
2004-07-19;2;0;0;14,1;10,54;5,8;84,75;1;
2004-07-20;1;8,2;0;18,7;13,06;9;76,5;2,666667;
2004-07-21;2,1;8,2;0;19,4;12,18;8;80;2;
2004-07-22;1,1;1,5;0;16,8;11,98;9,8;82,25;1,666667;
2004-07-23;2,7;7,7;0;20,2;12,54;6;72,75;1,666667;
2004-07-24;3,3;8;0;21,3;13,54;10;76;1,333333;
2004-07-25;3;8,2;0;22,1;14,38;10,1;65,5;1,333333;
2004-07-26;2,3;8,6;0;22,6;14,64;9,9;72,25;1,333333;
2004-07-27;3,6;8,2;0;22,6;14,24;9;74,75;2;
2004-07-28;2,6;3,1;0;23,6;15,46;9,1;75,5;1,333333;
2004-07-29;1,5;0;23,5;16,5;9,66;7,2;97,75;1,333333;
2004-07-30;1,5;8,7;4,2;12,5;7,64;5,9;88,25;1,333333;
2004-07-31;2;1,5;0;13,3;11,06;6,8;96,75;1,666667;
2004-08-01;2;6,6;0;18;12,66;11,1;86;1;
2004-08-02;1,1;7,2;0;21,1;13,82;10,5;85,25;1,666667;
2004-08-03;1,3;2,8;0;25,7;17,78;11;76,5;1,666667;
2004-08-04;2,8;2,2;0;28,6;21,76;16,3;66;2;
2004-08-05;7;4,7;0;24,9;17,24;13,4;81,75;2,666667;
2004-08-06;3;0;1,3;13,5;8,86;8,2;86,5;1,666667;
2004-08-07;1,1;5,8;0;10,3;5,3;1,8;78,25;1,666667;
2004-08-08;1,9;9,3;0;11,4;4,8;0;76,25;1,666667;
2004-08-09;1,1;9,3;0;17,5;8,9;2;74;1,333333;
2004-08-10;2,3;7;0;19;11,72;6,2;75,5;1;
2004-08-11;2,4;4;0;17,3;12,48;8;78,75;1,333333;
2004-08-12;1,8;8,4;0;23,3;15;10;81,75;1,333333;
2004-08-13;2;9;0;25,1;16,04;10,1;76;1,666667;
2004-08-14;1;9,6;0;25,1;16,82;10;61;2;
2004-08-15;1,8;5,2;0;24;19,08;15;54,5;2,333333;
2004-08-16;1;0;0;24,1;19;17;64,5;2;
2004-08-17;1;1,3;5;20;15,38;11,8;91,75;1,666667;
2004-08-18;1;0;6,9;15,8;13,14;12,3;94,75;1;
2004-08-19;,4;0;0;14,3;13,4;12;99;1;
2004-08-20;0;0;,7;14,1;11,82;11;95,5;1,333333;
2004-08-21;,3;8,1;,2;11,7;7,24;5,1;78,5;1,666667;
2004-08-22;,5;3,6;0;10,7;6,48;2,8;83,5;1,333333;
2004-08-23;,2;10,1;0;15,4;8,78;3,1;68;1;
2004-08-24;,8;9,4;0;20,7;12,8;5,9;49,5;1;
2004-08-25;1;2,8;0;21,1;14,38;11;68,5;1;
2004-08-26;1;6;0;18;14,46;6,8;64;1;
2004-08-27;,5;9,6;0;22,4;17,12;8;60,5;1;
2004-08-28;1;9,7;0;23,9;16,06;11,2;64;1;
2004-08-29;1,1;10,3;0;25,1;17,4;12;59,25;1,333333;
2004-08-30;1,4;10,2;0;26,3;18,42;15,1;69,5;1;
2004-08-31;1,2;10,1;0;27,1;18,62;12,8;65;1;
2004-09-01;1,6;10,2;0;29,6;19,84;12,3;67,25;1;
2004-09-02;1,9;,2;1,8;20,9;17,78;16,8;92,25;1,333333;
2004-09-03;2,2;,4;11;17,6;15,96;14;95;1,666667;
2004-09-04;,5;8,3;0;27,3;19,88;14,1;83,25;2;
2004-09-05;1,8;8,3;0;30,4;24,48;20,2;54;1,666667;
2004-09-06;2,7;9,3;0;32,5;27,46;21,3;51,25;2;
2004-09-07;13;2,4;0;31;22,3;18,5;68,75;3;
2004-09-08;2;0;4,8;18,5;11,98;10,2;100;2;
2004-09-09;2;0;87,8;12,1;10,98;10;100;2;
2004-09-10;,2;0;10,1;11,4;10,04;9,4;97;2;
2004-09-11;,6;8;12,6;14,2;8,56;5;63;2;
2004-09-12;2,4;8,6;0;14,8;8,98;2;78;2,333333;
2004-09-13;2,8;0;0;13,1;11,32;9,3;96,75;1,666667;
2004-09-14;1;7,8;,3;13,1;12,66;11,3;82,75;1;
2004-09-15;,5;10,8;0;21,6;13,8;11;73,75;1,333333;
2004-09-16;,5;11,2;0;21,6;11,52;5,2;67,5;1;
2004-09-17;,8;11,2;0;21,7;13,96;7,2;62,25;1;
2004-09-18;1;10;0;21,7;18,12;12;77;1,333333;
2004-09-19;1,1;0;0;28,8;19,88;16,2;81,75;1,666667;
2004-09-20;2;0;5,9;16,2;12,98;11,1;98;2;
2004-09-21;,2;0;15,1;20,4;16,1;12,8;99;1;
2004-09-22;2;7,4;,1;20,2;14,44;12,8;84;1,666667;
2004-09-23;2,9;11,1;0;21,9;14,92;10;63,5;1;
2004-09-24;5;11,1;0;24,1;16,58;10;66,75;1;
2004-09-25;4,9;11,2;0;25,3;17,7;12;70,25;1;
2004-09-26;11,8;9,9;0;26,2;18,64;11,8;70,5;1;
2004-09-27;3,2;0;0;21,5;18,66;16;90,5;1,333333;
2004-09-28;1;,9;2;23,1;17,92;16;85;1;
2004-09-29;1,1;11,4;0;19,2;12,48;9,5;66,75;1,666667;
2004-09-30;4,9;4,8;0;16;10,6;5;71,25;1;
2004-10-01;3;11,3;0;25,3;16,12;8,5;64,25;1;
2004-10-02;4;11,5;0;28,3;18,74;15;59,75;1;
2004-10-03;6,5;9;0;21,3;13,04;8,1;80,25;1,333333;
2004-10-04;7,5;11;0;21,3;14,16;8,5;74;1,333333;
2004-10-05;2,8;8,9;0;20,9;13,94;9;66;1,333333;
2004-10-06;4,6;11,3;0;21;13,46;6,1;63,25;1,666667;
2004-10-07;1,6;11,6;0;23,7;15,28;7;60,5;2;
2004-10-08;4,8;8,5;0;25,6;18,06;10,1;66,25;1,333333;
2004-10-09;3;10,8;0;25,1;17,36;13;68,5;1,666667;
2004-10-10;5,7;10,1;0;24,2;18,32;13,3;72;1;
2004-10-11;3,5;11,5;0;24,6;17,12;12;64,5;1;
2004-10-12;6;,3;,1;17,7;15,6;14;92,5;1;
2004-10-13;1,5;5,9;22,1;20,8;15,6;14;71,25;1,666667;
2004-10-14;3;11,8;0;23,1;14,62;6,5;68,5;1;
2004-10-15;4,5;10,9;0;28,3;20,68;12,1;79;2;
2004-10-16;2;1;43,5;22,9;18,98;17,8;92,25;1;
2004-10-17;3,5;11;15,9;25,3;17,76;13;68,75;1;
2004-10-18;2,5;5,7;0;24;17,28;13,1;73,25;1;
2004-10-19;4;12;0;21,1;15;10,9;69,25;1;
2004-10-20;1;12;0;21,3;14,42;8;63;1;
2004-10-21;2;12,2;0;25,3;17,24;8,9;72,5;1;
2004-10-22;4,5;11,9;0;28,5;19,96;8,1;69,5;1;
2004-10-23;4,5;2,8;0;21,7;18,1;16,2;88;1,333333;
2004-10-24;3;9,9;14;20,8;14,54;11,5;71;1,333333;
2004-10-25;2;11,9;0;22,6;16,32;13;59,75;1;
2004-10-26;4,1;6,5;0;24,3;14,7;10,8;74,75;1,333333;
2004-10-27;2,9;12,4;3;19;11,98;5,9;66,5;1,333333;
2004-10-28;4;12,5;0;25,3;16,92;10;60,25;1;
2004-10-29;4,1;11,6;0;29,9;21,9;13;60,75;1,333333;
2004-10-30;11,9;0;0;23,8;18,88;17,2;94;1;
2004-10-31;,8;10,1;18,5;24,8;18,5;15,3;78,5;1,666667;
2004-11-01;,7;12,3;0;26,9;19,32;14;71;1,333333;
2004-11-02;1;12,2;0;29,6;23,26;16,3;76;1,333333;
2004-11-03;1;0;76;24,3;19,38;18;94,75;1,666667;
2004-11-04;1,5;0;10;21,3;18,64;17,5;94,25;1,333333;
2004-11-05;1;0;24,2;18,2;13,88;11;85,25;1,666667;
2004-11-06;1;12;3,4;20,4;12,84;5;71,75;1;
2004-11-07;2;12,8;0;21,6;16,18;9,8;62,5;1,333333;
2004-11-08;3,1;6,3;0;25,5;19,18;11,2;77,75;1,666667;
2004-11-09;3,4;0;27;21,1;18,02;17;97,5;1,666667;
2004-11-10;,5;1,6;11;21,9;18,96;17;92,5;1,333333;
2004-11-11;1,1;4,3;0;21,1;16,34;14;87;2;
2004-11-12;1,9;7,2;,9;21,1;15,58;12,4;84;1,333333;
2004-11-13;3;10,3;0;21,9;15,9;11,9;79,25;1,333333;
2004-11-14;3;8,1;0;24,9;18,06;12;77,75;1,333333;
2004-11-15;6;11;,2;26,7;21,26;16,3;77;1;
2004-11-16;1,1;1,2;2;23,6;20,32;18;82,25;1,333333;
2004-11-17;1,9;12,8;0;25,1;17,7;13,2;61,5;1,333333;
2004-11-18;2,6;11,8;0;23,1;16,86;12;70,25;1;
2004-11-19;1,4;11,3;0;21,3;16,06;11,1;70,5;1;
2004-11-20;3;11,9;0;23,2;16;11,1;73,75;1;
2004-11-21;2,5;12,3;0;24,9;17,84;10,2;63,5;1;
2004-11-22;1,5;12,4;0;28,2;20,44;9;64,25;1;
2004-11-23;4;10,3;0;32,3;25;17;63;1,333333;
2004-11-24;3;0;0;27,1;21,66;19,2;91,25;1;
2004-11-25;1;1,8;1;28,1;23,06;20;83,25;1;
2004-11-26;3;6,8;0;27,1;20,38;16,5;79,25;1,333333;
2004-11-27;,8;3,1;0;26,1;20,5;16;79,5;1;
2004-11-28;1,7;6,8;0;28,6;21,18;17;76,75;1,666667;
2004-11-29;3;11,4;0;28,1;20,5;16;75,5;1;
2004-11-30;3;10,7;0;28,5;21,64;16,5;67,25;1,333333;
2004-12-01;2,5;12,5;0;31;23,92;18;67,25;1,666667;
2004-12-02;5;11,3;0;31,8;25,3;19;68,75;1;
2004-12-03;7,7;10,4;0;34,9;26,9;20;53,75;2;
2004-12-04;1,5;3,5;5;30,1;24,12;20;76,25;1;
2004-12-05;1,5;12;0;31;24,68;17;63,75;1;
2004-12-06;1;2,1;54;26,6;24,4;23,8;77;1;
2004-12-07;,8;0;0;24,1;21,9;20;89,25;1;
2004-12-08;1;1,5;,1;25,4;21,1;19,5;87,75;1;
2004-12-09;1,2;11,3;0;25,1;20,22;15;67,75;1,333333;
2004-12-10;1,1;11,4;0;24,6;19,34;13,9;66,25;1,333333;
2004-12-11;1;9,4;0;26,1;19,34;13;68;1,666667;
2004-12-12;1,9;12,5;0;28,9;21,58;14;73;1;
2004-12-13;2,1;12,2;0;30,1;23,94;17;65;,666667;
2004-12-14;2;12,3;0;30,8;23,46;18,5;58,75;1;
2004-12-15;3,9;7,6;0;33,9;25,36;18,7;63,5;1,666667;
2004-12-16;3;5;1;26,6;20,82;18;68,75;1,333333;
2004-12-17;5;10,8;0;26,1;19,6;12,7;65;1;
2004-12-18;4,1;10,7;0;32,5;23,66;14;61,25;1;
2004-12-19;4;,7;17,9;26,1;21,42;18,5;87,5;1;
2004-12-20;3,9;6,3;7,9;26,1;20,6;18,8;69;2;
2004-12-21;3;5,2;0;24,6;18,56;12,2;52,5;2;
2004-12-22;4,1;10,5;0;24,3;18,58;12;61;1,666667;
2004-12-23;4,1;10,9;0;27,1;20,36;13,1;68,5;1;
2004-12-24;2,1;9,4;0;22,7;20,26;16;66,25;1;
2004-12-25;2;10,5;6;26,7;20,22;16;60,75;1,666667;
2004-12-26;1,8;10,9;0;25,7;19,52;14,1;67,75;1;
2004-12-27;4,1;11,9;0;27,3;22,06;16,8;68,25;1;
2004-12-28;4;12;0;29,6;23,16;17;64,25;1;
2004-12-29;2,5;1,4;0;30,1;24,38;18;67;1;
2004-12-30;1,4;12;0;31,2;25,28;20;68,5;1;
2004-12-31;2,1;12,6;0;32;24,62;18,1;61,75;1;
2005-01-01;4,2;7,9;0;30,8;25,16;18,8;61,25;1,333333;
2005-01-02;3,1;6;0;31,6;25,22;19,9;71,25;1;
2005-01-03;1,7;5,7;0;27,9;22,66;21,2;78,75;1;
2005-01-04;2,3;11,8;0;33;26,28;19,8;66;1;
2005-01-05;5;12,8;0;34,1;27,26;21,9;60,75;1;
2005-01-06;4;12,9;0;35,5;28,52;21,1;55,75;1;
2005-01-07;2,8;12,9;0;36,9;28,7;22;46,75;1;
2005-01-08;4,1;3,2;0;35,5;27,3;22;60;1;
2005-01-09;4,5;2,5;23,4;28,1;23,66;19;71;1,333333;
2005-01-10;4;8,1;0;31,3;24,94;21,2;69,5;1;
2005-01-11;4,4;9,5;0;31;24,58;19,8;69,5;1;
2005-01-12;5;11,6;0;34,7;26,86;20;61;1;
2005-01-13;5,4;12;0;35,3;28,16;22,1;61;1,333333;
2005-01-14;9,6;8,1;0;37,2;27,94;20,5;61,75;1;
2005-01-15;5;2,5;19,4;28,6;23,12;20;65,25;1,333333;
2005-01-16;4;12,7;0;27,6;21,14;14,3;58,5;1;
2005-01-17;5,1;12,5;0;31;24,6;18;53,75;1;
2005-01-18;4,1;9,5;0;34,8;26;18;54,5;1,333333;
2005-01-19;6,8;12,1;0;31,4;24,4;16;59;1;
2005-01-20;3,3;11,6;0;28,1;21,58;19;52,5;1,666667;
2005-01-21;3,1;12,8;0;26,1;20,82;14,7;46;1;
2005-01-22;1,6;12,2;0;33,9;25,08;15,5;53,25;1;
2005-01-23;5,4;12;0;36;27,84;21;55,75;1;
2005-01-24;3;7,6;0;34,9;26,4;23;75,5;1;
2005-01-25;4;12,5;24,5;26,1;19,06;14;40;1,666667;
2005-01-26;4,4;12,7;0;28,1;19,58;11,2;58,25;1;
2005-01-27;7,2;12,7;0;30,1;21,14;12,8;53,5;1;
2005-01-28;3,5;10,6;0;32,4;23,16;16,8;69,5;1,333333;
2005-01-29;5;12,5;0;33,9;26,14;16;67,75;1;
2005-01-30;1,5;0;0;28,4;25,02;22;82,75;1;
2005-01-31;1;0;0;27,1;20,98;17,4;92,75;1,333333;
2005-02-01;3;6,8;18;22,1;17,44;14;71,75;1,666667;
2005-02-02;2,5;2,3;0;21,1;16,98;12,8;68,25;1;
2005-02-03;3;4,4;4,2;23,3;17,66;14;81;1;
2005-02-04;4,5;8,8;0;28,4;22,16;15;73,5;1,333333;
2005-02-05;3,1;10,3;0;31,2;24,68;17,2;74,25;1;
2005-02-06;3,3;6,6;0;33,7;26,5;20;77,75;1;
2005-02-07;6;0;0;32,2;24,64;17;54,25;1,676293;
2005-02-08;2;0;0;25,5;22,52;20,1;77,75;1;
2005-02-09;1,6;,9;0;25,1;23,42;22;85,75;1;
2005-02-10;2,1;11,4;,4;32;24,78;20,9;67,25;1,666667;
2005-02-11;2,2;8,1;0;28,1;22,46;19,2;69,5;1,333333;
2005-02-12;1;7,6;0;27,1;21,78;18;76,75;1,333333;
2005-02-13;2,7;9,3;0;31;23;18,1;73;1;
2005-02-14;4;9,4;0;29,3;22,8;18,1;71;1,333333;
2005-02-15;3,1;12,7;0;27,8;21,66;13,9;55;1,333333;
2005-02-16;3,5;11,1;0;29,6;22,76;14,2;64,5;1;
2005-02-17;5,4;10,7;0;31;23,7;17,1;54;1;
2005-02-18;2,5;12,5;0;32;23,4;18;66,75;1;
2005-02-19;5,3;10,5;0;33,9;25,22;19;61,75;1;
2005-02-20;4;10,3;0;33,9;24,82;20,6;72,5;1;
2005-02-21;3,1;6,9;0;34,1;26,26;23,8;65;1;
2005-02-22;5;8,1;0;33,1;25,58;20;65,5;1;
2005-02-23;5,1;8,3;0;34,1;26,6;20,3;57,25;1;
2005-02-24;3;2;0;33,7;26,82;23;48,75;1;
2005-02-25;3,8;0;0;27,3;22,9;21;76,75;1;
2005-02-26;3,6;9,6;0;33;23,18;18,9;77;1;
2005-02-27;5;11,7;,2;33;23,9;17;59,25;1;
2005-02-28;8,4;11,9;0;32,2;24,36;18;61;1;
2005-03-01;3;11,7;0;26,9;18,64;10,5;59,75;1,333333;
2005-03-02;2,6;10,1;0;27,1;19,44;12,1;55,75;1;
2005-03-03;1,9;11,6;0;29,2;21,2;13;54,75;1;
2005-03-04;3,1;11,5;0;32,8;23,94;14,9;61,25;1;
2005-03-05;3,3;11,1;0;36,2;26,92;18,2;55,25;1;
2005-03-06;6;11,2;0;37,2;27,62;19,2;37,5;1;
2005-03-07;7,6;11,6;0;36,2;28,34;22;36,5;1,333333;
2005-03-08;4,5;4,8;0;34,9;24,22;20,2;69;1,333333;
2005-03-09;4,1;9,4;1,1;29,5;21,04;16,1;41,5;1;
2005-03-10;2;11,3;0;33,9;23,98;16;32,5;1;
2005-03-11;4;11,5;0;37,4;27,44;19,8;47,75;1;
2005-03-12;6;0;0;26,5;20,14;16,8;78,75;2,333333;
2005-03-13;,7;0;23,8;20;18,3;15,9;95,5;1;
2005-03-14;,7;5,8;19;26,1;20,6;16,1;76,5;1,666667;
2005-03-15;2,5;4,9;0;26,1;21,5;17;82,25;1;
2005-03-16;4,1;2,9;0;26,1;22,58;20;83,25;1;
2005-03-17;3,1;8;0;30,4;25;20;75,25;1;
2005-03-18;3,6;11;0;31,5;24,3;21,5;58;1;
2005-03-19;4;11,3;0;25,7;19,72;12,9;60,25;1;
2005-03-20;2;9;0;30,6;23,92;16;58,5;1;
2005-03-21;4;12,7;0;33;22,18;18;83,5;1,333333;
2005-03-22;3,3;0;10,4;18,8;14,84;13;96;1,333333;
2005-03-23;4,5;,1;,2;20;16,4;13,2;87,25;1,333333;
2005-03-24;2,1;8,3;0;24,1;17,78;13;77,25;1;
2005-03-25;2;10,7;0;27,1;20,6;13;68,75;1;
2005-03-26;4;10,5;0;31;23,38;16;69;1;
2005-03-27;4;8,8;0;33;25,12;18;65;1;
2005-03-28;2,5;1,5;0;32,2;25,36;20;54,75;1;
2005-03-29;5,4;0;0;25,8;20,66;18,5;88,75;1;
2005-03-30;,3;5,4;16,8;22,7;18,06;14,8;82;1;
2005-03-31;,7;,4;5,6;19;16,8;15;98,5;1;
2005-04-01;1;0;49,2;21,6;19,36;18;97,25;1;
2005-04-02;1,5;0;35,5;20,3;18;16,5;96;1;
2005-04-03;1;10,7;1,6;21,1;13,98;10;73,25;1;
2005-04-04;1,5;10,7;0;21,2;14,5;9;66,5;1;
2005-04-05;1,5;9,5;0;27,1;18,38;9;78,25;1;
2005-04-06;1,5;2,2;7,5;27,9;22,3;19;95,25;1;
2005-04-07;,5;10,6;null;33,8;24,76;21;79,25;1,666667;
2005-04-08;1,1;4,8;35;21,1;16,62;14;82;5;
2005-04-09;1,9;1;0;22,7;18,8;14,1;90,5;1;
2005-04-10;1,1;1,1;,9;22,4;21,14;19,9;94,5;1;
2005-04-11;,5;1,3;1,5;29,6;21,14;17,5;94;1,666667;
2005-04-12;,4;0;21,1;17,5;16,38;15,8;91,5;2;
2005-04-13;,3;0;1,5;19;16,18;12;92;1;
2005-04-14;,2;1,6;11,9;21,1;17,6;15,7;93,25;1,333333;
2005-04-15;,5;3;1,2;20,3;16,54;14;93,25;1;
2005-04-16;,6;10,5;null;22,6;18,12;16;76,25;1;
2005-04-17;3;10,6;0;23,3;17,06;12;82;1;
2005-04-18;3,4;5,9;0;24,1;18,3;15;80,5;1;
2005-04-19;1;0;null;20,3;17,1;16,2;89,25;1;
2005-04-20;1;0;0;17;15,16;14;96;1;
2005-04-21;,8;3;0;18,9;14,18;12;91,5;1;
2005-04-22;1;8,6;0;24,4;16,9;11;79,75;1;
2005-04-23;1,5;8,7;0;25,7;18,48;13;69,5;1,333333;
2005-04-24;1,5;,6;0;17,6;13,5;11,3;89,5;1,333333;
2005-04-25;,8;5,4;1;14,1;10,28;7,2;78;1,666667;
2005-04-26;,7;9;null;18;11,48;6;81;1,333333;
2005-04-27;,5;7,4;0;19;12,2;7;70;1;
2005-04-28;,8;9;0;21,1;14,52;8,9;82,5;1;
2005-04-29;1;2,8;0;20,3;15,42;12;89,25;1;
2005-04-30;1,1;9,2;null;21,9;15,78;11;80,25;1;
2005-05-01;2;8,9;0;22,7;15,18;10,5;74,25;1;
2005-05-02;2,2;9,2;0;25,1;16,8;11;78,75;1;
2005-05-03;2,2;9,2;0;25,2;18,06;12,1;71,75;1;
2005-05-04;2;8,3;0;25,4;19,66;13,4;73,25;1;
2005-05-05;1;0;1;21,1;18,7;17,8;95,5;1;
2005-05-06;1;0;31,5;18;15,2;14;100;1;
2005-05-07;1,3;,9;45,2;16,2;13,54;11,2;89;1,333333;
2005-05-08;2;0;0;17,6;14,64;11,2;88;1;
2005-05-09;,6;0;18;18,2;16,56;15,5;96,5;1;
2005-05-10;1;5,9;0;24,2;19,44;17;91;1;
2005-05-11;1,1;4,5;7,8;21,2;16,5;14,7;81,5;1;
2005-05-12;2;,7;0;22,2;18,36;13;95,5;1,333333;
2005-05-13;2;2,8;0;22,6;20,12;18;91,25;1,666667;
2005-05-14;,3;0;8;23,1;17,32;14,5;99,5;1;
2005-05-15;1,3;1,1;22,5;22,1;18,7;17;94,5;1;
2005-05-16;2,3;1,3;11,5;18,7;14,34;13;94,25;1,666667;
2005-05-17;2,5;0;0;15,3;13,96;11,9;99,5;1;
2005-05-18;1,5;0;0;18,5;17,38;15;100;1;
2005-05-19;3;6;0;21,1;17,22;16;91;1;
2005-05-20;1,9;0;0;16;13,22;11,7;97;1,333333;
2005-05-21;2,3;8,8;,4;14,7;7,46;2;70,75;1,333333;
2005-05-22;2,2;8,9;0;17,3;9,66;3;61;1;
2005-05-23;2,4;3,9;0;14,7;10,32;6,1;72,75;1;
2005-05-24;4;8,5;0;19;12,48;9;87,75;1;
2005-05-25;3,9;6,7;0;15,4;10,34;7;87;1;
2005-05-26;1;8,6;0;18;11,68;7;83,25;1;
2005-05-27;2;6,5;0;20,6;13,42;7,1;81,25;1;
2005-05-28;3,5;8,4;0;24,1;17,42;11,8;82,75;1,333333;
2005-05-29;,7;7,9;0;26,1;19,96;16;74,5;1,333333;
2005-05-30;3;0;16;20,8;15,98;14,6;82,25;1,666667;
2005-05-31;3;1,6;0;19,8;15,84;12;95,75;1;
2005-06-01;3,1;7,7;0;25,6;19,36;15;89;1,333333;
2005-06-02;4,1;8,7;0;26;20,3;17,3;84;1,333333;
2005-06-03;4;2,5;0;25;21,18;18,9;81,25;1;
2005-06-04;4;0;0;24,8;21,32;19;85,5;1,333333;
2005-06-05;2;0;0;21,1;18,94;18,2;93,25;1;
2005-06-06;3,1;2,5;14,9;25;20,4;18,5;93,25;1;
2005-06-07;2,7;8,6;0;25,9;19,76;16;83;1,333333;
2005-06-08;3,3;6,7;0;25;20,24;19;85,75;1;
2005-06-09;3;4,1;0;21,4;17,28;14;95,25;1,333333;
2005-06-10;2;2,8;0;23;18,46;14,8;87,5;1,333333;
2005-06-11;3,7;0;1,9;19;17,76;17,3;97,5;1,333333;
2005-06-12;2;0;10,9;18;16,46;13,8;98,75;1;
2005-06-13;1,1;0;22;18;15,34;14,3;99;1;
2005-06-14;2,1;,1;14;14,3;11,9;10,4;98,25;1;
2005-06-15;1,1;0;0;16,8;15,08;12;99;1;
2005-06-16;1;0;1;17,3;16,74;16,2;96,25;1;
2005-06-17;1,3;0;0;17;16,12;15,2;100;1;
2005-06-18;1;,8;3,2;17,8;14,88;13;97;1;
2005-06-19;2;4,8;1;16;10,94;9,3;85,5;1;
2005-06-20;1,4;7,8;0;11,7;6,58;4;84;1;
2005-06-21;1,6;8,6;0;10,2;5,24;2;84;1;
2005-06-22;1,6;7,4;0;13,2;7,66;1,8;94,5;1;
2005-06-23;3;3,4;0;13,6;8,88;5,6;92;1;
2005-06-24;4;0;0;15,4;9,88;5,8;99;1;
2005-06-25;2,2;,6;0;14,8;12,5;9,9;98;1;
2005-06-26;2,1;0;23;15,3;14,58;13,2;100;1;
2005-06-27;2;1;1,2;20,6;17,34;15,3;89,75;1;
2005-06-28;2;,8;0;20,2;17,06;15;92,75;1;
2005-06-29;2;0;0;19,5;17,14;14;98;1;
2005-06-30;1,1;2,6;0;19,3;16,8;15,3;94;1;
2005-07-01;3,1;5,7;0;26,6;20,3;14,9;90,5;1,333333;
2005-07-02;2,1;8,6;0;26,6;21,98;18,7;80,75;2;
2005-07-03;2,5;3,8;0;24,8;19,54;17,5;88,5;1,333333;
2005-07-04;1;2,4;21,2;24,8;13,36;10;84,25;2;
2005-07-05;2;8,5;0;11,7;5,34;,7;86,5;1;
2005-07-06;2,2;8,8;0;10,9;5,52;1,7;78,25;1,333333;
2005-07-07;2,3;6,3;0;15,3;8,34;1,2;86,25;1;
2005-07-08;2,5;8;0;17;10,46;5,3;74,25;1;
2005-07-09;2;6,7;0;18,3;11,44;7,7;87,5;1;
2005-07-10;3;7,8;0;19,6;13,14;9,1;87,75;1,333333;
2005-07-11;2,2;7,4;0;22,2;15,76;12,2;77,5;1;
2005-07-12;2;8,5;0;22,5;14,64;9,7;83;1,666667;
2005-07-13;1,6;6,7;0;22,5;16,38;11,4;83,75;1,333333;
2005-07-14;2;5,4;0;23,6;17,4;13,7;87;1;
2005-07-15;3;,1;0;23,7;17,06;14,5;93,75;1;
2005-07-16;1,9;0;19,7;16,2;12,16;9,7;98;1;
2005-07-17;2;8,6;9;12,7;7,46;5,8;86;1,333333;
2005-07-18;1,8;8,6;0;10,8;5,1;2,2;85,75;1;
2005-07-19;2;8,8;0;11,8;5,76;1,7;78,25;1;
2005-07-20;2,3;8,8;0;15,1;7,56;1,1;76,5;1;
2005-07-21;3;0;0;11,4;9,64;6,2;96,75;1;
2005-07-22;2,1;3,8;0;12,8;7,56;5,6;90,25;1;
2005-07-23;2;7,8;0;11,8;5,24;,7;71,5;1,666667;
2005-07-24;2,1;2,5;0;11,7;6,6;,7;80,25;2;
2005-07-25;2,5;,7;0;12;9,22;6,4;92;1,333333;
2005-07-26;3;3,7;0;13,8;8,68;7;88;1;
2005-07-27;2,2;8,9;0;16,6;8,7;3,1;86,5;1;
2005-07-28;2,4;9;0;20,6;11,98;2,2;83,25;1;
2005-07-29;2,4;6,8;0;26,2;18,1;11,5;82,5;1;
2005-07-30;2;9,1;0;28,9;21,68;15,4;65,5;1,333333;
2005-07-31;4;9;0;27,9;22,06;18,7;65,25;1,666667;
2005-08-01;2,1;8,5;0;28,3;21,98;18;65,75;1,666667;
2005-08-02;1,9;9;0;29,1;21,52;17,1;68,75;1,666667;
2005-08-03;2,1;9,1;0;29,3;21,3;16,8;66;1,333333;
2005-08-04;,9;9;0;28,9;21,48;15,9;62,5;1,666667;
2005-08-05;1,6;8,7;0;28,3;20,98;16,6;67,75;1,666667;
2005-08-06;2,2;0;0;19,2;10,06;7,5;88,75;1,666667;
2005-08-07;2;,4;1,6;12,6;8,48;7;72,25;1,666667;
2005-08-08;1,2;6,9;0;12,1;7,04;1,1;85,25;1,666667;
2005-08-09;,8;9,2;1;15,3;8,96;4,1;80,25;1,666667;
2005-08-10;1,2;7,4;0;16,7;10,16;5,7;85,75;1,333333;
2005-08-11;2,1;9;0;17;10,18;5;80;1;
2005-08-12;2,5;9,2;0;19,8;11,94;6,5;85,25;1;
2005-08-13;3;6,9;0;22,8;13,98;6,5;77,5;1;
2005-08-14;1;1,3;0;24,1;16,74;11;80,75;1;
2005-08-15;,6;2,4;0;19,2;11,66;7,3;96,25;1,333333;
2005-08-16;1,6;0;0;25,8;16,2;8,6;76,25;1;
2005-08-17;2,8;0;1,2;23;14,5;11,5;99;1;
2005-08-18;1;3;17,2;13,9;10,76;7,5;92,75;1,333333;
2005-08-19;2;7,7;0;18;12,96;8,7;89,5;1,333333;
2005-08-20;,8;0;0;20;15,32;8,6;91,5;1;
2005-08-21;1;0;16,9;17,6;15,34;14,5;98;1,333333;
2005-08-22;2;0;52,2;20,9;17,14;13,8;96,5;1;
2005-08-23;2;1,5;16,2;20,4;14,4;11,6;86,5;1,666667;
2005-08-24;2,8;9,9;3,2;16,6;9,48;7;86,5;1,666667;
2005-08-25;2;10,5;0;16;11,08;4;77,5;1,066667;
2005-08-26;2;10,3;0;18,4;11;5,6;82,5;1;
2005-08-27;1,4;8,2;0;24,9;16,24;5,8;76,75;1;
2005-08-28;1,5;0;0;18,5;13,62;11,8;76;1,666667;
2005-08-29;1,6;0;48;13,3;10,34;7,8;97,5;1,666667;
2005-08-30;1,8;9,9;5,2;15,3;9,38;5,3;79,75;1,666667;
2005-08-31;3;8,7;0;13,9;8,32;4;77,5;2;
2005-09-01;1,3;0;4,4;12,8;9,26;6,6;90,25;1;
2005-09-02;,5;,6;,8;13,9;9,2;6,3;91;1;
2005-09-03;1,1;9,9;0;15,3;10,12;4,6;83,75;1;
2005-09-04;1,1;3,1;0;16,4;10,74;7,9;79,75;1;
2005-09-05;1,8;8,5;0;17,8;11,4;6,6;76,25;1;
2005-09-06;1,2;10,5;0;19,3;12,64;6,7;58,5;1;
2005-09-07;2;10,8;0;20,8;13,76;8,2;67,5;1;
2005-09-08;2;10,6;0;22,2;15,72;7,4;71,5;1;
2005-09-09;2,2;0;3,1;21,4;16,6;14,4;98,5;1,333333;
2005-09-10;1,3;0;46,9;21,3;15,54;14,8;97,75;1,333333;
2005-09-11;2;9,9;,1;13,1;8,56;6,5;68,25;1,666667;
2005-09-12;2;10,6;0;13;7,1;2,1;68,75;1,333333;
2005-09-13;1,5;7,6;0;11,5;7,26;1,9;75;1,666667;
2005-09-14;1,6;0;3;8,5;7,04;5,1;100;1;
2005-09-15;1,4;0;7,9;11,9;8,38;5;89,25;1;
2005-09-16;1,6;8,9;0;15,3;10,3;5;81,5;1;
2005-09-17;1,6;7,6;0;15,3;11,42;5,2;83,25;1;
2005-09-18;1;0;8;13,5;12,14;9,8;100;1;
2005-09-19;2,1;3,6;8,8;19;15,14;9,5;87,5;1;
2005-09-20;2,1;0;0;19;15,78;13;88,5;1,333333;
2005-09-21;1,2;4,4;0;22,5;17,2;11,1;85,5;1;
2005-09-22;1;5;0;24,3;18,02;12,1;90;1;
2005-09-23;2;7,1;0;26,5;19,46;15,4;86,25;1;
2005-09-24;,4;1,1;37,6;20;16,3;14;92;1,333333;
2005-09-25;1,5;11;0;19,8;13,3;9,2;71;1,333333;
2005-09-26;1,5;10,9;0;15,8;10,22;5,1;66;1;
2005-09-27;2;10,3;0;19,7;12,58;4,4;75;1,333333;
2005-09-28;1,5;11;0;24;16,22;9,6;75,5;1;
2005-09-29;1,1;6,5;0;24;17,66;11,6;79;1,666667;
2005-09-30;1;4,2;29,4;17,5;14,06;13;78,75;2;
2005-10-01;3;11,3;0;20,1;14,3;7,8;53,25;1,666667;
2005-10-02;2;10,4;0;26;18,94;10;76;1;
2005-10-03;1,8;0;0;21,1;15,4;11,2;98,5;1;
2005-10-04;2;0;50;18,6;14,64;12;100;1,666667;
2005-10-05;2;11,4;0;17,1;10,22;5,4;79;1,333333;
2005-10-06;2,2;9,3;0;19,2;13,6;7,1;68,75;1;
2005-10-07;2,1;5,2;0;19,2;14,88;11,8;89,25;1;
2005-10-08;2;6,7;,8;21,7;16,44;13,1;84,25;1;
2005-10-09;3,1;9,1;0;20,4;15,68;13;80,5;1;
2005-10-10;2;8,6;0;21;15,58;12;85;1;
2005-10-11;1,1;8,1;0;24;17,22;11;82,25;1,333333;
2005-10-12;3;11,5;0;31;22,84;16;77,25;1;
2005-10-13;1,3;,9;0;25;19,16;17,8;98;1;
2005-10-14;2,1;8,4;50;19,5;14,3;12,4;69;2;
2005-10-15;2,1;4,9;0;16;11,7;5,7;76,25;1,666667;
2005-10-16;2;0;3;16;13,32;11;94,75;1;
2005-10-17;2;,8;0;16,2;13,96;13;95;1,333333;
2005-10-18;2;11,6;0;22;17,12;9,8;72,5;1;
2005-10-19;2;12;0;26;19,88;14;66,75;1;
2005-10-20;1,9;12;0;29,7;22,92;13,1;65,5;1;
2005-10-21;2;,6;0;24,8;20,3;18,1;86;1;
2005-10-22;1;8,5;4;26,8;21,54;18;77,5;1;
2005-10-23;2,1;,3;0;21,6;14,36;10;75,25;1,333333;
2005-10-24;2;0;0;20;15,88;11;93,75;1,333333;
2005-10-25;2;9;8,8;21;15,98;12,9;83,25;1;
2005-10-26;2,1;11;0;22,1;17,02;12;76,5;1;
2005-10-27;2,3;4,6;0;22,1;18,4;12,1;79,5;1,333333;
2005-10-28;2;7,1;0;20;16,18;14;74,5;1,666667;
2005-10-29;2,2;12,2;0;19,8;13,86;8,9;72;1;
2005-10-30;2;9,1;0;19;12,92;7,8;76;1;
2005-10-31;2,2;12,4;0;19,3;12,86;6,8;61;1;
2005-11-01;2;12,4;0;21,9;15,54;7,4;57,75;1;
2005-11-02;3;12,4;0;25,6;18,34;11,1;56,5;1;
2005-11-03;2,1;12,1;0;30,2;21,72;10,8;68,25;1;
2005-11-04;2,1;5,4;3;29,8;21,34;17,5;87,25;1;
2005-11-05;1,9;6,5;13,9;20,5;15,92;10,3;72;1,333333;
2005-11-06;3,1;6,5;13;19,8;15,16;12,3;72,25;1;
2005-11-07;3,1;12,1;0;19,9;14,04;8,7;67;1;
2005-11-08;2;11,8;0;21,7;15,84;8,3;61,75;1;
2005-11-09;2,4;9,4;0;22,4;16,72;9,3;57,75;1,666667;
2005-11-10;2;10,2;0;23,8;17,24;10,4;75,25;1,666667;
2005-11-11;2;12,2;0;25;20,24;11,4;67,25;1;
2005-11-12;3,4;12,1;0;26,9;20,96;14,3;68;1;
2005-11-13;2,1;11,7;0;31,8;23,06;16,1;65;1;
2005-11-14;3;1,2;4,6;26;21,68;18,4;83,75;1;
2005-11-15;3,1;8,4;5;30,9;22,96;17,3;78;1;
2005-11-16;,9;1,2;0;27,7;22,64;18,2;64,5;1,333333;
2005-11-17;1,1;4,5;1;24,8;19,7;16,8;77,5;1;
2005-11-18;2;3;0;25,4;20,24;14,3;76,25;1;
2005-11-19;2,2;12,5;0;29;23,24;17,2;60,75;1;
2005-11-20;1,3;12,6;0;29,9;23,12;16,3;61,75;1;
2005-11-21;2;9;0;32,9;24,94;17;58,75;1;
2005-11-22;2,1;12,6;0;34,9;26,74;22,2;61,25;1;
2005-11-23;2,1;8,9;0;32,9;23,42;19,4;74,5;2;
2005-11-24;2;6,4;16;26,9;20,08;18,3;57,75;1;
2005-11-25;1,2;12,7;0;27,8;20,22;12,2;64;1;
2005-11-26;3;12,5;0;31;23,7;17,3;58,75;1;
2005-11-27;1;11,2;0;32,1;24,06;17,5;45;1;
2005-11-28;2,1;11,4;0;33;25,18;18,2;58,25;1;
2005-11-29;2,5;9;0;33,9;26,94;23,2;65;1;
2005-11-30;3;7,4;1,2;31,5;24,34;20,8;72,5;1,666667;
2005-12-01;3;5,7;0;24,8;19,62;17,1;58,5;1,666667;
2005-12-02;3,1;12,5;0;25;17,22;9,3;50,25;1;
2005-12-03;1;12,7;0;31,9;23,56;13,1;61;1;
2005-12-04;2;0;20,4;25,8;20,36;18,6;90,5;1,333333;
2005-12-05;3,1;2,1;14,2;22,2;20,18;19,3;92;1;
2005-12-06;2;12,5;0;24,6;17,58;14,8;67;1;
2005-12-07;2,2;12,3;0;23,8;16,66;9,2;64,75;1,333333;
2005-12-08;2,1;12;0;29,7;21,82;14,8;59,5;1;
2005-12-09;2,5;,1;,1;24,8;19,86;16,3;75,25;1;
2005-12-10;3;11,9;0;24,3;17,08;9,3;62,75;1,333333;
2005-12-11;2,4;12,6;0;24,8;17,86;9,3;60,25;1,666667;
2005-12-12;3;12,8;0;27,7;20,86;13,2;60;1;
2005-12-13;3,4;12,7;0;28,9;22,62;14,5;58,5;1;
2005-12-14;2;10,1;0;28,9;22,22;15,3;62,25;1;
2005-12-15;2,2;10,3;0;29,7;23,96;16,3;66,25;1;
2005-12-16;2,4;1,8;0;31,4;22,76;16,4;76;1,333333;
2005-12-17;2,1;12,4;,1;27,9;22,24;18,3;67,75;1,333333;
2005-12-18;2,1;10;0;31,7;23,06;14,8;62,75;1;
2005-12-19;2,1;4,8;0;25,8;20,5;18,5;75;1;
2005-12-20;3;12,6;0;28,9;20,94;12,4;51;1;
2005-12-21;4;11,4;0;31,9;23,04;15,3;49,25;1;
2005-12-22;3;9,5;0;34,9;26,96;18,3;48,5;1;
2005-12-23;3,1;1,8;0;31,5;24,02;21,6;79,5;1,333333;
2005-12-24;3;12,3;2;27,9;21,14;16,2;57,75;1;
2005-12-25;2,6;12,6;0;27,1;19,98;12,2;51,75;1;
2005-12-26;2,6;13,3;0;30,2;22,1;13,3;49,5;1;
2005-12-27;3;12,9;0;32,1;23,54;15,4;46;1;
2005-12-28;2;11,1;0;34,9;24,86;11,3;69;1;
2005-12-29;3;9,4;0;31,5;24,94;21,2;67,75;1;
2005-12-30;3,2;8,6;15,9;33,9;26,38;19,2;62,25;1,333333;
2005-12-31;2;1,4;1;26,4;22,46;20,2;91,25;1;
2006-01-01;3;5,3;1;28,7;23,08;20,2;79,5;1;
2006-01-02;2;12,6;0;30,9;23,92;18,3;64,25;1,333333;
2006-01-03;2,3;5,8;0;30,9;23,98;19,3;65,75;1;
2006-01-04;4,1;11,5;0;32,1;22,6;16,3;66,75;1;
2006-01-05;2,1;8;0;31,3;21,92;15,5;67,5;1;
2006-01-06;1,5;10,6;0;35,9;26,32;18,3;59;1;
2006-01-07;3,1;12,3;0;37,9;27,78;18,8;51,25;1;
2006-01-08;3,9;8,5;0;39,2;28,66;25,1;50;1,666667;
2006-01-09;1,6;8,8;0;38,8;30,04;22,2;58,5;1,366667;
2006-01-10;2,2;10,6;0;38,8;29,8;23,2;60,5;1,333333;
2006-01-11;3;1,7;6,9;34,9;27,46;23,2;76,5;1,333333;
2006-01-12;2,3;9,8;0;36,9;27,44;23,7;71,75;1,666667;
2006-01-13;2,5;1,7;31,2;28,1;23,76;22,1;90;1;
2006-01-14;2;3,4;8,4;25,8;24,64;22,2;81,25;1;
2006-01-15;3,2;11,8;0;36,9;29,5;23,4;59,5;1;
2006-01-16;2,5;2,6;0;29,1;23,12;20,7;78,25;1,7;
2006-01-17;4;10;,1;26;19,98;15,3;46,5;1,333333;
2006-01-18;3,5;9,9;0;26,7;19,34;13,1;72,75;1;
2006-01-19;3,8;5,3;0;28,8;23,04;19,2;81;1;
2006-01-20;3,1;8;0;32,2;24,56;20,2;72,5;1;
2006-01-21;3;2,5;11,9;28,3;22,58;20,6;77,25;1;
2006-01-22;3,1;5,6;0;26,9;22,5;19,1;80;1;
2006-01-23;3;2,8;0;24,4;22,06;19,9;87;1;
2006-01-24;4;0;0;26,9;22,22;20;90,5;1;
2006-01-25;3,8;9,6;3,1;29;22,98;20;76;1,333333;
2006-01-26;3,8;10,2;0;28,1;20,68;17,3;70,75;1;
2006-01-27;3,1;11,7;0;30,5;23,02;15,3;69;1;
2006-01-28;3,1;12,2;0;32,3;25,44;19,2;65,25;1;
2006-01-29;3,2;11,3;0;34,9;26,94;20,1;59;1;
2006-01-30;2;11,9;0;36,9;28,1;24,1;49;1,333333;
2006-01-31;2;11,9;0;30,9;22,64;15,1;63,5;1;
2006-02-01;4,1;11,7;0;32,9;23,96;18,3;61,5;1;
2006-02-02;4;11,3;0;36,9;26,68;19,3;62;1;
2006-02-03;5;5,1;0;35,4;26,32;20,8;61,75;1;
2006-02-04;3;0;0;30,9;24,6;18,8;80,25;1;
2006-02-05;4;11,8;0;36;28,44;22,4;59;1,333333;
2006-02-06;2;7,9;0;31,2;24,26;22,5;59,25;1;
2006-02-07;6,5;12,4;0;30,9;23,12;17,3;51,25;1;
2006-02-08;7,4;11,4;0;30,9;23,2;17,3;61,5;1;
2006-02-09;5;12,4;0;31;22,82;16,3;59,5;1;
2006-02-10;3,8;12,4;0;27,9;22,04;16,2;56,25;1;
2006-02-11;1;10,2;0;29;21,64;15,2;65;1;
2006-02-12;1,1;11,5;0;29,9;22,34;14,4;58,75;1,333333;
2006-02-13;3;7,6;0;30,9;22,12;16,2;66,75;1,333333;
2006-02-14;2,6;10;0;31,9;24,24;17,3;59,75;1;
2006-02-15;6,5;10,2;0;33,9;27,2;19,7;52;1;
2006-02-16;6;3,7;0;33,1;24,58;22;77;1;
2006-02-17;3;8,6;,3;35,9;26,7;19,4;63,25;1;
2006-02-18;2;12,1;0;34,1;26,36;20,3;53,5;1;
2006-02-19;3,8;6,6;0;36;25,44;19,2;73,25;1;
2006-02-20;3,6;8,6;2,4;33,9;23,94;21,4;80;1;
2006-02-21;1,6;9,7;9;34,8;25,6;20,2;65,25;1;
2006-02-22;3,5;12;0;34,9;25,58;19,2;55,5;1;
2006-02-23;4;1,1;0;30;22,56;19,2;85;1;
2006-02-24;4;6,2;10,9;24,3;18,38;16,6;83,5;1,333333;
2006-02-25;2;8,3;,2;26,9;21,24;17,3;69,25;1,666667;
2006-02-26;3,1;6,6;0;28,8;21,34;16,3;69;1;
2006-02-27;3;10;0;31,9;24,16;17,3;57,25;1;
2006-02-28;4;7,1;0;33;23,08;19,2;68,5;1,333333;
2006-03-01;4;10;0;34;24,66;17,3;60;1;
2006-03-02;6,1;,9;2,8;28;21,88;20;90;1;
2006-03-03;4;5,3;2,2;27,9;24,66;20,2;71;1,333333;
2006-03-04;2,5;10,2;0;27,2;20;17,6;74,25;1;
2006-03-05;2;11,2;0;28,1;20,78;15,2;62;1;
2006-03-06;4,1;11,4;0;31,7;23,08;16,3;61;1;
2006-03-07;5;11,4;0;32,9;23,5;16,4;76;1;
2006-03-08;3,8;6,9;0;34,1;25,66;18,5;53;1;
2006-03-09;3,1;11,2;0;35,9;27,42;22,3;46;1;
2006-03-10;3,1;11,2;0;27,9;19,72;14,3;61,75;1;
2006-03-11;2,1;10,1;0;29,9;22,1;19,2;59,75;1;
2006-03-12;6,9;10,7;0;33,9;24,2;15,3;69,25;1;
2006-03-13;5;10,5;0;35,9;25,22;19,2;70,25;1;
2006-03-14;3,2;8,3;0;35,9;27,28;21,7;60,75;1;
2006-03-15;2,8;9;0;36,9;28,26;22,2;59,25;1;
2006-03-16;1,1;9,6;0;38;29,84;22,4;48,75;1,666667;
2006-03-17;2,1;9;0;38,9;28,72;24,1;63;1,333333;
2006-03-18;1,2;7,5;15,7;26,9;21,3;19,2;84,5;1;
2006-03-19;2;3,3;0;27,9;22,74;20,2;87,5;1;
2006-03-20;3,8;10,4;0;31;24,92;21,4;72,5;1;
2006-03-21;3,8;9,7;0;29,9;22,88;18,3;68;1;
2006-03-22;3,1;6,3;0;31,1;23,26;16,4;78,25;1;
2006-03-23;3,6;5,2;13,2;28,7;23,82;21,8;89,25;1;
2006-03-24;3;10,6;3;30,1;24,2;20,3;78,25;1;
2006-03-25;4;8,4;0;23;18,42;17,1;71;2;
2006-03-26;2,2;10,7;0;24;16,9;10,3;62,75;1,333333;
2006-03-27;2;10,6;0;27,9;19,86;12,4;74,5;1;
2006-03-28;2,2;6,2;0;27,1;20,6;16,3;70,25;1;
2006-03-29;2,1;10,5;0;21,8;16,38;12,1;64,75;1,333333;
2006-03-30;1,5;10,7;0;24,8;18;12,3;63,25;1;
2006-03-31;3;10,6;0;28,8;19,98;13,3;62,75;1;
2006-04-01;3,1;7,2;0;30,9;22,2;17,3;69,5;1,333333;
2006-04-02;4,1;5,5;0;28,9;22,2;18,3;75,75;2;
2006-04-03;5;5,1;0;30,2;22,22;17,3;58,5;1,333333;
2006-04-04;3,8;9;0;31,9;24,12;18,3;72,75;1;
2006-04-05;3,1;1,6;0;29,9;22,2;19,8;79,75;1;
2006-04-06;4,1;7,8;0;28;21,18;17,3;77;1;
2006-04-07;2,8;6;0;27,4;21,5;18,3;77;1;
2006-04-08;1,4;5,6;0;27,7;21,7;17,8;74,5;1;
2006-04-09;2;0;34,3;22,8;19,5;17,3;79,75;1;
2006-04-10;4;8,7;0;24,9;19,92;17,5;77,25;1,333333;
2006-04-11;3,3;7,8;0;26,4;20,22;17,2;74,75;1;
2006-04-12;3,5;10,4;0;28,4;20,86;15,1;62;1;
2006-04-13;3;5;0;27;20,7;16,3;73,75;1;
2006-04-14;3,1;0;0;20;16,84;15,6;95,25;1;
2006-04-15;4,1;2,3;9,1;20;14,76;13,1;68,75;1,666667;
2006-04-16;3,1;10,7;0;18;12,42;7,7;60,5;1,333333;
2006-04-17;3,4;10,7;0;18,6;12,76;7,3;64,75;1;
2006-04-18;2;10,5;0;23,6;15,42;9,3;70;1;
2006-04-19;4,4;8,2;0;24,8;16,72;12,4;75,25;1;
2006-04-20;3;5,1;0;26;19,72;13,2;69,75;1;
2006-04-21;3;9,9;29,4;21,2;15,06;12,3;68,75;1;
2006-04-22;2,1;9,9;0;21,8;15,96;9,3;53,5;1;
2006-04-23;2,1;9,8;0;25,8;17,4;13,3;58;1;
2006-04-24;3;9,8;0;26,4;20,28;13,6;57;1;
2006-04-25;3,1;,5;8,3;21,4;17,32;15,2;98;1;
2006-04-26;2,4;6,3;23;22;17,98;16,3;86;1;
2006-04-27;4;9,7;0;25,2;19,08;14,2;73,5;1;
2006-04-28;3;9,7;0;25,7;18,74;14,6;76,75;1;
2006-04-29;3;5,9;0;25,6;18,04;12,8;79,25;1;
2006-04-30;1,4;9,4;0;18,2;13;11,1;68,5;1;
2006-05-01;2,1;6,1;0;13,7;10,16;6,3;76,75;1;
2006-05-02;1;4,7;0;15,8;11,48;6,4;83,5;1;
2006-05-03;1,5;6;0;19,7;13,7;11,3;78;1;
2006-05-04;1,1;9,5;0;18,5;13,72;9,3;74;1;
2006-05-05;1,1;5,7;0;17,9;13,5;8,8;78,25;1;
2006-05-06;2;8;0;19,6;13,82;9,5;73,75;1;
2006-05-07;,8;4,1;0;18;13,02;10,3;79,25;1;
2006-05-08;1,1;3,8;0;19,6;14,02;11,4;77,5;1;
2006-05-09;1,9;6,6;0;20,2;14,38;12,3;79;1;
2006-05-10;1,4;5;0;19,1;13,14;10;86;1;
2006-05-11;2,1;8,6;0;19,8;14,5;11,1;76,5;1;
2006-05-12;1,9;5,6;0;17;13,02;10,3;82,5;1;
2006-05-13;,8;9,2;0;18,8;12,96;7,4;77;1;
2006-05-14;1,2;9;0;19,8;13,3;7,5;77,75;1;
2006-05-15;1,1;6,7;0;21,7;14,54;10;82;1;
2006-05-16;2;8,1;0;23,8;16,44;10,3;75,5;1,333333;
2006-05-17;2,1;8,7;0;24,8;17,28;12,3;69,75;1;
2006-05-18;,8;1,8;0;23,1;16,82;14,4;87,5;1;
2006-05-19;,7;0;38,3;15,3;10,26;8,6;87,75;2;
2006-05-20;1;4,3;0;11,7;8,48;6,1;74,25;1,666667;
2006-05-21;2,4;8,5;0;13,8;8,1;4,1;72,5;1;
2006-05-22;1,1;6,4;0;14,2;8,82;5,1;63,75;1;
2006-05-23;1,9;5,7;0;13,8;8,08;4,1;70,75;1;
2006-05-24;1,8;2,7;0;15,8;9,86;4,3;80,25;1;
2006-05-25;1;2,7;0;18,8;13,42;8,5;87,25;1,333333;
2006-05-26;1,2;,6;0;22,2;16,78;11,3;81;1;
2006-05-27;,8;0;0;24;19,86;16,3;84,75;1,333333;
2006-05-28;2,2;2,1;0;20,6;13,94;10,3;65,75;1,666667;
2006-05-29;,8;0;1;13,1;11,42;10,2;99;1;
2006-05-30;2,2;0;12,1;13,7;12,88;11,5;99,75;1;
2006-05-31;2,8;0;30,7;13,4;11,76;10,8;97,25;1,333333;
2006-06-01;1,2;0;0;16,2;12,72;9,2;83,5;1,666667;
2006-06-02;1;0;0;14,8;12,72;10;90,5;1,666667;
2006-06-03;,8;0;43,8;15,2;14,04;13;100;1,333333;
2006-06-04;,8;,6;2,2;16;11,52;9,6;80,75;1,333333;
2006-06-05;1,1;,4;0;17,8;11,92;8;78,75;1;
2006-06-06;1,3;0;0;19,9;14,02;7,8;87,75;1,333333;
2006-06-07;2,1;0;0;26;19,32;15;84,25;1,333333;
2006-06-08;2,1;0;0;28;21,66;18,2;65,5;1,666667;
2006-06-09;3,6;0;0;20,8;15,66;12,5;91,25;1,666667;
2006-06-10;,8;null;25,3;12,5;8,9;7,5;89,75;1,666667;
2006-06-11;,8;8,4;0;12;6,76;3,2;83,25;1;
2006-06-12;2,6;8,3;0;16;8,52;3;77;1;
2006-06-13;2,1;6,5;0;20,1;12,88;5,9;80,5;1;
2006-06-14;1,9;5,9;,6;24,2;19,42;16;86,75;1;
2006-06-15;2,5;,1;0;19,7;14,5;12,8;81,75;1;
2006-06-16;1,5;5;0;13;9,32;7,4;85,25;2;
2006-06-17;1,5;2,3;0;13;10,2;6,1;84,75;1,666667;
2006-06-18;1,1;6,8;10,1;22,1;15,46;12,2;91;1;
2006-06-19;,9;8,4;0;24,5;18,46;15;79,75;2;
2006-06-20;2;2,2;0;22,1;17,06;15;77,25;1,666667;
2006-06-21;1,4;4,2;8,2;16,8;12,08;8,2;75;1,333333;
2006-06-22;2,2;8,2;0;18,1;12,14;8,2;77,5;1;
2006-06-23;2,1;8,2;0;18,4;13,74;8,9;64,75;1;
2006-06-24;1,3;4,1;3;25;18,52;12,8;80;1,666667;
2006-06-25;2,1;0;0;20,6;13,42;10;87,75;2;
2006-06-26;2;0;25;10,2;8,86;8;95,75;1,666667;
2006-06-27;2;2,1;0;10,8;7,96;6,6;87,75;1;
2006-06-28;1;5,7;0;12,7;8,44;5;80,75;1,333333;
2006-06-29;,9;8,4;0;16,2;10,24;5,8;84;1;
2006-06-30;1,5;3,8;0;16;11,58;8,1;90,75;1;
2006-07-01;1,6;6,7;0;19,4;13,46;10;87,5;1;
2006-07-02;1,6;3,8;0;18;12,68;9;95;1;
2006-07-03;1,6;0;,8;15;13,2;10,9;100;1;
2006-07-04;1,6;4,5;0;22;16,46;13;91;1;
2006-07-05;2;8,4;0;23;17,36;14,8;86,25;1;
2006-07-06;2;5,3;0;23,1;17;13;91,25;1;
2006-07-07;1,8;8,3;0;24,2;17,64;13;80,5;1;
2006-07-08;2;6,5;0;25,8;20,58;16,9;74,5;1,666667;
2006-07-09;2,2;8,6;2,8;20,6;11;8;73,5;1;
2006-07-10;2;8,6;0;17;10,58;6;66,25;1;
2006-07-11;1,6;1,6;0;18,2;14,1;8;97,25;1,333333;
2006-07-12;1,6;3;24,2;27;21,56;17;71,25;2,333333;
2006-07-13;2,4;2,2;0;25,2;16,82;12,6;83,25;2;
2006-07-14;1;0;17,2;12,6;10,92;10,2;100;2;
2006-07-15;1,6;,3;,6;14,9;12,54;9,9;90,25;1,333333;
2006-07-16;1,4;0;7,5;16,5;15;13,5;100;1;
2006-07-17;2;0;0;19,2;16,8;15;97;1;
2006-07-18;1,1;7,4;0;24,1;18,2;15;77;1;
2006-07-19;1,1;8;0;23,8;17,42;15;78,25;1;
2006-07-20;1,2;8,5;0;23,8;17,28;12,1;64,25;1,333333;
2006-07-21;2;8,6;0;25,1;18,68;15;70,5;1,666667;
2006-07-22;2;8,2;0;26,2;20,5;16,1;65,5;1,666667;
2006-07-23;3;4,6;0;21;13,64;10,8;76;2;
2006-07-24;2,1;0;0;16,9;13,34;9;90,5;1,666667;
2006-07-25;1,5;0;0;20,3;17,72;14,9;97,75;1;
2006-07-26;,8;0;3,9;19,2;17,16;15,8;93,75;1;
2006-07-27;1;6,2;11,8;24,1;18,9;15,8;88,75;1;
2006-07-28;1;9;0;19,3;10,96;6,3;51;2;
2006-07-29;1,2;8,8;0;10;5,02;3,1;72,75;1,333333;
2006-07-30;1,8;6,3;0;9,2;4,02;0;78,75;1;
2006-07-31;1,8;8,8;0;11;5,22;1;72,5;1;
2006-08-01;1;9,2;0;11,4;5,32;1,1;72;1;
2006-08-02;2,2;7;0;11,4;5,76;-,5;76;1;
2006-08-03;2,2;6,8;0;14;8,08;2;82;1,333333;
2006-08-04;,8;,7;0;12,8;9,86;5,3;99;1;
2006-08-05;2;1,6;0;15,3;13;10,1;97,75;1;
2006-08-06;1,3;0;6,2;16,5;14,22;10,7;96,25;2;
2006-08-07;1,1;2,2;0;25;18,94;14;79,5;1;
2006-08-08;2,1;4;0;25;19,2;13,2;83;1;
2006-08-09;1;0;,1;22,3;16,18;13,8;97,25;1,333333;
2006-08-10;1,3;9,2;7;16,2;10,36;6;71,5;1;
2006-08-11;2;,9;6,2;18,3;13,6;8,9;95,25;1;
2006-08-12;2,3;1,1;0;23;18,24;14;93,5;1;
2006-08-13;1,1;3,9;,2;22,2;18,4;14,8;91;1,333333;
2006-08-14;2,1;0;5,1;21,4;17,44;14,8;86,5;1,666667;
2006-08-15;2,5;5,1;3,5;16;11,62;8;69,5;2;
2006-08-16;2,4;7,8;0;15;10,1;7,1;74,25;1,666667;
2006-08-17;1,6;9,3;0;14,2;8,64;3,1;80,5;1,666667;
2006-08-18;2,1;8,4;0;14,5;9,2;5,3;77;1,333333;
2006-08-19;2,1;9,6;0;15,8;9,76;4;67;1,333333;
2006-08-20;2;8,4;0;12,2;7,46;5,2;68,5;1,666667;
2006-08-21;2,2;10,1;0;13,2;7;1,1;67,25;1;
2006-08-22;1,4;10,1;0;17,1;9,28;,9;58,75;2;
2006-08-23;2,2;10,1;0;23,8;16,16;8,8;60;1,333333;
2006-08-24;2,2;10,4;0;23,8;17,42;13;61,75;1;
2006-08-25;1,2;9,8;0;27,6;19,58;13;70;1;
2006-08-26;2;0;7,1;19,8;14,86;12,9;98;1;
2006-08-27;2,6;3,9;5,2;13,7;9,12;7,3;78,5;1,333333;
2006-08-28;3;10;0;15;8,54;2,7;65;1,333333;
2006-08-29;2;10,6;0;16,8;10,42;7;68,25;1;
2006-08-30;2,4;2;0;17,6;11,24;4,8;79;1,666667;
2006-08-31;2,1;8,9;7,2;20;14,28;10,4;81,75;1;
2006-09-01;1,6;0;0;15;12,68;10;96,5;1,333333;
2006-09-02;2;,2;17,6;14,1;8;6,3;89;1,666667;
2006-09-03;1,4;10,2;0;12,5;6,7;1;65,5;1,666667;
2006-09-04;1,5;8,6;0;9,4;5,7;1,1;73,25;1,666667;
2006-09-05;2,1;10,6;0;14;7,02;,9;72,75;1;
2006-09-06;1,3;10,7;0;15,1;9,22;2,9;66,25;1,333333;
2006-09-07;1,6;8;0;19,7;12,38;5,8;73,5;1;
2006-09-08;1;,4;0;20,3;14,14;10;85,25;1;
2006-09-09;1,4;10,3;0;21,8;15,06;10;67,5;1;
2006-09-10;2;8;0;23,6;16,68;11,1;61,5;1,333333;
2006-09-11;1,5;9,1;0;29,2;23,16;17;70,75;1,733333;
2006-09-12;2,5;0;0;23,8;15,26;12,5;73;1,666667;
2006-09-13;2,1;0;22;12,5;9,5;7,2;100;2;
2006-09-14;2;0;16;13,2;11,82;10,3;100;1,666667;
2006-09-15;2,1;10,9;2,7;21,3;14,6;11;70;1,333333;
2006-09-16;1,8;10,7;0;19;13,32;9,2;61,5;1;
2006-09-17;2,1;10,7;0;20;13,56;7;70,75;1;
2006-09-18;1,9;10,8;0;24,4;17,16;11;69,5;1;
2006-09-19;1,8;9,5;0;24,5;18,78;12,2;68;1,333333;
2006-09-20;1;2,9;16,4;20;15,78;14;91,75;1,333333;
2006-09-21;1,6;8,1;0;20,6;14,88;12;86;1;
2006-09-22;1,4;7,3;0;24;18,32;12,2;74,25;1,333333;
2006-09-23;1;9;1;20,5;14,12;10,9;69,75;1;
2006-09-24;1,1;10,6;0;17,4;10,9;5,1;76,5;1;
2006-09-25;2;10,8;0;21,4;13,98;8;68,5;1;
2006-09-26;2;11;0;23,8;16,44;9,4;58;1,666667;
2006-09-27;2,9;,7;0;17,2;15,68;13,2;89,5;1;
2006-09-28;1,1;6,3;3;20,4;15,56;14,2;71,5;1,666667;
2006-09-29;2,1;9,9;0;20;13,16;7;68,5;1,666667;
2006-09-30;2;10,8;0;23,8;16,56;8;78,75;1,333333;
2006-10-01;2,3;6,2;0;22,5;17,98;14;88,5;1,333333;
2006-10-02;2;10,8;,3;27;21,52;15,4;71,5;1;
2006-10-03;1,5;3,4;0;27,2;20,84;17;87;1;
2006-10-04;1,6;,4;0;25,6;20,92;18;81,25;1,666667;
2006-10-05;1,6;4,1;26;20;14,1;12,3;74,5;1,666667;
2006-10-06;1;11,4;0;19;13,7;8;66,25;1,666667;
2006-10-07;2;10,9;0;22,1;15,78;10;77,75;1;
2006-10-08;2,8;1,1;0;21,8;16,02;9,7;69;1;
2006-10-09;3,1;9,4;0;28,4;19,42;10,1;73,75;1;
2006-10-10;3;4,2;0;30;21,14;17,6;87,5;1;
2006-10-11;2,9;5,5;44,3;25;19,24;17,4;83;1;
2006-10-12;3,1;7,6;0;25,2;18,68;14;86,75;1;
2006-10-13;2,9;8,4;0;27,7;21,1;17;80,75;1;
2006-10-14;1,6;3,6;0;31,9;22,1;18;90,5;1,333333;
2006-10-15;1,6;2,1;4,9;21;15,62;13,5;81,75;1,666667;
2006-10-16;2,8;9,8;0;21;14,96;9,2;69,25;1,333333;
2006-10-17;2,5;10,7;0;22,8;16,84;9,5;71,25;1,333333;
2006-10-18;2;11,1;0;23;17,48;13;70,25;1,333333;
2006-10-19;3;11,3;0;22;16,72;12;68,75;1,666667;
2006-10-20;2,5;11,9;0;23;15,86;9,1;68,5;1,666667;
2006-10-21;2,1;12;0;26,2;18,08;10;69;1;
2006-10-22;1,9;12,3;0;29;21,12;12;63,25;1;
2006-10-23;1,8;12,1;0;29;21,52;14,8;67;1;
2006-10-24;2,2;12,2;0;30,6;24,1;17,5;64;1,333333;
2006-10-25;1,6;10,5;0;31,4;25,84;21;62,25;1,666667;
2006-10-26;1,7;8,8;0;25,9;17,9;15;67,5;2;
2006-10-27;2;2;0;22;16,52;9;68,5;1,333333;
2006-10-28;2;6,1;0;27,5;21,46;14,2;68;1,333333;
2006-10-29;3;0;0;22,4;18,28;16,2;96,5;1,333333;
2006-10-30;1,7;8,6;17,9;27;21,5;18;86;1;
2006-10-31;2,1;6,5;1,1;25,5;20,58;18,2;86,75;1,333333;
2006-11-01;2,3;10,1;0;26,2;20,12;18;71,5;1,666667;
2006-11-02;2;12,5;0;26,5;19,98;13,3;58,75;1;
2006-11-03;2;1;0;22,8;18,32;15;76,75;1,666667;
2006-11-04;1;7,3;0;24;17,88;13;72,5;2;
2006-11-05;,6;,1;0;24,5;19,74;15;94,25;1;
2006-11-06;,6;8;101,1;26;19,36;17,6;70,75;1,333333;
2006-11-07;1,4;11,7;0;21,1;14,46;11;73,5;1;
2006-11-08;1,5;12,6;0;20,4;13,74;7,7;61,25;1;
2006-11-09;1;12,7;0;23;16,58;8,9;58,25;1,333333;
2006-11-10;1,5;12,5;0;26;20,24;14,9;59,25;1;
2006-11-11;1,4;11,3;0;26;18,58;12,5;73,5;1;
2006-11-12;1,2;12,5;0;27;19,24;12,8;70,75;1;
2006-11-13;2;11,9;0;29;21,4;15;69,5;1;
2006-11-14;1,4;11,8;0;29,7;22,94;16;60,5;1,666667;
2006-11-15;1,6;7,6;0;31,5;24,62;18,2;59;1,333333;
2006-11-16;1,4;1,6;0;25;18,76;15;89;1,333333;
2006-11-17;1,6;0;38,6;17,6;16,86;16,1;98;1,666667;
2006-11-18;1,4;0;13,7;18;16,14;14,8;83,5;2;
2006-11-19;1,6;10,4;0;22;16,84;12,9;66,5;1,666667;
2006-11-20;1,4;10;0;24,5;17,28;10,1;76,75;1;
2006-11-21;1,6;10,1;0;28,5;21,06;13,8;70,25;1;
2006-11-22;1,2;11,4;0;32;24,76;19;65;1;
2006-11-23;1,2;10,9;0;31;23,82;17,8;66,75;1;
2006-11-24;1;1,7;0;29;23,08;19,8;83;1,333333;
2006-11-25;1,6;8,9;0;29,6;24,16;18,9;74;1;
2006-11-26;1,6;2,2;0;26;21;18;72;2;
2006-11-27;2;,3;0;23,1;19,18;15;69;1,333333;
2006-11-28;2;2,2;0;25;19,8;16;75,25;1,333333;
2006-11-29;2,4;4,3;0;26;20,08;16,6;75,5;1,333333;
2006-11-30;3;4,6;0;27,6;20,46;14;72,5;1;
2006-12-01;2,2;8,3;0;32;23,26;15,1;72,5;1;
2006-12-02;2;2,5;0;29,5;22,42;19;78,5;1;
2006-12-03;1,4;2,1;21;29;23,2;20;82,75;1;
2006-12-04;2,1;7,6;0;29,4;22,24;18;64,25;1,333333;
2006-12-05;2;3,8;0;28;21,76;15,1;65,5;1;
2006-12-06;1,9;7,4;0;28,6;22,36;17,4;63;1,333333;
2006-12-07;2,1;5,3;0;25,8;20,6;13,7;59,5;1,333333;
2006-12-08;2,2;12,5;0;29,1;21,7;14;61,75;1;
2006-12-09;2,7;10,1;0;30;22,5;15,5;62,5;1;
2006-12-10;3,1;12,7;0;31,5;24,5;18,4;57,25;1;
2006-12-11;2,5;12,7;0;31,1;25,14;19,4;60,5;1;
2006-12-12;2;10,6;0;33,2;25,58;19;65;1;
2006-12-13;3;2,8;12,9;26,3;23,02;21,8;88;1;
2006-12-14;2;5,4;0;32;23,6;20,4;78;1;
2006-12-15;2,1;11;43;31;24,58;18,9;79;1;
2006-12-16;2,1;11,4;0;35,5;28,24;21,1;71;1;
2006-12-17;2,3;5,8;0;30,6;24,48;22;85;1,333333;
2006-12-18;1,7;,1;11,1;27;22,3;20;91,25;1;
2006-12-19;2,1;4,6;,3;30,4;23,32;20;82;1,333333;
2006-12-20;1;1;20,5;22,9;19,74;17,9;86,5;1,666667;
2006-12-21;2;12,6;11,2;27,4;20,78;14,9;71,5;1;
2006-12-22;2,5;11,9;0;30;23,84;16,4;76,75;1;
2006-12-23;2,4;9,2;0;31,5;23,68;20,3;84,25;1,666667;
2006-12-24;2,1;,6;9,9;25;22,26;20;90;1;
2006-12-25;2,1;4,5;15,4;24,1;20,98;19,4;86,25;1;
2006-12-26;2,4;12,6;15,2;28;21,16;16;71;1;
2006-12-27;3;12,9;0;29,6;23,02;17;64;1;
2006-12-28;2,1;10,8;0;32;24,8;20;67;1;
2006-12-29;2,5;12,4;0;34;25,46;17;72,5;1;
2006-12-30;2;9,4;0;33;26,24;23;71,75;1;
2006-12-31;3;11,2;0;34;26,66;20,2;75;1;
2007-01-01;,8;11,9;0;35;28,24;23;70;1;
2007-01-02;2;11,2;0;34,5;28,88;24,1;68;1;
2007-01-03;2,1;7,9;0;33;26,76;24;77,25;1;
2007-01-04;1,5;7;4,2;32;26,98;23,1;76,75;1,333333;
2007-01-05;1,1;11;1;31,1;25,42;23;75,25;1,333333;
2007-01-06;2,1;11,3;0;28,2;21,8;16,4;70;1,333333;
2007-01-07;1;11,8;0;27,6;22,74;15;65,5;1;
2007-01-08;1,4;10;0;31;23,58;18;68,5;1,333333;
2007-01-09;1,4;12,2;0;33;25,94;17,1;70,75;1;
2007-01-10;1;4;0;33;24,26;20,4;92,5;1;
2007-01-11;1,6;4,9;60,1;33;25,86;20,9;87,75;1;
2007-01-12;1,6;10;0;30;24,1;21,1;82,25;1;
2007-01-13;1,1;12,6;0;33,3;26,54;21;59,5;1;
2007-01-14;1,7;12,5;0;25,2;18,08;13;65,75;1,333333;
2007-01-15;1,1;10,8;0;27;20,64;14;61;1;
2007-01-16;2;6,5;0;25,5;19,86;14,2;56,75;1;
2007-01-17;1,5;2,4;0;30,1;21,38;18,2;69,5;1;
2007-01-18;2;10,7;0;32,5;23,8;18;68,5;1;
2007-01-19;2;5,8;0;32;23,7;19,8;78,75;1;
2007-01-20;2;9,1;0;24,1;18,82;15;73,5;1,333333;
2007-01-21;1;12,2;0;27;20,3;14,1;65;1,333333;
2007-01-22;2,1;12,2;0;31;22,14;14,1;69,25;1,333333;
2007-01-23;2;11,6;0;35;26,72;19;69,75;1;
2007-01-24;2,3;,5;2,2;32,9;26,18;21,8;72,75;1;
2007-01-25;2,1;1;0;32;24,18;21,4;85,5;1;
2007-01-26;1,9;9,3;,5;31;24,84;21;80,25;1,333333;
2007-01-27;2,1;6,7;0;33,5;25,62;22,2;77,25;1;
2007-01-28;2,5;2,5;0;24,7;21,7;19;75;1,666667;
2007-01-29;3;6,3;0;27;21,56;18;83,5;1,333333;
2007-01-30;2;8,2;0;30,3;23,04;18,4;68,5;1;
2007-01-31;2;11,8;0;31;23,94;19,1;65,5;1;
2007-02-01;2,1;11,7;0;34;26,68;19,6;60,5;1;
2007-02-02;2,5;12,1;0;34,5;26,6;21;58,5;1;
2007-02-03;1,5;12,3;0;35,8;27,96;22,2;51;1;
2007-02-04;2;,7;0;27,4;23,3;21,4;85,25;1;
2007-02-05;1,6;2,7;1;22,3;21,8;21;91,5;1;
2007-02-06;1;9,6;19,1;31;24,66;20;71;1,666667;
2007-02-07;2;11,9;0;28,3;22,2;18,9;72,5;1,333333;
2007-02-08;2;12;0;29;21,72;15;60,75;1;
2007-02-09;2,5;11,6;0;32,8;23,56;17;68,75;1;
2007-02-10;2;5,9;0;30;22,92;18,4;75,25;1;
2007-02-11;2,5;11,5;0;28,8;22,08;17,8;67,25;1,666667;
2007-02-12;2,4;11,8;0;27,3;21,02;14;64;1;
2007-02-13;1,6;11,5;0;31;23,18;16,1;68,75;1;
2007-02-14;1,6;5,9;3,1;31;23,6;19,8;82;1,166667;
2007-02-15;1,2;9,1;0;31,5;25,12;20,5;81,75;1;
2007-02-16;2,1;10,7;1,2;33,8;26,88;21;64,5;1;
2007-02-17;2,1;2,4;54,8;27,4;19,5;17,1;84,25;1;
2007-02-18;2;11,8;0;24;16,98;12;67,25;1,333333;
2007-02-19;2,1;11,7;0;25,4;19,04;13;71,25;1,333333;
2007-02-20;2,2;6,5;0;27;21,1;16,1;78,25;1;
2007-02-21;1,3;6,5;0;31;22,76;12,8;77;1;
2007-02-22;2;0;0;27,8;22,96;21;91,25;1,333333;
2007-02-23;1,8;0;6,7;26,2;21,2;19,4;98,75;1;
2007-02-24;1,8;8,5;85,5;29;24,06;20;74,75;1;
2007-02-25;2,2;9,9;0;33;25,52;22;70;1;
2007-02-26;2,1;10,1;0;29;24,22;22,2;90,25;1;
2007-02-27;2,2;3;7;31;23,32;20,2;82,25;1,333333;
2007-02-28;3;2,1;5,8;29,5;23,14;20;88;1;
2007-03-01;1,6;4,8;2,9;30;22,42;19;87,75;1,666667;
2007-03-02;2;0;44,3;25,1;20,68;19,1;100;1,333333;
2007-03-03;2,5;0;8,4;20;17,48;15;100;1,333333;
2007-03-04;1,1;2,9;2,2;26,6;22,6;18;91;1;
2007-03-05;2;4,5;4,1;30;25,56;23;83,75;1;
2007-03-06;2;0;0;25,2;22,14;21;93,25;1;
2007-03-07;2,4;0;3,2;28,4;22,72;20;87,75;1;
2007-03-08;2;10,4;0;32,1;25,76;21,8;77;1,333333;
2007-03-09;3,4;1;88;25,7;20,72;19,3;91,25;1;
2007-03-10;1,3;8,8;0;26,5;19,2;15,9;75;1;
2007-03-11;2,7;10,8;0;26;19,38;14,1;72;1;
2007-03-12;2,1;10,9;0;28;21,2;16;68,25;1;
2007-03-13;2;8,2;0;28;22,24;17,9;84,5;1;
2007-03-14;2,1;1,8;0;29,5;23,28;21;89,75;1;
2007-03-15;2,1;9;2,5;29;21,8;19,5;84;1;
2007-03-16;2;5,7;0;25,5;21,34;19;83,25;1;
2007-03-17;2;,8;0;22,2;17,76;15,8;98,25;1;
2007-03-18;1,9;5,7;61,6;24,9;19,12;16;90,75;1;
2007-03-19;2;5,2;0;26;19,84;18;80,5;1,333333;
2007-03-20;2,2;7,7;0;25,6;19,76;17;84,25;1;
2007-03-21;1,6;9,6;0;26,5;20,82;17;86,25;1;
2007-03-22;2,2;8;0;30;22,76;19,2;86,5;1,333333;
2007-03-23;1,8;6,4;0;30;22,8;20,6;82;1;
2007-03-24;3,1;3,8;0;25;19,96;17;81,25;1;
2007-03-25;2,9;0;0;21,1;18,92;18;97;1;
2007-03-26;2,1;0;48,5;18,2;18,08;17,8;98;1,333333;
2007-03-27;2,2;8,3;56,2;33,6;22,72;18,2;84,25;1,333333;
2007-03-28;2,2;6;0;31,5;23,8;20,1;90,5;1;
2007-03-29;2;4,2;17,6;30;24,76;21;91;1;
2007-03-30;2;9;0;35;23,36;19,4;84,25;1,333333;
2007-03-31;2,2;0;4,7;24,7;21,58;19,4;93;1;
2007-04-01;1,3;3,4;0;25,5;21,86;20,4;93,5;1;
2007-04-02;2;,1;0;26,5;22,38;20,2;94;1;
2007-04-03;2;1,3;1;26;21,26;18,1;87,75;1;
2007-04-04;2,1;5,1;0;26,8;21,12;19;80,25;1;
2007-04-05;2,5;2,2;0;23,5;18,98;16;82,25;1,333333;
2007-04-06;2,2;3,7;0;25,6;19,64;15;81,25;1;
2007-04-07;1;2,5;0;24,9;18,52;16,3;92,5;1;
2007-04-08;1,2;7,3;28;23;18,42;15;88,75;1;
2007-04-09;2;9,2;1;22,2;16,32;14,7;78,5;1;
2007-04-10;1,5;10,2;0;25,4;18,44;13;75,75;1;
2007-04-11;2,1;10,6;0;26,8;20,8;16;83,75;1,333333;
2007-04-12;2;10,6;10,2;23;15,34;12,9;74;1;
2007-04-13;3;1,8;0;24;16,34;9,2;74;1;
2007-04-14;2;,4;0;21,5;18,08;15;97,75;1;
2007-04-15;2,4;0;4,9;24;20;17,8;93,25;1;
2007-04-16;2,1;6,3;0;27,5;22,6;19;85,75;1;
2007-04-17;2,1;8,9;0;29,5;22,98;19,8;86,5;1;
2007-04-18;2;8,5;0;31;23,8;20,8;80,75;1;
2007-04-19;2,2;8,6;0;30,6;22,82;19,9;82,75;1;
2007-04-20;2;9,4;0;30,9;24,92;20,9;76,25;1;
2007-04-21;2,2;6,6;0;29,7;22,84;20,2;88;1;
2007-04-22;2;7;21,7;29,5;23,02;19;80,25;1;
2007-04-23;1;8,8;0;29,9;23,82;21;79,75;1;
2007-04-24;2;0;15,8;23;19,24;18;99,5;1,333333;
2007-04-25;2,4;0;45,6;18,2;16,24;15,6;98;1,666667;
2007-04-26;2,1;8,3;10;17,6;11,96;9;79,5;1,333333;
2007-04-27;1,9;9,1;0;17,6;11,22;6,9;77,5;1;
2007-04-28;2,6;9,2;0;18,8;12;5,8;75,25;1;
2007-04-29;2;6;0;23;14,54;9,9;86,5;1;
2007-04-30;2,2;6,5;0;25;17,14;10,1;78,75;1;
2007-05-01;1,7;1,2;0;20,6;18,64;14,4;89,5;1;
2007-05-02;2;,2;38,1;21,5;19,06;18,4;96,5;1;
2007-05-03;1,5;0;0;20,9;18,4;17,7;94;1;
2007-05-04;1,6;8,5;0;25;21,3;17,5;81;1,666667;
2007-05-05;1,4;5;0;26,5;21,8;19,7;89,75;1;
2007-05-06;2;0;0;22;17,78;15,5;95,5;1;
2007-05-07;1,6;5,4;15;15,5;10,18;8;77,25;1,666667;
2007-05-08;1,4;9,7;0;13,2;7,06;3,7;74,5;1,333333;
2007-05-09;1,6;9,6;0;14;8,12;4,8;75;1;
2007-05-10;2,4;8,6;0;17,8;9,74;4;85;1,333333;
2007-05-11;2,1;8;0;20,2;13,66;6,1;79;1;
2007-05-12;2,1;8,9;0;16,7;10,74;8;73,5;1;
2007-05-13;2;0;0;9,1;7,66;5;100;1;
2007-05-14;1,8;8,1;4,1;17;11,94;8,5;86,25;1;
2007-05-15;1;0;0;15;13,98;11,5;91,5;1;
2007-05-16;1,6;5,1;0;17;11,82;10;85,25;1;
2007-05-17;3;7,1;0;14,7;9,04;7;76,5;1;
2007-05-18;1,4;3,2;0;14;8,4;4;72,75;1;
2007-05-19;2,1;9;0;17,4;10,44;6;72,5;1;
2007-05-20;1,9;8,6;0;20,7;13,42;6;85,5;1;
2007-05-21;2,1;2,9;15;21,1;15,26;12;93,5;1;
2007-05-22;1,9;1,8;3;17;13;11,5;88,75;1;
2007-05-23;1;3,2;0;11,5;7,78;5,9;81,5;1;
2007-05-24;1,8;3,5;0;14;7,08;3;73,25;1;
2007-05-25;1,8;3;0;14,6;8,24;3,8;72,75;1;
2007-05-26;1,4;2,5;0;16,4;9,56;4,9;80;1;
2007-05-27;2;1,5;0;16,8;9,96;6;78,25;1;
2007-05-28;2,1;1,4;0;10,2;5,36;3,5;74,5;1,666667;
2007-05-29;2;6,7;0;10;3,62;-2;89;1;
2007-05-30;2;8,1;0;11,8;5,88;2,1;89,75;1;
2007-05-31;1,9;3,6;0;13,2;8,72;5;83,75;1;
2007-06-01;1,4;1,9;0;14,2;9,18;7,6;82,75;1,333333;
2007-06-02;2;8,5;0;16,9;9,12;4;66,5;2;
2007-06-03;2,2;8,6;0;17,9;10,2;5,1;63,5;1,666667;
2007-06-04;1;3,8;0;18,9;11,48;5,1;54,5;1,333333;
2007-06-05;2,4;8,3;0;19,3;12,58;7;65,25;1,333333;
2007-06-06;1,6;9,5;0;19,9;13,28;9;63,75;1;
2007-06-07;1,6;8,4;0;18,4;12,12;8,8;79,25;1;
2007-06-08;1,2;6,2;0;18,8;13,14;5,9;82;1;
2007-06-09;2;,5;,9;18;15,12;11,8;100;1;
2007-06-10;1,1;0;0;15,5;13,42;12,6;98;1;
2007-06-11;1,2;0;0;15;14,08;13;100;1;
2007-06-12;1,3;0;46,6;17;15,3;12,5;100;1;
2007-06-13;1,6;2,9;2,7;23,5;19,2;16;94,5;1;
2007-06-14;1,4;0;0;19,5;14,56;13;100;1,666667;
2007-06-15;1,5;1,4;18,2;15;9,56;7;92;2;
2007-06-16;1,5;8,4;0;11,2;6,06;2,6;80,75;1;
2007-06-17;2;0;0;11,5;7,36;4,8;91,5;1;
2007-06-18;1,5;6,6;0;12,3;8,34;5,1;86,25;1;
2007-06-19;1,1;0;3,4;13,2;10,9;8,3;97,75;1;
2007-06-20;1;5,4;0;25,5;18,46;11,6;78,75;1,333333;
2007-06-21;2,4;1;0;21,6;16,44;15;95,5;1;
2007-06-22;1,5;3,3;0;26,2;20,82;14,5;66;2,666667;
2007-06-23;1,5;0;13;21,7;11,5;7,4;86,5;1,333333;
2007-06-24;1,6;0;0;10,8;5;2,8;59,75;1;
2007-06-25;2;0;0;7,2;4,78;2,1;65,25;1,333333;
2007-06-26;2;0;5,6;5,2;4,24;3;100;1;
2007-06-27;1,4;0;13;9,5;6,88;4,3;90,5;1;
2007-06-28;2;0;4;15,5;9,76;4,3;86,75;1,333333;
2007-06-29;1,5;6,4;0;12,1;7,68;5,8;96;1;
2007-06-30;1,5;0;0;8;7,4;6,1;96;1;
2007-07-01;1,6;0;0;7,7;4,94;2,8;100;1;
2007-07-02;1,6;0;0;7,5;5,08;3;100;1;
2007-07-03;2;7;0;19;11,24;4,8;89,75;1;
2007-07-04;2,8;0;0;21,6;17,54;12,9;72,75;1,333333;
2007-07-05;,7;0;0;25;20,36;16,8;63,75;2;
2007-07-06;2;3,2;0;24;18,76;16,6;87,5;1,333333;
2007-07-07;1,2;0;2;17,4;10,08;7;100;1,666667;
2007-07-08;1,1;0;31;10,1;8,02;7;83,75;2;
2007-07-09;2;0;7;7,8;6,68;4,9;100;1,666667;
2007-07-10;1,1;0;10,3;7,8;3,8;2,3;94,25;1;
2007-07-11;1,9;7,4;0;9,3;1,8;-3,1;78,5;1;
2007-07-12;1,3;6,8;0;9,3;3,12;-1,7;77;1;
2007-07-13;1;0;0;8,9;5,92;-,5;100;1;
2007-07-14;2,8;6,7;0;13,6;8,24;6,2;81,5;1;
2007-07-15;1,6;8,1;0;15,4;8,02;5,5;65,25;1;
2007-07-16;,9;6,1;0;14,2;8;3,9;70,5;1;
2007-07-17;1;,8;0;10,9;8,42;5,4;86,75;1,333333;
2007-07-18;2,5;7,1;0;16,9;9,26;3,9;69,5;1;
2007-07-19;1,8;7,8;0;17,6;11,34;6,7;68,5;1;
2007-07-20;2;5,8;0;20,2;12,64;8,4;83,25;1;
2007-07-21;2,2;1;0;15,4;10,5;6,7;84;1,333333;
2007-07-22;2,5;3,1;5;15,2;9,64;7,6;86,25;1,666667;
2007-07-23;1,5;8,4;0;13;6,14;,3;52,25;1,666667;
2007-07-24;2,1;4,4;0;14,3;8,04;3,7;67,75;1;
2007-07-25;2;3,9;0;10,3;5,62;-,1;62,25;1,333333;
2007-07-26;1,9;8,3;0;15;7,74;-,1;66;1,666667;
2007-07-27;1,5;8,4;0;13,8;7,04;4,5;65,75;1,666667;
2007-07-28;1,5;8,3;0;9,8;3,52;-2,8;63,25;1,666667;
2007-07-29;1;0;0;9,1;3,32;-2,3;79;1;
2007-07-30;1,5;5,9;0;14,8;8,24;3,7;84,75;1;
2007-07-31;1,5;8,6;0;18;10,74;5,8;74,5;1;
2007-08-01;2;7,7;0;21,9;13,68;7,7;78,25;1;
2007-08-02;1,2;0;0;13,7;8,22;6,4;100;1;
2007-08-03;1;0;18,9;12,3;8,88;6,4;100;1,333333;
2007-08-04;,7;,4;1,8;8,3;6,04;4,9;88,5;1;
2007-08-05;1,7;5,9;0;12,1;7,16;3,4;81,5;1,333333;
2007-08-06;,8;0;0;10,1;8,08;6,1;99,25;1;
2007-08-07;2;8,8;,8;12,8;6,36;0;72,75;1;
2007-08-08;1,2;9,2;0;18,3;9,82;2,4;70,5;1,333333;
2007-08-09;1;,6;0;17,1;14,16;9,9;94,5;1;
2007-08-10;,9;,5;35,8;15,7;8,14;5,4;88,75;1;
2007-08-11;1,1;8,9;0;14,4;6,58;,7;66,5;1;
2007-08-12;1;8,7;0;16,3;10,04;3,9;77,75;1,333333;
2007-08-13;,8;,5;0;24,3;17,2;11,9;87,5;1,333333;
2007-08-14;,8;1,2;0;26,2;20,54;14,9;64,75;1,666667;
2007-08-15;1;0;0;23,8;16,46;12,9;86;1,666667;
2007-08-16;1;0;33,9;13,3;8,5;6,5;100;2;
2007-08-17;1;0;45;7,3;5,04;3,9;100;1,666667;
2007-08-18;1,3;0;25,5;9;7,06;3,7;99;1,666667;
2007-08-19;,7;0;10,1;9,3;7,68;6,4;100;1;
2007-08-20;2,1;5,2;2;13,3;7,92;5;81,5;1;
2007-08-21;2;10;0;15,5;8,3;1,9;80,5;1;
2007-08-22;1,2;6,7;0;17,3;10,24;4,1;86,5;1;
2007-08-23;1;2,2;0;24,9;16,12;9,8;81,25;1,333333;
2007-08-24;1,7;0;0;16,3;11,02;9,1;92,75;2;
2007-08-25;1,1;0;0;12,9;10,68;7,9;96;2;
2007-08-26;1,4;,6;0;14,2;9,62;7,9;100;1,333333;
2007-08-27;1,5;,5;3,6;10,4;6,84;3,2;86,25;1;
2007-08-28;1,3;6,7;0;18,3;9,98;1,9;69,75;1;
2007-08-29;1,7;5,7;0;15,3;8,94;2,9;72;1,666667;
2007-08-30;1,1;0;0;16,3;10,74;3,9;80,75;2;
2007-08-31;1,5;1;0;19,6;12,74;7,1;90,25;1;
2007-09-01;2;2,9;0;16,3;12,82;8,8;92;1,333333;
2007-09-02;2,1;2,1;,6;19,2;15,54;11;87;1,333333;
2007-09-03;2,2;2,2;,2;22;16,64;12;93,5;1;
2007-09-04;1;0;0;30,2;22,18;14,9;46;1,333333;
2007-09-05;2;0;0;23;19,24;17,4;86,75;1,333333;
2007-09-06;2;3,2;4,4;24,3;19,02;16,8;87,5;1;
2007-09-07;2;5,1;0;28,1;20,42;17;82,75;1;
2007-09-08;2;9,2;0;30,2;22,6;18;83,25;1;
2007-09-09;2,4;6,9;0;30,4;25,02;19,1;72;1;
2007-09-10;3;7,4;0;29,6;23,28;19;72,25;1;
2007-09-11;3,1;,4;0;26;20,6;18,2;89,5;1;
2007-09-12;3;0;0;24,4;20,1;16,9;90,25;1;
2007-09-13;2,2;0;3;21,2;19,08;18;95,5;1;
2007-09-14;2;0;,3;22;18,04;16,2;97,5;1;
2007-09-15;2,5;2,8;6,6;24,5;18,26;15;92,75;1,333333;
2007-09-16;2,1;0;0;17,8;16,68;15,5;94,75;1,666667;
2007-09-17;2;0;0;17;14,48;13,1;97;2;
2007-09-18;1;0;31;17;14,16;12;95,5;1;
2007-09-19;2,1;10,4;18;19,1;13,78;12;70;1;
2007-09-20;2,1;0;0;16,2;13,4;11;87;1,333333;
2007-09-21;1,9;0;0;16,2;12,98;10,6;94,75;1;
2007-09-22;3,1;0;0;15,5;14,24;13,4;100;1,333333;
2007-09-23;2,9;,5;21,7;13,4;11,78;11;99;1,666667;
2007-09-24;2,1;10,3;1;13,8;7,4;5;79,5;1,666667;
2007-09-25;2;10,5;0;15;10,4;5;74,5;1,333333;
2007-09-26;2,2;4,3;0;17;11,26;5,9;82;1,333333;
2007-09-27;2,3;8,8;0;21,1;14,98;13;80,5;1;
2007-09-28;2;10,7;0;22,8;16,62;13;72,75;1;
2007-09-29;2;10,6;0;22,1;17,02;12,4;70,25;1,666667;
2007-09-30;1,4;10,9;0;25,6;17,7;11,2;76,5;1,666667;
2007-10-01;2,2;0;0;25,1;17,78;13;77,75;1;
2007-10-02;1,8;0;0;21,5;17,94;16;91,75;1;
2007-10-03;1,6;0;9,2;26;20,8;16,5;81,75;1,333333;
2007-10-04;1,6;0;0;27,2;22,04;19;81;1,333333;
2007-10-05;,8;0;0;23,2;20,36;19;82,25;1;
2007-10-06;2,1;0;12,9;20;16,84;15,6;94;2;
2007-10-07;2;3,7;28;17;13,88;11,5;70;1,333333;
2007-10-08;1,1;0;0;19;14,84;11,6;92,75;1,333333;
2007-10-09;1;0;0;28,9;21,14;17;83,25;1,333333;
2007-10-10;2;0;4,2;20,4;17,44;16,6;93,5;1,333333;
2007-10-11;1,8;0;,2;16,6;14,96;14,2;99,5;1,333333;
2007-10-12;2;1,6;40,1;19;13,8;12;96,25;1,333333;
2007-10-13;1,1;2,4;20,1;18;15,44;13,6;72,5;1;
2007-10-14;1,9;10,8;0;21,7;15,7;10;73;1,666667;
2007-10-15;1,6;0;0;17,4;16,56;15,5;96,75;1;
2007-10-16;2,4;5,4;1;26;17,34;14,5;84,25;1;
2007-10-17;1,6;9,9;0;25,1;18,42;13;72;1;
2007-10-18;1,6;10,3;0;27;19,68;16;77,5;1;
2007-10-19;1;7,7;0;27,3;18,86;15;66,75;1;
2007-10-20;1,8;3,8;0;30;20,46;16,5;92,25;1;
2007-10-21;2;6,4;10,4;23,2;17,36;15;71;1,333333;
2007-10-22;2;9,5;0;25;18,64;14;63,75;1;
2007-10-23;2,1;8,5;0;25;17,8;15,5;76;1;
2007-10-24;1,9;11,8;0;26,3;18,46;12,6;76,75;1;
2007-10-25;2,1;11,5;0;28;22,04;16;76,5;1,666667;
2007-10-26;1,9;10,5;0;31;25,48;20,6;75,25;1;
2007-10-27;1,5;1,9;3;25,1;19,88;17,8;83,5;1;
2007-10-28;1;0;4;19,5;15,86;13;95,75;1;
2007-10-29;1;0;59,1;18,1;16,02;14;98,5;1,666667;
2007-10-30;,5;2,6;48,1;20;17,42;16,1;97;1;
2007-10-31;1,5;3,3;0;26,4;20,6;17,4;91,5;1,333333;
2007-11-01;1,6;7,3;0;21,6;16,28;14,6;77,75;1,333333;
2007-11-02;1,6;7,9;0;23;17,28;13;67,75;1;
2007-11-03;1;12,3;0;25,5;17,5;14;73;1,666667;
2007-11-04;,8;10,1;8,2;20,1;12,56;9,4;62;1,666667;
2007-11-05;1,1;12,6;0;21,4;14,4;8,9;61,25;1,333333;
2007-11-06;2,1;11,8;0;27,4;20,48;15;61;1;
2007-11-07;2;12,5;0;29,2;21,8;15;66;1;
2007-11-08;2;6,4;0;32;24,74;18,9;75;1;
2007-11-09;1,8;1,3;0;27,9;21,16;18,5;86,25;1;
2007-11-10;1,1;4,4;,2;19;15,38;13,7;87,75;1,666667;
2007-11-11;,9;12,2;0;20,8;12,56;9;69,25;1,333333;
2007-11-12;1,2;12,5;0;23;15,32;9;61;1;
2007-11-13;2;3,6;0;25;18,88;13;73;1;
2007-11-14;1,4;5,8;0;21;13,68;10,8;67,5;1,666667;
2007-11-15;1;12,1;0;19;11,88;5;72,5;1,333333;
2007-11-16;2,4;12,4;0;27,2;18,42;10,5;79;1,666667;
2007-11-17;1,6;1,9;0;26;21,22;18,1;91;1;
2007-11-18;1;8,9;25;28;23,28;21;82,75;1;
2007-11-19;,6;10,8;1,9;31;24,56;19;65;1;
2007-11-20;,8;12,5;0;32;23,74;19,9;70,25;1;
2007-11-21;1,1;10,5;0;27;21,64;16;70,5;1,666667;
2007-11-22;1,1;11,9;0;30;21,52;15;69,75;1;
2007-11-23;2;,5;0;29,5;21,1;17,8;91;1;
2007-11-24;1,4;11,2;15,1;23,1;15,76;12,1;78;1,333333;
2007-11-25;1;12,6;0;25,5;18,4;10,7;61;1,333333;
2007-11-26;2;12,5;0;28,2;20,86;16;40;1;
2007-11-27;1,4;11,5;0;31,3;23,26;16;52,75;1;
2007-11-28;1,1;11,2;0;27,5;20,5;16;64,75;1;
2007-11-29;,9;12,4;0;29,2;21,5;14,9;44;1;
2007-11-30;1,1;12,4;0;30;21,92;15;48,25;1,666667;
2007-12-01;1,6;null;0;31,2;22,44;14,4;41,75;1;
2007-12-02;1,4;null;0;30;21,02;16,9;56,5;1;
2007-12-03;1,1;null;0;32;24,2;18;49,25;1;
2007-12-04;2;null;0;32,2;21,56;17,4;76;1;
2007-12-05;2;null;12,9;21,6;18,12;17;65;1,666667;
2007-12-06;1,2;null;0;26,4;18,72;11,1;45;1;
2007-12-07;1,3;null;0;30;21,12;17;51,75;1;
2007-12-08;2;null;0;32;23,72;18;38,25;1;
2007-12-09;,2;null;0;30,6;21,56;14;53,25;1,666667;
2007-12-10;2;null;0;34;20,96;12,6;68,5;1,666667;
2007-12-11;2,1;null;8;27;19,04;16;46,25;1,666667;
2007-12-12;2;null;0;28;19,84;13;41,25;1,333333;
2007-12-13;1,1;null;0;31,5;21,48;14,3;61,75;1;
2007-12-14;1,1;null;0;33,1;24,86;14,2;51,5;1;
2007-12-15;2;null;0;28,5;22,88;20,8;63,5;1,666667;
2007-12-16;1,6;null;0;28;20,92;17;53,25;1;
2007-12-17;1,6;null;0;28,4;20,7;13,5;47,5;1,333333;
2007-12-18;2;null;0;31;22,84;17;40;1;
2007-12-19;2,2;null;0;30;22,94;19,2;42,25;1;
2007-12-20;1,2;null;0;31,8;23,72;17,8;36,25;1;
2007-12-21;2;11,2;0;35,5;26,94;20;35,25;1;
2007-12-22;2;null;0;36;24,62;17;29,5;1;
2007-12-23;2,1;11,5;0;35;24,38;20,9;62,75;1;
2007-12-24;2,1;null;6;27;21,1;19,5;87,75;1;
2007-12-25;2;null;10,1;26,5;21,2;19,5;66,25;1;
2007-12-26;1,2;null;7;29,6;24,52;20;55,75;1;
2007-12-27;1,1;null;0;26;22,3;21;70,25;1;
2007-12-28;1,1;null;24,8;30;24,08;21;64,75;1;
2007-12-29;1,6;null;4,8;29,8;24,5;21;57,5;1;
2007-12-30;1,6;null;0;30;24,66;22,3;71;1;
2007-12-31;2;null;8,6;35;27,34;19,1;45,75;1;
2008-01-01;2,4;10,9;0;34,2;25,9;21,8;47,25;1;
2008-01-02;3,6;11,6;0;30,9;26,14;22,8;60,25;1;
2008-01-03;3,6;12,6;0;33,1;25,62;23;59,25;1;
2008-01-04;2,4;11,2;0;32,1;24,26;21,8;65,25;1;
2008-01-05;3,8;11,8;0;32,1;23,18;16,6;64,75;1;
2008-01-06;3,4;12,7;0;30,6;24,98;20,8;44,25;1;
2008-01-07;3,2;11,7;0;34,1;25,52;18,7;47;1;
2008-01-08;4,2;10,9;0;37,1;26,22;22,2;55;2,333333;
2008-01-09;2,6;9,2;16;34,1;27,38;23,8;48;1,333333;
2008-01-10;4,2;11,5;4,5;36,3;27,34;23,8;37,75;1,333333;
2008-01-11;3,8;9,5;19,7;32,1;22,82;19,8;58,5;1;
2008-01-12;4,6;12,6;0;31,1;21,4;15,7;59,5;1;
2008-01-13;3,2;11;0;30,1;23,04;15,5;57,75;1,333333;
2008-01-14;3,6;12;0;33,2;25,38;20,1;56,5;1;
2008-01-15;3,6;11,6;0;34,1;25,74;19,8;43,25;1;
2008-01-16;2,4;3,5;0;26,6;24,16;22,8;74,5;1,333333;
2008-01-17;3,2;11;2,8;28,5;19,56;16,7;63,5;1,333333;
2008-01-18;,6;1,1;0;22,2;18,9;17,5;94;1;
2008-01-19;1,2;7,5;7,9;25,7;20,06;17,6;66,5;1,666667;
2008-01-20;2,4;10;0;25,2;19,38;14,7;60,5;1,666667;
2008-01-21;3,4;10;0;24,2;20,58;14,7;44,75;1,666667;
2008-01-22;4,4;11,9;0;27,1;21,48;13,7;46,5;1,333333;
2008-01-23;4;1,9;0;27,6;22,54;15,7;48,75;1;
2008-01-24;4,4;12,3;0;32,2;23,8;15,7;49;1;
2008-01-25;4,2;7,1;0;33,1;25,12;17,5;63,75;1;
2008-01-26;4,8;11,9;0;31,1;24,38;17,2;75;1;
2008-01-27;2,2;7,6;0;32,6;23,58;16,7;56,75;1;
2008-01-28;5,4;10,9;0;32,9;25,3;20,6;41,25;1;
2008-01-29;1,6;1,9;0;31,1;23,56;20,2;84,25;1;
2008-01-30;,4;7,6;6;25,1;20,82;18;84;1;
2008-01-31;1,2;3,1;27,4;24,2;21,32;17,4;87,25;1;
2008-02-01;,6;2,1;3,7;24,6;21,36;16,7;87,25;1;
2008-02-02;3,2;7;12,4;26,7;21,96;16,7;71,75;1;
2008-02-03;3,4;7,8;0;25,7;20,28;15,7;60,5;1,333333;
2008-02-04;3,4;7,1;0;27,6;22,46;13,7;41,25;1;
2008-02-05;4;10,6;0;32,7;24,82;17,8;41,5;1;
2008-02-06;4,6;11,1;0;33,5;24,92;19,8;39,25;1;
2008-02-07;3,6;8;0;32,3;23,52;17,2;72,25;1;
2008-02-08;2,8;10;3;32,7;24,9;20,8;57,5;1;
2008-02-09;6,2;1;4;25,4;22,12;20,2;86,25;1;
2008-02-10;1,6;7,5;5;28;23,16;19,8;59,25;1;
2008-02-11;3,2;6;0;25,1;20,12;17,5;69,25;1;
2008-02-12;2;6,1;2,9;22,5;17,92;16,2;77,25;1;
2008-02-13;4,2;11,6;2,5;29,8;21,62;15,7;59,25;1;
2008-02-14;3,6;7;0;27,3;22,92;17,7;58,75;1;
2008-02-15;3,6;3,1;0;26,2;23,02;18,7;77,75;1;
2008-02-16;3,6;9,5;0;32,2;24,68;18,2;59,25;1;
2008-02-17;5,2;10;0;32,7;24,9;19,3;57;1;
2008-02-18;3,6;10,6;0;31,7;24,6;18,7;55,75;1;
2008-02-19;4,6;8,5;0;32,4;25,18;20,8;50,25;1;
2008-02-20;4,4;10,5;0;32,3;25,04;18,9;45,75;1;
2008-02-21;5,2;12,6;0;33,7;25,6;19,1;34,75;1,333333;
2008-02-22;8,2;8,6;0;31,2;24,32;18,9;55;1;
2008-02-23;4,8;10,3;0;34,2;25,62;18,9;39;1,666667;
2008-02-24;4,4;10;0;30,8;23,64;19,4;42,5;1,666667;
2008-02-25;6,4;8,4;0;33,1;25,38;19,8;42,25;1,333333;
2008-02-26;4,4;4,1;0;30,2;24,5;20,8;66;1;
2008-02-27;3,8;8,9;0;31,2;23,78;21;91,25;1;
2008-02-28;2,2;0;55,1;21,7;19,76;17,7;97,25;1,333333;
2008-02-29;,6;4;45,7;28,2;21,4;18,7;82,25;1;
2008-03-01;1,2;2,5;3;26,2;21,92;19,2;75,5;1;
2008-03-02;2,6;4,1;0;27,5;23,18;19,4;71,25;1;
2008-03-03;1,4;1;0;25,7;20,38;17,9;86,75;1;
2008-03-04;,8;2,1;3;24,2;19,8;17,7;77;1,333333;
2008-03-05;2,3;7,5;0;24,3;20,52;17,7;67,25;1,333333;
2008-03-06;3,5;6,1;0;24,2;20,3;17,8;57,5;1,666667;
2008-03-07;4,4;9,6;0;26,2;23;18,7;59,5;1,333333;
2008-03-08;4,6;10,9;0;30,1;23,84;18,6;56,25;1;
2008-03-09;5,2;10,5;0;33,1;25,08;20,3;58,75;1;
2008-03-10;6,6;9,1;0;26,6;22,8;20,5;67,5;1;
2008-03-11;3;10,5;0;26,2;18,96;15,1;59;1,333333;
2008-03-12;3,8;7,8;0;26,2;20,08;14,7;59;1;
2008-03-13;4,8;7,8;0;24,6;20,84;15,8;59,25;1;
2008-03-14;6,4;8,6;0;26,2;20,22;16,2;72,25;1;
2008-03-15;3,8;8,6;0;25,2;20,32;17,2;65;1;
2008-03-16;8,2;10;0;29,1;22,22;16,8;66;1;
2008-03-17;4,8;10,1;0;30,7;23,1;17,2;61,5;1;
2008-03-18;5,4;10,6;0;30,9;24,02;17,2;44,75;1;
2008-03-19;5,8;10,6;0;31,1;24,28;18,6;51;1;
2008-03-20;7,4;10,2;0;31,2;24,34;17,8;50,25;1;
2008-03-21;4,8;10,6;0;33,1;24,88;17,8;46,25;1;
2008-03-22;8;10,1;0;30,1;22,3;17,8;58,25;1,666667;
2008-03-23;5,8;10,6;0;27,2;20,38;16,5;60,5;1;
2008-03-24;5,2;9,6;0;31,1;22,38;16,8;60,75;1;
2008-03-25;5;10,4;0;29,1;22,72;16,5;50;1;
2008-03-26;7,2;10,3;0;31,7;24,28;19,4;47,5;1,333333;
2008-03-27;5;0;0;23,3;20,16;18,5;87,5;1;
2008-03-28;,4;3,5;22;28,1;22,6;18,7;59,25;1;
2008-03-29;3,6;7,5;0;24,5;19,84;17,7;63,75;1;
2008-03-30;3,8;7,6;0;25,5;20;17,2;60;1,333333;
2008-03-31;3,6;9,5;0;27,5;20,3;15,8;79,75;1,333333;
2008-04-01;2,2;6,1;0;25,7;20,88;17,7;68,25;1,333333;
2008-04-02;2,8;4,1;0;24;18,48;15,8;67,75;1,333333;
2008-04-03;1,8;6,8;0;24,3;17,28;14,2;52;1;
2008-04-04;5,2;5,1;0;25,2;18,06;12,7;48;1;
2008-04-05;5,4;7,1;0;29,6;21,58;16,7;43,75;1;
2008-04-06;6,2;7,8;0;27,1;21,24;17,8;51,25;1,666667;
2008-04-07;6,7;6,1;0;31,7;23,18;18,7;39;1;
2008-04-08;8,5;10;0;31,9;23,36;19,8;40;1;
2008-04-09;8,6;4,1;0;31,6;23,06;19,3;66,5;1;
2008-04-10;5,7;1,6;8;24,2;19,84;16,7;85,75;1;
2008-04-11;2,2;2,6;0;26,6;21,74;18,7;66;1;
2008-04-12;2,3;0;8,7;21;17,14;15,2;80;2;
2008-04-13;3,3;1;,2;17,2;14,7;13,7;80,5;2;
2008-04-14;2,2;,8;0;17,2;13,2;7,8;75;1;
2008-04-15;2,3;4,1;0;19,6;12,34;4,7;45;1;
2008-04-16;4,5;4,1;0;18,3;14,9;9,7;44,75;1;
2008-04-17;5,8;7,1;0;25,8;18,52;11,8;36;1;
2008-04-18;5,5;8,5;0;28,1;20,68;15,7;42,5;1;
2008-04-19;6,6;6,8;0;28,3;21,44;17,7;41,25;1;
2008-04-20;3,7;8,1;0;25,7;21,22;17,8;45,25;1;
2008-04-21;6,2;7,1;0;25,8;19,54;15,7;60,5;1;
2008-04-22;4,7;6,2;0;25,3;19,46;16,8;49,25;1;
2008-04-23;2,8;7,8;0;26,5;21,56;17,7;50;1;
2008-04-24;3,1;9,1;0;28,7;21,5;17,2;44;1;
2008-04-25;4,2;4,2;0;25,6;21,36;17,2;62;1;
2008-04-26;4,2;0;22,8;22,2;17,84;15,7;96,75;1,333333;
2008-04-27;,3;5,1;0;23,3;19,1;16,7;86,25;1;
2008-04-28;,4;,3;30;21,6;17,76;16,2;91;1;
2008-04-29;,8;3,1;8,2;17,2;10,56;7,8;57,75;1,666667;
2008-04-30;1,9;5,6;0;17;10,72;4,2;59;1;
2008-05-01;4,1;1;0;13,3;10,68;3,8;70,75;1,666667;
2008-05-02;3,8;0;5;14,3;12,5;9,7;99;1,666667;
2008-05-03;,5;1,7;6,1;17,4;14,2;8,8;86,75;1,666667;
2008-05-04;1,6;7,2;0;20,6;14,12;9,7;80,5;1;
2008-05-05;1,4;8,7;0;20,4;14,26;10,7;60;1;
2008-05-06;2,1;9,2;0;21,2;14,24;4,8;47,25;1;
2008-05-07;5,2;8;0;18,2;14,66;9,7;51,75;1;
2008-05-08;4,7;5,5;0;17,9;11,84;9,5;76,75;1;
2008-05-09;4;9;0;17,2;10,96;6,8;60;1;
2008-05-10;4,6;6,1;0;18,4;10,32;5,8;82,25;1;
2008-05-11;2,5;1,6;0;19,5;13,64;7,7;67;1,333333;
2008-05-12;2,3;8,7;0;18,7;13,66;9,7;83,75;1;
2008-05-13;1,9;2,2;0;16,2;13,2;9,7;88,75;1;
2008-05-14;1,5;7,6;0;21,4;14,34;10,7;74;1;
2008-05-15;3,3;8,5;0;23,2;15,42;10,3;65,25;1;
2008-05-16;3,2;8,6;0;25,2;16,84;10,3;51,25;1;
2008-05-17;3,4;4,5;0;23,7;12,88;9,2;79,25;1;
2008-05-18;2,5;6,1;0;25,2;17,12;12,7;72;1,333333;
2008-05-19;2,8;3,1;0;25;19,36;16,7;63,5;1,333333;
2008-05-20;2,9;6,6;0;28,5;23,76;17,7;68,75;1,333333;
2008-05-21;3,4;1,6;0;28,6;23,94;21,8;70,5;1,666667;
2008-05-22;3,2;5,1;0;29,1;24,42;20,8;64,25;1,333333;
2008-05-23;2,5;,6;0;24,7;22,2;20,8;65,5;1,666667;
2008-05-24;3,3;0;12,8;22,2;14,22;10,5;79,75;1;
2008-05-25;2,6;0;0;14,5;12,12;9,7;78,5;1;
2008-05-26;1,2;4,1;0;18,3;12,72;9,3;82,5;1;
2008-05-27;1,3;,4;0;16,3;13,68;11,7;95,25;1;
2008-05-28;,5;0;32;15,3;12,62;10,7;100;1,666667;
2008-05-29;,2;1;22,8;11,3;6,24;4,5;77,75;1,666667;
2008-05-30;,8;8,5;0;12,3;4,86;,8;71,5;1;
2008-05-31;1,5;1,3;0;9,8;5,12;1,8;76,25;1,333333;
2008-06-01;,7;6,1;0;15,3;8,14;1,9;77,5;1;
2008-06-02;,6;8,2;0;13,6;9,86;4,7;92,75;1;
2008-06-03;1,3;3,5;7,4;17,7;13,4;9,7;85,75;1,333333;
2008-06-04;1,4;3,4;0;17,2;14,68;12,7;85;1;
2008-06-05;1,8;1,8;0;16,2;14,44;11,7;97,75;1;
2008-06-06;,5;8,1;2,4;20,5;15,54;13,5;59,25;1;
2008-06-07;1,7;0;0;14,1;11,76;9,7;92,75;1;
2008-06-08;,6;0;0;14,3;12,7;11,2;100;1;
2008-06-09;0;0;41,3;13,3;9,32;6,8;97,25;1,333333;
2008-06-10;,1;6,1;,2;12,3;6,92;2,7;74;1;
2008-06-11;,8;8;0;17,2;9,58;3,9;66,75;1;
2008-06-12;,5;9,2;0;19,3;11,66;5,8;66,25;1;
2008-06-13;1,9;7,1;0;20;12,4;7,2;60;1;
2008-06-14;1,3;7,8;0;18,2;9,8;6,7;57;1,666667;
2008-06-15;2,5;8,2;0;11,8;5,8;,7;64;1,666667;
2008-06-16;1,3;6,5;0;12,3;6,04;-,1;65,25;1,333333;
2008-06-17;2,6;9,7;0;15,3;8,04;1,5;55;1;
2008-06-18;1,3;8;0;14,7;9,38;3,2;60;1,666667;
2008-06-19;1,7;0;5,1;12,3;10,58;8,5;100;1;
2008-06-20;,2;,9;35;10,3;7,52;6,2;92,25;2;
2008-06-21;,5;0;0;11,3;8,92;7,9;88,25;1,333333;
2008-06-22;,8;4,8;0;11,3;8,22;5,8;82;1;
2008-06-23;,5;6,1;0;10,6;6,5;3,5;92,75;1;
2008-06-24;,8;4,1;0;15,4;9,6;2,8;86,75;1,333333;
2008-06-25;,5;5;0;16,2;11,32;6;85,75;1;
2008-06-26;,6;0;8;14,1;12,96;11,7;100;1;
2008-06-27;0;0;13;13,8;13,06;11,7;100;1;
2008-06-28;0;0;0;14,3;13,22;11,8;100;1;
2008-06-29;,1;0;,8;14,5;13,36;12,2;100;1;
2008-06-30;0;2,5;0;17,2;15,02;12,6;87,75;1;
2008-07-01;,9;6;0;19,2;14,34;11,7;84;1;
2008-07-02;1,1;0;7,1;14,6;12,84;11,9;99,5;1;
2008-07-03;,1;0;10;13,3;12,68;11,9;100;1;
2008-07-04;0;,6;0;16,8;14,5;12,7;95,25;1;
2008-07-05;,3;6,2;0;23,2;14,98;9,7;80;1;
2008-07-06;2;7;0;24,7;17,88;12,7;72,5;1,333333;
2008-07-07;2,2;0;5;19,2;15,98;13,7;98,25;1;
2008-07-08;,2;6,6;20;23,3;15,28;12,7;85,75;1;
2008-07-09;,8;0;0;16,2;14,04;12,2;95,25;1;
2008-07-10;,5;5,9;0;19,6;15,2;12,2;90,25;1;
2008-07-11;,5;8,1;0;24,2;17,56;13,8;78,25;1;
2008-07-12;,9;7,9;0;24,2;18,02;14,7;80;1;
2008-07-13;1,2;6,1;0;23,7;18,2;15,3;67,5;1,666667;
2008-07-14;1,5;8,5;0;26,3;21,22;15,8;61,75;1,333333;
2008-07-15;1,6;8,5;0;26,2;20,64;15,7;61;1,333333;
2008-07-16;2,1;8,6;0;25,2;18,7;16,2;58,5;1,666667;
2008-07-17;2,3;8,8;0;25,2;18,58;16,2;57,5;1,666667;
2008-07-18;2,2;4;0;17,7;14,46;13,2;66,25;1,666667;
2008-07-19;1,9;0;0;13,8;11,14;9,7;88,5;1,333333;
2008-07-20;,5;0;3;13,1;11,66;9,7;98;1,666667;
2008-07-21;,2;0;15,1;16,3;13,94;11,2;98,5;1;
2008-07-22;,1;2,2;20;15,3;12;10,8;94;1,666667;
2008-07-23;,3;6,1;0;13,3;10,8;8,1;86,75;1;
2008-07-24;1,1;6,8;0;12,7;10,2;8,3;72,5;1,666667;
2008-07-25;1,9;7,1;0;13,4;8,88;7,2;80,75;1;
2008-07-26;,9;7,5;0;14,8;9,36;4,8;82,5;1;
2008-07-27;,8;0;16,1;11,9;10,56;9,3;100;1;
2008-07-28;0;0;12,1;11,4;10,22;9,7;100;1,333333;
2008-07-29;0;0;12,1;14,8;11,26;8,8;100;1;
2008-07-30;0;9,4;9,4;14,3;13;10,7;87,5;1;
2008-07-31;,3;7,9;0;17,3;14,82;12,7;82,75;1;
2008-08-01;,6;1,4;0;15,3;11,42;7,8;96,75;1;
2008-08-02;,5;6;9,1;17,8;12,16;10,3;85,75;1;
2008-08-03;1,3;7,9;0;14,8;8,58;6,7;73;1;
2008-08-04;,9;9,6;0;17,8;10,98;3,7;75;1,666667;
2008-08-05;1,4;9,7;0;15,6;9,86;7,7;66,75;1;
2008-08-06;1,1;9,5;0;20,2;12,84;6,7;71,25;1,333333;
2008-08-07;1,2;9,4;0;21;13,74;9,7;67,25;1;
2008-08-08;2,1;9,5;0;14,3;8,24;4,7;68,5;1;
2008-08-09;1,6;9,4;0;20,2;11,62;4,7;75,25;1;
2008-08-10;1,5;6,1;0;21,2;13,22;9,7;71,25;1;
2008-08-11;1,8;8,3;0;24,2;15,02;11,8;65,25;1,333333;
2008-08-12;1,8;6,5;34;14,8;10,32;8,2;81,25;1;
2008-08-13;,7;9,2;0;15,1;9,36;4,7;88;1;
2008-08-14;,4;0;0;16,2;13,38;9,7;96;1;
2008-08-15;,6;,3;0;20,2;15,88;13,7;93;1;
2008-08-16;,2;5,7;0;24,2;18,68;13,7;95;1;
2008-08-17;0;7,9;57;21;12,86;10,5;80;2;
2008-08-18;,3;0;0;11,3;9,76;8,1;96;2;
2008-08-19;,5;0;0;14,5;12,32;9,2;100;1,5;
2008-08-20;0;0;8;17,6;15,46;13,7;99;1;
2008-08-21;,1;4,2;14;16,2;12,46;10,9;61;2;
2008-08-22;,2;7,6;0;15,3;9,16;4,3;89;2;
2008-08-23;,3;1,6;0;13,3;10,04;2,7;92;1;
2008-08-24;,4;10,2;7,1;20;13,5;10,3;85;1;
2008-08-25;,5;10,4;0;21,2;13,98;9,7;77;1;
2008-08-26;,7;10,7;0;22,4;16,02;10,5;60;1;
2008-08-27;1,5;9,8;0;28,3;19,36;10,1;73;1;
2008-08-28;3,1;0;5,2;22,6;13,34;9,7;99;1,5;
2008-08-29;,3;10,4;10,8;17,4;10,26;3,5;79;1,5;
2008-08-30;2,1;9,9;0;18,4;13,46;9,7;67;1;
2008-08-31;3,3;9,1;0;21,2;14,62;9,7;83;1;
2008-09-01;3,1;6;0;24,2;17,42;12,7;69;1,5;
2008-09-02;2,3;2,5;0;28,1;20,84;12,1;69;3;
2008-09-03;3,4;5,8;0;23,4;13,38;10,3;77;4,5;
2008-09-04;3,3;0;0;11,3;8,64;5,9;82;2,5;
2008-09-05;1,7;0;2,4;9,3;4,38;2,3;88;2;
2008-09-06;,1;0;20;6,3;3,56;1,7;100;1,5;
2008-09-07;,2;,3;5;11,3;7,1;2,2;92;1,5;
2008-09-08;1,1;8,4;0;15,7;9,52;1,7;87;1;
2008-09-09;,9;8,2;0;23,2;13,46;6,3;85;1;
2008-09-10;1,2;1,2;0;18,6;13,74;9,3;99;1;
2008-09-11;,3;1,1;22,5;15,8;13,82;11,3;91;1,5;
2008-09-12;,9;6,1;0;15,4;10,52;8,7;83;2,5;
2008-09-13;1,3;10,4;0;16,2;10,38;3,7;82;1,5;
2008-09-14;2,5;10,5;0;19,2;11,38;8,7;78;1;
2008-09-15;2,5;8,9;0;17;9,5;5,7;93;1;
2008-09-16;3,4;7,1;0;16,6;10,74;7,7;90;1;
2008-09-17;1,3;10,5;0;18,6;11,5;4,7;77;2;
2008-09-18;1,4;10,3;0;21,8;13,06;6,5;78;2;
2008-09-19;1,9;10,1;0;22,2;14,38;7,7;76;1;
2008-09-20;3,5;1,3;0;20,2;13,94;9,7;85;1;
2008-09-21;1,7;5,2;0;15,8;10,58;4,7;87;1,5;
2008-09-22;1,5;4,4;0;20,4;14,42;10,9;88;1;
2008-09-23;1,7;8,4;0;21;13,1;7,7;87;1,5;
2008-09-24;2;9,4;0;22;14,38;6,7;79;1;
2008-09-25;1,6;8;0;24,2;16,58;9,7;75;1;
2008-09-26;2,7;10,1;0;25,2;17,22;11,1;75;1;
2008-09-27;2,5;8,3;0;25,4;18,14;15,8;76;1,5;
2008-09-28;2,7;8,6;0;26,2;18,86;12,7;null;1;
2008-09-29;1,1;0;0;20,2;15,48;13,9;97;1;
2008-09-30;,4;3,1;41,6;22,4;17,14;13,7;93;1;
2008-10-01;1,1;2,9;0;23,1;18,5;14,9;90;1;
2008-10-02;1,3;9,7;2;20,3;15,88;13,9;75;1,5;
2008-10-03;1,8;10;0;25,3;19;11,9;67;1;
2008-10-04;1,5;4,7;0;21,7;16,2;13,9;84;1;
2008-10-05;1,9;11;0;21,1;15,56;12,7;86;1;
2008-10-06;2,3;11;0;22,5;15,04;7,9;80;1;
2008-10-07;4;11;0;21,3;13,62;10,7;67;2,5;
2008-10-08;1,7;9;0;18,1;10,92;2,3;79;1,5;
2008-10-09;3,1;10,7;0;24,3;15;5,9;75;1;
2008-10-10;4,7;9,5;0;27,2;17,86;9,7;72;1;
2008-10-11;3;8;0;29,2;21,54;15,9;84;1,5;
2008-10-12;4,4;,5;0;26,8;20,48;17,7;98;1;
2008-10-13;,8;,1;86,4;19,7;18,22;17,5;100;1;
2008-10-14;,2;0;35;20,3;17,9;16,6;99;1;
2008-10-15;,1;0;,2;18;16,06;14,7;100;1;
2008-10-16;,5;1,6;11,2;18,5;15,12;12,9;85;1,5;
2008-10-17;1;,3;0;18,3;14,02;11,1;88;1;
2008-10-18;2,2;10,4;0;21,1;15,36;9,9;58;1;
2008-10-19;1,9;10,7;0;21,7;16,8;10,1;83;1;
2008-10-20;1,8;11;0;29,8;21,5;13,7;79;1;
2008-10-21;1,9;9,5;0;32,3;24,96;17,9;69;3,5;
2008-10-22;3,2;,9;20,6;25,6;17,52;15,1;95;1,5;
2008-10-23;1;1,8;0;24,2;19,22;14,7;89;1;
2008-10-24;1,2;0;0;24,2;20;16,7;88;1;
2008-10-25;,6;0;6,8;20,4;18,02;16,5;100;1,5;
2008-10-26;,2;3,1;23,9;25,3;19,36;14,5;100;1;
2008-10-27;,8;10,3;2;19,2;16,1;14,5;83;1;
2008-10-28;1,2;10,6;0;26,3;18,96;12,3;61;1,5;
2008-10-29;2,3;4,6;0;26,7;19,12;15,5;62;1;
2008-10-30;1,6;12,3;0;24;17;12,5;55;1;
2008-10-31;3,8;11,6;0;23,8;17,18;11,5;56;1;
2008-11-01;1,3;0;0;20,4;16,7;13;93;1;
2008-11-02;1,6;9,1;0;25,3;18,26;15,9;85;1,5;
2008-11-03;2,4;9,5;0;27,1;20,6;15,3;60;1;
2008-11-04;2,1;11,1;0;29,7;22,4;15,7;54;1;
2008-11-05;3,1;11,7;0;32;24,74;17,7;60;,5;
2008-11-06;4,4;7,6;17,2;28,1;21,08;17,1;54;1;
2008-11-07;1,1;10,2;0;29,5;21,68;16,9;55;1;
2008-11-08;3,2;10,7;0;31,1;23,96;16,7;51;1;
2008-11-09;2,4;9,9;0;31,2;23,8;19,8;55;2;
2008-11-10;4,3;8,7;0;26,3;21,04;16,7;58;1,5;
2008-11-11;3,3;3,4;0;25,2;20,58;15,5;60;2;
2008-11-12;2,7;11,5;0;26,6;20,42;15,7;57;1;
2008-11-13;4,7;11,9;0;26,5;20,04;13,7;52;1;
2008-11-14;2,3;11,8;0;28,1;21;13,7;53;1;
2008-11-15;3,3;7,3;0;31,5;21,06;15,7;52;2,5;
2008-11-16;4,7;12,5;,6;19,2;13,38;6,7;50;2;
2008-11-17;3,2;12,1;0;25,2;17,78;13,9;62;1;
2008-11-18;3,3;12,6;0;27,5;19,96;12,5;43;1;
2008-11-19;4,6;12,2;0;26,2;18,22;11,5;49;1,5;
2008-11-20;4,6;9,7;0;25,2;18,3;11,3;60;1,5;
2008-11-21;4,4;12;0;29,1;20,74;12,2;50;2,5;
2008-11-22;3,5;12,4;0;30,1;21,28;13,7;52;1;
2008-11-23;3,2;12,6;0;33,4;23,8;15,2;47;1;
2008-11-24;3,9;10,3;0;34,3;25,76;17,7;51;1;
2008-11-25;4;9,3;0;35,1;27,46;20,8;54;1;
2008-11-26;3,8;7,2;4,8;35,5;26,84;20,6;59;1;
2008-11-27;2,4;6,1;4,2;34;25,88;21;62;1;
2008-11-28;2,8;10,7;0;36,5;27,62;20,4;51;1;
2008-11-29;3,3;1,3;0;30,7;24,9;22;66;1;
2008-11-30;1,7;3;2,2;30,2;23,52;21,4;74;1;
2008-12-01;1;8,2;36,8;25,2;20,18;16,7;62;2,5;
2008-12-02;1,7;2,7;0;24,2;16,6;13,7;72;1;
2008-12-03;2;10,1;10,8;20,8;15,46;8,7;60;1,5;
2008-12-04;2,3;10,7;0;22,5;17;11,3;56;1;
2008-12-05;2,4;11,9;0;25,7;18,28;10,9;56;1;
2008-12-06;4,2;12,4;0;27,3;20,44;12,7;68;1;
2008-12-07;3,6;12,4;0;32,2;25,18;19,1;58;1;
2008-12-08;4,7;12,9;0;37;28,62;20,3;45;1;
2008-12-09;5,3;1,7;0;30,1;24,9;21,6;64;1;
2008-12-10;3,8;5,8;2,2;29,1;22,36;18,7;71;2;
2008-12-11;,6;9,7;0;28,1;21,52;18,5;62;1,5;
2008-12-12;3,5;11,2;0;28,3;20,92;14,7;59;1;
2008-12-13;2,5;12,5;0;32,3;24,2;14,7;56;1;
2008-12-14;2,8;4,7;,2;30,1;21,82;18,1;67;1;
2008-12-15;2,6;9,4;0;30,2;22,22;16,9;64;1;
2008-12-16;3,2;12,4;0;31,2;24,08;18,3;56;1;
2008-12-17;3,9;12,6;0;32,1;24,7;16,2;54;1;
2008-12-18;3,8;12,5;0;32,2;24,6;17,4;46;1;
2008-12-19;4,7;10,4;0;33,1;24,68;16,3;50;1,5;
2008-12-20;3;12,5;0;36,3;27,2;17,9;43;,5;
2008-12-21;4,5;7,6;0;36,1;27,34;21,6;56;1;
2008-12-22;3,8;0;3;25,2;22,4;21,2;71;1;
2008-12-23;,6;1,7;2,8;28,9;22,82;20,2;72;1;
2008-12-24;,6;6;5,6;30,5;24,46;20,4;58;1;
2008-12-25;2,8;12;0;33,5;25,26;19,6;50;1,5;
2008-12-26;4;11,1;0;32,3;23,88;15,7;48;1;
2008-12-27;3,8;12,4;0;34,2;26,1;17,9;50;1;
2008-12-28;3,9;10,4;0;37,5;28,74;19,6;41;1,5;
2008-12-29;6,5;11,9;0;30,5;22,82;19,8;49;2,5;
2008-12-30;5,9;12,7;0;28,9;20,36;10,5;38;1;
2008-12-31;4,6;12,6;0;33,5;24,6;15,5;41;1;
2009-01-01;6,2;12,2;0;30,8;22,5;16,7;50;4;
2009-01-02;5,9;2,5;0;27,1;21,36;16,3;52;2,5;
2009-01-03;4,5;9,6;0;27,3;19,78;16,6;60;2;
2009-01-04;4,1;12,4;0;31,7;22,36;13,9;40;1;
2009-01-05;6,1;12,8;0;32,4;23,34;15,7;36;1;
2009-01-06;3,4;12,9;0;35,3;26,26;17,5;30;1;
2009-01-07;6,3;8,9;0;36,3;25,98;20,8;74;1,5;
2009-01-08;4,7;0;10,6;24,6;20,68;18,4;71;1;
2009-01-09;1;11,2;1,2;30,5;22,28;16,7;58;1,5;
2009-01-10;4,3;1,9;0;29,4;21,5;16,5;89;1;
2009-01-11;2,5;9,9;,4;33,9;25,88;18,7;61;1;
2009-01-12;3,9;8;0;34,3;25,88;18,5;57;1;
2009-01-13;3,9;4,8;0;29,7;22,82;20;71;1;
2009-01-14;2,4;12;0;34,4;25,68;19,8;54;1;
2009-01-15;4,7;10,5;0;33,7;24,64;17,7;43;1;
2009-01-16;5;11,8;0;34,1;25,96;18,7;42;1;
2009-01-17;4,6;12;0;38,3;28,78;20;36;,5;
2009-01-18;6,2;2,5;0;29,5;21,56;18,3;66;2,5;
2009-01-19;2,2;8,6;0;28,2;20,66;14,7;51;1,5;
2009-01-20;4,4;12,5;0;30,1;21,96;14,3;34;1;
2009-01-21;5,6;12,5;0;33;23,82;14,7;40;1;
2009-01-22;5,2;12,5;0;35,1;25,34;16,3;40;1;
2009-01-23;4,3;12,6;0;35,2;24,68;16,6;46;1;
2009-01-24;4,6;12,1;0;35,3;25,88;17,7;46;1;
2009-01-25;4,3;7,4;0;37,1;27,02;20,4;51;1,5;
2009-01-26;4,8;7,5;0;38,3;29,42;22,6;46;1;
2009-01-27;5,4;9,3;0;36,2;27,84;20,8;50;1,5;
2009-01-28;5,6;2;0;29,3;23,5;21,8;71;1;
2009-01-29;,9;8,2;40;28,1;23,12;20,3;70;1;
2009-01-30;1,9;2,8;2,4;25,6;20,9;18,7;73;1,5;
2009-01-31;1,1;10,6;14;31,4;24,72;19,6;55;1,5;
2009-02-01;4,4;6,5;1,2;30,1;22;18,5;54;1;
2009-02-02;3,3;7,2;1,4;32,5;24,84;18,7;60;1;
2009-02-03;2,5;2,7;,8;29,7;23,32;18,5;68;1;
2009-02-04;1,5;12;6,4;32,1;24,7;19,8;51;1;
2009-02-05;4,2;8,9;0;31,1;23,08;15,8;57;1,5;
2009-02-06;3,6;8,2;0;35;25,36;19,8;46;1;
2009-02-07;6,5;12,3;0;32,3;24,2;17,7;32;1;
2009-02-08;6,1;9,4;0;34,1;25,52;17,5;41;1;
2009-02-09;4,2;10,6;0;35,3;26,96;20,3;43;1;
2009-02-10;4,8;9,5;0;37,1;27,18;20,8;60;2;
2009-02-11;3,8;10,1;45,8;32,1;24,3;20,4;48;2;
2009-02-12;5,2;12,1;0;27,1;19,96;13,7;48;1;
2009-02-13;3,3;11,9;0;29,3;22;14,7;45;1;
2009-02-14;4,3;11,1;0;31,1;23,16;16,5;54;1;
2009-02-15;3,2;8,5;0;33;24,78;18,1;58;1;
2009-02-16;3,7;4,8;0;29,1;23,1;20,2;66;1;
2009-02-17;1,8;5,8;10,2;30,3;23,8;18,7;63;1;
2009-02-18;2,3;8,3;0;32,1;26,02;21;64;1;
2009-02-19;2,4;4,1;0;30,7;23,94;20,8;70;1,5;
2009-02-20;1,3;7,3;110,6;34;24,2;19,6;70;1,5;
2009-02-21;2,7;6,4;24,6;30,6;24,72;20,2;66;1;
2009-02-22;1,8;5,1;0;32,1;23,82;20,8;70;1;
2009-02-23;1,2;4,5;40;26,1;20,56;17,7;66;1,5;
2009-02-24;1,6;6,4;0;26,2;20,9;16,5;61;1;
2009-02-25;2,8;10,5;0;26,3;20,6;15,5;66;1;
2009-02-26;2;0;13,6;21;19,5;18,3;72;1;
2009-02-27;,4;6,4;1,4;27,3;22,24;18,5;65;1;
2009-02-28;1,6;9,3;0;29,3;22,6;16,7;66;1;
2009-03-01;1,3;5,2;0;33,1;26,42;21,6;62;1;
2009-03-02;1,9;6,5;18,6;31,1;24,42;20,6;67;1;
2009-03-03;1,5;9,7;1,8;31,3;25,22;20,6;65;1;
2009-03-04;1,2;,4;0;30,5;23,42;21;70;2,5;
2009-03-05;2;7,9;2,2;27,7;21,36;18,7;68;1,5;
2009-03-06;1,3;6,7;0;27,1;21,3;18,2;68;1;
2009-03-07;2;10,3;0;28,2;22,3;16,4;76;1;
2009-03-08;1,9;10,3;0;28,3;21,42;16;65;1,5;
2009-03-09;2,3;6,1;0;26,7;20,32;16,7;71;2;
2009-03-10;,8;1;5,2;25,2;20,74;17,3;72;2;
2009-03-11;1,6;3,7;21,8;27,3;21,26;19,2;71;1;
2009-03-12;1,2;10,8;4;28,9;22,4;18,7;67;1;
2009-03-13;1,8;10,5;0;28,8;21,42;17,5;63;1;
2009-03-14;2,9;10,4;0;31,1;23,92;18,1;56;1,5;
2009-03-15;3,7;9,7;3;24,4;17,22;14,9;55;2;
2009-03-16;3,1;10,3;0;25,1;17,86;10,8;59;1;
2009-03-17;1,9;8,8;13,6;27,1;18,48;14,7;54;1;
2009-03-18;4,3;10,5;0;26;18,38;12,7;54;1;
2009-03-19;2,4;7,6;0;26,2;19,9;13,5;68;1;
2009-03-20;1,4;9,3;0;29;21,9;17,5;67;1;
2009-03-21;1,4;9,5;0;27,8;21,26;17,7;63;1;
2009-03-22;2;9,7;0;28,6;21,92;17,4;61;1;
2009-03-23;1,8;5,5;0;29,3;21,92;18,5;66;1;
2009-03-24;1,6;6,3;0;26,9;20,76;17,7;60;1,5;
2009-03-25;2,6;7,6;0;27,1;20,44;15,7;66;2;
2009-03-26;1,7;9;0;29,5;21,72;16,5;68;1;
2009-03-27;1,3;10,5;0;31,3;23,3;19,4;55;1;
2009-03-28;4,3;10,7;0;31,1;23,36;18,3;49;1;
2009-03-29;2,6;10,8;0;33,3;23,8;17,7;51;1;
2009-03-30;3,4;10,6;0;34,6;25,76;21;48;1;
2009-03-31;3,9;5,8;0;32,1;23,14;19,4;56;2;
2009-04-01;3,1;10,2;0;24,6;17,26;14,5;50;2,5;
2009-04-02;2,5;10,6;0;25,4;17,34;10,7;58;1,5;
2009-04-03;2,3;5,7;0;31,1;20,48;14,7;68;1;
2009-04-04;2,6;2,4;3,6;26,2;19,42;16,7;70;1;
2009-04-05;1,1;9,7;8,2;26,2;19,18;14,7;62;1;
2009-04-06;1,6;6,5;0;29;20,3;14,9;68;1;
2009-04-07;,9;6;0;29,1;21,16;16,7;63;1;
2009-04-08;1,8;6,2;0;27,1;19,52;16,3;66;1;
2009-04-09;2,5;9,1;0;26,9;18,32;14,7;66;1;
2009-04-10;2,7;10,1;0;27,1;18,16;12,5;44;1;
2009-04-11;3,7;9,9;0;30,1;20,28;14,5;46;1,5;
2009-04-12;3,3;10,1;0;29,5;21,12;15,7;44;1;
2009-04-13;3,3;10;0;33,9;23,56;16,7;50;1;
2009-04-14;4,4;3,9;0;24;16,9;13,5;66;1;
2009-04-15;1,5;9,4;0;23,8;14,42;7,5;65;1;
2009-04-16;2,6;10,3;0;26,6;16,98;9,3;62;1;
2009-04-17;2,3;9,8;0;31,3;21,32;13,3;null;1,5;
2009-04-18;5,5;7;0;30,5;22,28;17,1;50;1,5;
2009-04-19;3,1;1,4;0;21,5;14,32;11,5;64;2;
2009-04-20;3,7;9,6;0;20,4;12,06;4,7;55;1;
2009-04-21;2,5;7,9;0;24,8;16,06;7,9;64;1;
2009-04-22;1,7;6,3;0;24;17,22;12,7;69;1;
2009-04-23;1,6;5;0;25,2;17,54;12,7;72;1;
2009-04-24;1,1;9,6;0;27,1;19,56;13,9;59;1,5;
2009-04-25;2;4,2;0;26,3;19,28;14,5;70;1;
2009-04-26;1,1;9;0;27,9;19,5;15;57;1;
2009-04-27;2,2;5,6;0;26,9;18,32;12,9;58;1;
2009-04-28;2,5;9,6;0;28,9;19,96;14,5;52;1;
2009-04-29;2,1;9,6;0;30,9;21,02;14,4;42;1;
2009-04-30;4,4;8,5;0;24,6;16,8;12,3;58;2;
2009-05-01;2,2;9,1;0;22,4;14,32;7,6;68,75;1;
2009-05-02;1,8;9,1;0;25,4;16,98;9,5;74,25;1;
2009-05-03;2,4;9,2;0;27,7;18;10,9;71,75;1;
2009-05-04;1,8;9;0;28,2;19,06;11,1;68,5;1;
2009-05-05;3,1;1,2;0;23,2;14,98;10,5;74,75;1,666667;
2009-05-06;1,8;9,7;1,2;23;13,78;7,1;67,75;1;
2009-05-07;2,3;9,6;0;24,2;15,18;9,5;68,5;1;
2009-05-08;3,4;6,3;0;24,4;16,34;11,7;67;1;
2009-05-09;1,9;7,4;0;24,8;15,14;9,1;79,5;1;
2009-05-10;1,7;9,1;0;28,1;18,16;10,9;72,25;1;
2009-05-11;3,3;8,6;0;32,1;23,88;15,3;66,25;2;
2009-05-12;2,4;0;22;26;18,7;16,5;100;1;
2009-05-13;0;,8;8,2;20,2;17,06;15,3;99,25;1,666667;
2009-05-14;,3;3,2;42,2;16;11,22;9,5;88;2,333333;
2009-05-15;1,4;8,1;0;15,6;9,14;4,5;78;,666667;
2009-05-16;1,2;5,7;0;16,5;9,52;4,5;70,25;1;
2009-05-17;1,7;8;0;23;13,42;5,1;72;1;
2009-05-18;2,3;,9;0;20,4;15,38;13,3;89;1;
2009-05-19;,5;2,2;13,6;17,6;13,74;9,7;94,25;1;
2009-05-20;,5;2,5;0;26;18,38;12,5;91,75;1;
2009-05-21;,9;8,3;0;28,9;21,76;17,7;76,75;2,333333;
2009-05-22;3,3;8,2;0;28,1;20,24;15,9;73,25;1,666667;
2009-05-23;2,9;7,8;0;27,9;20,08;14,7;76;1;
2009-05-24;2,5;3,5;0;25;18,86;14,9;84;1;
2009-05-25;1,1;0;0;20,2;17,58;14,7;96;1;
2009-05-26;,3;6,3;0;21;14,02;11,1;76,25;1,333333;
2009-05-27;2,2;5,2;0;15,9;9,24;4,9;83,5;1,333333;
2009-05-28;1,5;6,6;0;15,4;8,22;3,5;70,75;1,666667;
2009-05-29;1,9;1,5;0;14,3;9,52;4,3;88,5;1,333333;
2009-05-30;1,1;0;20,8;13;10,58;7,3;100;2,333333;
2009-05-31;,1;0;15,6;11,9;8,16;5,7;97,5;3;
2009-06-01;,3;6;,4;13,5;7,12;3,3;84;1,333333;
2009-06-02;,7;7,3;0;11,9;5,4;1,3;86,5;1,333333;
2009-06-03;1,2;8,1;0;12,4;5,78;,7;75,75;1,666667;
2009-06-04;2,6;7,7;0;16,2;9,1;3,3;68,75;2;
2009-06-05;3;8,1;0;18;9,02;3,9;78,25;1,666667;
2009-06-06;2,3;8,4;0;18,1;8,88;3,9;82,5;1;
2009-06-07;1,5;8;0;14,7;7,62;1,7;85;1;
2009-06-08;,7;,1;0;11,4;8,06;5,3;98;1;
2009-06-09;,2;6,2;0;13,8;7,78;5,1;92,5;1;
2009-06-10;,7;7,7;0;12,9;7,56;3,7;90;1;
2009-06-11;,5;8,1;0;15,3;8,24;4,7;87,5;1;
2009-06-12;1;7,6;0;14,6;8,42;2,9;86,25;1;
2009-06-13;,8;8,1;0;15,3;9,06;3,8;88;1,333333;
2009-06-14;,6;6,5;0;19;11,26;6,5;87,25;1;
2009-06-15;,9;4;0;19,2;13,06;7,3;82,25;1;
2009-06-16;1,1;4,3;2,6;16,3;10,64;8,1;89,5;2;
2009-06-17;,9;8;0;17,4;9,42;5,5;92;1;
2009-06-18;,7;5,2;0;18,4;10,54;4,5;91,75;1;
2009-06-19;,4;7;0;21,6;14,38;7,9;78,5;1;
2009-06-20;1,1;7,5;0;25,9;17,32;9,9;79,75;1,666667;
2009-06-21;1,6;4,1;0;23,6;18,02;15,5;85,75;3,333333;
2009-06-22;1,3;0;5,4;17;13,42;12,1;100;1;
2009-06-23;0;2,2;3,6;12,9;8,72;6,5;76,75;3;
2009-06-24;1,1;7,8;0;10,7;4,92;,7;86,25;1;
2009-06-25;1;8,2;0;13,6;6,54;1,5;73,75;1;
2009-06-26;1,8;2,1;0;11,6;5,9;1,7;81,25;1;
2009-06-27;1,4;7,9;0;14,3;6,8;1,5;81,5;1;
2009-06-28;1,6;0;0;13,5;10,88;4,9;97,25;1;
2009-06-29;,4;0;,2;19,2;13,18;9,7;94;4,333333;
2009-06-30;,6;8,2;10,2;16,2;9,2;5,6;72,75;3,333333;
2009-07-01;2,7;8,2;0;19,8;11,9;5,9;67;1;
2009-07-02;2,5;8,3;0;17,6;10,62;7,3;65,25;1;
2009-07-03;2,5;8,1;0;20,7;11,96;6,3;58;1;
2009-07-04;2,9;7,9;0;20,2;12,02;6,9;66,5;1;
2009-07-05;2;1,6;0;18,6;12,38;8,9;90,5;1;
2009-07-06;,7;6,2;0;24;14,7;9,7;89,25;2,333333;
2009-07-07;1,5;3,9;44,4;23,4;16,38;9,9;96,5;1;
2009-07-08;,3;0;,7;16,2;10,5;8,1;94,75;3,333333;
2009-07-09;,5;4,9;7,6;12,1;7,32;1,7;93,5;1;
2009-07-10;,5;1,3;0;14,1;9,88;8,3;91,75;1;
2009-07-11;1,3;4,4;0;9,9;5,8;4,1;88,25;1;
2009-07-12;,6;8,4;0;14,7;6,4;,1;80;1,666667;
2009-07-13;1,2;,6;0;13,5;9,36;5,5;84,5;2;
2009-07-14;3,5;8,3;0;12,5;5,88;3,5;84,5;1;
2009-07-15;1,6;,2;0;10,6;7,7;3,7;89,5;1;
2009-07-16;,4;7,9;0;15,5;7,96;4,5;90,75;1;
2009-07-17;,4;,2;0;12,9;8,6;3,9;95,75;1;
2009-07-18;,7;0;0;10,8;9,66;8,1;98,75;1;
2009-07-19;,6;5,1;0;17,5;11,64;7,9;86,5;2;
2009-07-20;1,3;7,4;,2;18,6;11,62;6,3;81,25;1,333333;
2009-07-21;1,7;,5;0;23,2;14,38;10,1;87,75;3,333333;
2009-07-22;1,4;9;13,2;13,7;7,04;3,9;76,75;3;
2009-07-23;2;8,3;0;8,6;1,86;-2,2;81,25;2,666667;
2009-07-24;2,2;8,1;0;8,5;1,7;-3,4;83;1;
2009-07-25;1;9,1;0;11;4,02;-1,1;73;1;
2009-07-26;2,6;10;0;25,7;9,28;-,7;67;1,009627;
2009-07-27;2,5;9,1;0;18,3;8,64;1,3;69;1;
2009-07-28;2,7;9;0;17,9;9,16;3,7;64;1;
2009-07-29;2,9;8,9;0;15,5;7,24;3,3;68,5;1;
2009-07-30;2,4;8,8;0;13,3;6,44;2,9;69,25;1;
2009-07-31;2,3;3,4;0;11,8;5,86;-,1;70,25;2;
2009-08-01;2,1;0;0;13,9;9,04;2,3;90,5;1;
2009-08-02;,8;,5;,3;12,2;10,1;9,3;98;2,666667;
2009-08-03;,3;3,3;1,8;14;9,9;7,9;95;1;
2009-08-04;,4;8,8;0;20,3;12,8;6,5;79;1,333333;
2009-08-05;1,8;5,6;0;26;16,94;11,3;83,5;2;
2009-08-06;2,9;9,4;4,4;19;11,86;8,9;66,25;1;
2009-08-07;3,3;5;0;15,6;10,3;4,5;75,25;1,666667;
2009-08-08;2,2;0;1,4;12,1;9,4;7,7;87,25;3;
2009-08-09;1,4;0;1,2;10,4;8,54;6,7;98;3;
2009-08-10;,3;9,1;13,3;18;11,34;6,3;72,25;1;
2009-08-11;2,3;9,3;0;18,1;10,96;5,1;77,75;1;
2009-08-12;2,2;9,2;0;22,2;13,86;6,3;81,25;2;
2009-08-13;1,6;9;0;24,5;16,48;8,9;70;1;
2009-08-14;4;8,4;0;28,9;20,52;13,1;68,25;1,666667;
2009-08-15;5,1;5,1;0;29,6;22,46;16,5;56,25;3;
2009-08-16;8,7;4,6;0;29;18,46;13,1;69,25;5;
2009-08-17;7,3;0;0;13,9;9,64;6,7;56,25;3;
2009-08-18;4,6;0;0;13,7;9,52;6,5;87;3,333333;
2009-08-19;,4;0;5,8;10,9;9,8;6,9;100;1;
2009-08-20;,4;2;16,4;10,7;8;5,9;91,25;3;
2009-08-21;1,2;7,7;,7;15,4;8,78;5,3;82,75;1;
2009-08-22;1,3;6,5;0;18,6;11,06;4,7;81;1;
2009-08-23;1,5;9,3;0;22,1;14,8;8,9;79;1;
2009-08-24;2;9,5;0;22,8;14,66;8,9;77,25;1;
2009-08-25;2;7,2;0;23;15,74;9,9;89;1;
2009-08-26;1,4;10;0;26;19,06;13,1;72,25;1;
2009-08-27;4,2;9,5;0;27,2;20,14;14,9;72,5;1;
2009-08-28;4,8;10,7;0;28;20,86;15,9;63;1;
2009-08-29;5;11,4;0;28,5;20,76;15,7;63,25;2,333333;
2009-08-30;5,6;10,4;0;31,1;22,2;15,5;62,25;2;
2009-08-31;8,3;9;0;31,8;22,5;17,5;69,75;3;
2009-09-01;6;0;35,4;20,6;17,26;15,5;99;1;
2009-09-02;,3;0;112,8;17,8;16,3;15,5;99;1,333333;
2009-09-03;,7;0;27,8;16,6;15,26;14,3;99,5;1,333333;
2009-09-04;,7;6,3;5;19,8;14,38;12,5;89,25;1,666667;
2009-09-05;1,2;9,5;0;20,1;13,16;9,5;87,75;1;
2009-09-06;2;5,1;0;21,7;15,42;9,2;89,25;1;
2009-09-07;1,2;3,8;0;22,6;16,46;12,9;93;2,666667;
2009-09-08;1,4;10,1;6,4;14,3;9,72;7,3;80,75;2,666667;
2009-09-09;2,2;7,3;0;14,5;8,04;4,3;79,75;1;
2009-09-10;2,1;8,9;0;15,4;8,74;3,5;79;2,333333;
2009-09-11;2,7;0;0;14,1;11,12;6,7;95,75;1,333333;
2009-09-12;,3;0;10,1;13,1;11,28;8,7;97,5;2,333333;
2009-09-13;,7;1,7;1,8;17,8;13,3;9,9;92,5;1;
2009-09-14;2;4,8;0;20,9;14,84;10,5;89;2;
2009-09-15;1,5;7,6;0;24,1;16,84;10,7;90,75;1;
2009-09-16;1,3;0;3,2;21,7;16,96;12,1;94;1,666667;
2009-09-17;1;0;7,8;17;14,9;12,1;100;2,666667;
2009-09-18;,1;6,4;46,4;16,6;13,1;10,9;91,25;2,666667;
2009-09-19;1,7;9;0;15,3;11,24;8,5;83,25;2,333333;
2009-09-20;2,3;11,1;0;20,1;13,32;9,1;76;1;
2009-09-21;3,1;11,2;0;21,3;14,48;9,5;77,5;1;
2009-09-22;2,1;9,3;0;25,6;16,4;10,3;77;1,333333;
2009-09-23;3,5;2,1;11,6;16,2;11,54;9,5;85,25;1,333333;
2009-09-24;1,5;7,2;,4;15,9;9,44;4,5;79,25;1,333333;
2009-09-25;,5;11,3;0;19,9;12,4;4,3;76,5;1,333333;
2009-09-26;4,2;9,7;0;25,4;18,42;10,3;81,25;1;
2009-09-27;2,4;0;0;21;16,38;13,9;96,75;2,666667;
2009-09-28;,6;6,8;,7;14,5;8,72;6,7;75;3,333333;
2009-09-29;1,8;10,5;0;13,3;8,2;2,5;71;2,333333;
2009-09-30;2,6;7,6;0;15,8;10,66;5,3;71,75;3;
2009-10-01;2,9;0;2,5;13,5;10,8;8,9;98;1;
2009-10-02;,4;11,5;4,3;19,8;12,58;6,9;80;1;
2009-10-03;2,5;11,4;0;21,5;14,8;8,5;81,75;1;
2009-10-04;1,5;9,5;0;26,2;18,42;9,1;86,25;1;
2009-10-05;2,8;0;0;29,6;22,54;18,1;92;3,666667;
2009-10-06;2,8;0;71;19,8;16,46;15,1;90,5;1,666667;
2009-10-07;1,4;11,1;0;18,2;12;7,1;71,5;2,333333;
2009-10-08;4,4;10,9;0;18,2;11,84;6,3;75,5;2,666667;
2009-10-09;3,3;11,2;0;20,6;14,1;6,5;71;2;
2009-10-10;3,2;9,7;0;26,2;17,86;9,7;83,25;2,333333;
2009-10-11;1,8;,5;12;19,2;15,94;14,3;96,75;1;
2009-10-12;1,5;11,4;16,9;21,9;14,76;9,1;74,75;1,666667;
2009-10-13;4,3;12;0;24,6;17,1;10,9;66,5;1,333333;
2009-10-14;3,7;4,3;0;22,4;15,86;11,9;79,5;3;
2009-10-15;3,1;10,6;0;18,3;11,62;8,1;65,25;2,333333;
2009-10-16;4,5;11,5;0;18,2;11,94;6,1;62,75;2;
2009-10-17;4,3;11,6;0;22,6;14,38;6,3;73,25;1;
2009-10-18;2,9;8,8;0;22,8;15,5;10,3;81;1,333333;
2009-10-19;3,7;10,4;0;26,1;17,7;10,3;78,5;1;
2009-10-20;3,6;11,1;0;27,2;20,46;13,7;51,25;1;
2009-10-21;3,6;1,4;0;25,3;17,84;14,3;86,5;1;
2009-10-22;3;9,4;0;26,7;17,9;12,5;82;1;
2009-10-23;5,8;10,6;0;30,1;21,28;13,3;82,5;1,333333;
2009-10-24;10,4;5,1;28,8;23;13,72;10,7;87;3;
2009-10-25;2,8;11,5;,4;23,6;16,18;8,1;84;1,666667;
2009-10-26;3,7;11,6;0;22,4;15,94;12,1;66,5;2;
2009-10-27;5,2;12;0;22,9;14,9;5,5;67;2;
2009-10-28;4,2;10,8;0;30,5;21,56;11,3;79;1;
2009-10-29;3,1;12,2;0;32,9;25,5;17,8;72,75;1;
2009-10-30;6,8;12,3;0;34,3;27,22;20,8;65,5;2,333333;
2009-10-31;7;10,4;0;31,9;25,94;21;78,5;1,666667;
2009-11-01;4,2;12;0;34,7;26,46;20;63,75;2,333333;
2009-11-02;5,4;8,8;0;35,5;26,56;17,9;58,75;1,666667;
2009-11-03;7;0;47,6;28,7;20,72;18,1;99,5;2;
2009-11-04;,4;,2;39,8;20,4;16,7;11,9;99,5;1;
2009-11-05;,8;0;59,6;22,2;20,66;18,3;97,75;1;
2009-11-06;,3;0;53,6;22,3;20,28;18,3;99;1;
2009-11-07;,2;0;6,7;22,1;17,12;14,1;93,75;3;
2009-11-08;1,3;1,1;2,5;15,4;11,04;7,1;81,5;1,333333;
2009-11-09;2,1;12,3;0;27,8;19,3;9,1;70,25;1;
2009-11-10;3,6;5,5;0;21,7;15,92;13,1;70,75;1,666667;
2009-11-11;5,2;10,3;0;25,3;18,12;10,3;81,5;2;
2009-11-12;2,2;8,8;0;29,1;21,56;15,1;81,75;1;
2009-11-13;2,3;,7;0;26,9;22,22;19,2;93,5;1;
2009-11-14;,6;,2;49,1;22,3;20,02;19;96,75;2;
2009-11-15;,7;0;1,9;20,2;18,52;17,5;98,75;1;
2009-11-16;,2;3,1;4,6;25,2;19,64;15,9;90;1;
2009-11-17;1,5;10,7;0;30,3;24,38;16,8;80,25;1,333333;
2009-11-18;8,3;3,1;70,4;26,7;21,08;17,9;88,25;2;
2009-11-19;2;4,5;15,2;28,1;23,56;19,6;74,25;3,333333;
2009-11-20;3,3;,2;14,8;21,6;18,18;15,1;86,5;2,333333;
2009-11-21;1,7;0;,6;19,4;17,66;15,7;99,5;1;
2009-11-22;,3;5,9;67,6;29,9;23,2;16,5;91,5;1;
2009-11-23;1,2;0;41,4;24,8;21;19,6;98,75;1,666667;
2009-11-24;,2;,3;24,8;26,8;21,88;17,9;93,5;1;
2009-11-25;,8;10,6;0;31,7;26,14;20,2;85,5;1,666667;
2009-11-26;2,2;2,7;2;29,6;23,24;20,8;88;1,333333;
2009-11-27;2,1;7,9;0;28,7;23,92;18,5;84,75;1;
2009-11-28;1,5;1,8;8,9;26,7;22,18;19;93,5;1,666667;
2009-11-29;1,1;11,2;0;31,8;23,48;19,6;80,25;2;
2009-11-30;2,6;0;29,7;24,8;20,22;18,1;79;1,666667;
2009-12-01;2,3;12,5;0;28,1;20,48;12,1;78;1,333333;
2009-12-02;2;5,5;41,6;24,4;18,7;15,9;92;2;
2009-12-03;1,2;12,5;1,8;26,5;19,58;14,5;59,75;2,333333;
2009-12-04;4,5;12,8;0;20,2;14,54;9,1;71,25;2,666667;
2009-12-05;2,2;11,6;0;27,6;19,54;9,5;74;1;
2009-12-06;2,2;3;9,4;24,2;19,02;16,3;80;2,333333;
2009-12-07;2,4;4,3;0;23;17,68;13,8;80,5;3;
2009-12-08;2,3;11;0;25,2;19,42;13,7;77,25;1,666667;
2009-12-09;2,2;10,3;0;27,5;21,42;14,7;78;1;
2009-12-10;2,1;9,8;0;29;23,1;16,5;76,5;1;
2009-12-11;2,2;0;18,4;24;21,6;20,4;93,75;1;
2009-12-12;,6;9,2;38,1;24;17,9;14,7;81,5;2,666667;
2009-12-13;2,2;11,8;1;23,7;17,24;11,5;73,25;1;
2009-12-14;2,3;9,2;0;26,7;19,92;12,3;70,25;1;
2009-12-15;3;12,8;0;28,9;22,64;16,1;63,75;1;
2009-12-16;3,8;6,1;0;28,3;21,92;16,1;73,75;2,666667;
2009-12-17;3,3;12,3;0;28,5;21,96;15,7;66,75;2,666667;
2009-12-18;3,4;10,4;0;32,1;24,12;15,5;73;,666667;
2009-12-19;2,4;11,3;0;33,9;26,86;19,2;66,5;2;
2009-12-20;4,7;0;20;27,9;23,06;19,6;91,25;1;
2009-12-21;,5;3,2;21,8;28,1;23,7;21,2;89;1,666667;
2009-12-22;1;6,2;0;28,6;24,8;21;84,75;1;
2009-12-23;1,9;,5;0;26,2;22,64;20;95,5;1;
2009-12-24;,4;,8;34,4;31,1;23,58;19,2;91,75;1;
2009-12-25;,9;6,9;1,4;30,9;24,62;20,6;86;1;
2009-12-26;1,7;2,4;0;30,3;24,06;21,2;96,75;2;
2009-12-27;1;8,4;31,1;30,9;24,1;20;82,5;1;
2009-12-28;2,2;7,5;0;31,9;24,78;19,4;81,75;1;
2009-12-29;2,3;,3;0;29,7;25,22;21,4;84,25;1;
2009-12-30;2,2;12,4;0;29,1;22,82;19,4;72,5;2,666667;
2009-12-31;2,2;11,8;0;27;22,72;20;69,25;2,333333;
2010-01-01;5,3;12,4;0;31,5;23,08;13,9;78,25;1,666667;
2010-01-02;2,8;12,3;0;31,9;25,14;20;71,25;1;
2010-01-03;4;12,4;0;32,5;26,06;19,2;70,25;1;
2010-01-04;3,5;2,5;3,8;28,5;23,86;19,8;93,25;1,666667;
2010-01-05;,9;3;87,2;26,2;23,76;21,4;93,75;1,666667;
2010-01-06;1,1;2,2;53,8;30,3;22,06;19,6;86;1,333333;
2010-01-07;1,5;11,9;2,1;24,9;18,86;12,4;64,75;3,666667;
2010-01-08;4,4;5,5;0;27,9;22,28;15,3;82,25;1,333333;
2010-01-09;2;2,2;0;29,3;24,62;20,6;87;1;
2010-01-10;2;7,9;14;30,1;23,58;20,8;85;1;
2010-01-11;2,2;9,8;0;31,9;25,22;19,4;83,75;1;
2010-01-12;1,8;,2;0;25,6;19,96;16,6;93,75;1,666667;
2010-01-13;1;12;27,7;28,3;20,4;13,7;74,25;1;
2010-01-14;3,3;12,2;0;27,5;21,2;15,3;65;1,333333;
2010-01-15;4,3;11;0;28,9;21,92;14,5;71,25;1,333333;
2010-01-16;3,1;5,8;0;28,1;20,92;16,5;83,5;1;
2010-01-17;1,7;11,9;0;33,1;24,2;16,7;73,5;1;
2010-01-18;4,3;6,4;0;32,5;25,24;19,8;79,25;1;
2010-01-19;2,5;3,9;13,2;27,1;22,54;20;86,25;2,333333;
2010-01-20;2,2;12;2,3;28,7;21,92;16,5;68,75;1,333333;
2010-01-21;4,4;12,3;0;29,5;22,2;14,3;61;1;
2010-01-22;4,7;12,2;0;29,4;21,9;15,7;72,5;1,333333;
2010-01-23;2,4;12,1;0;29,9;22,64;15,1;73,75;1,666667;
2010-01-24;5,4;9,9;0;31,7;24,72;17,3;79;1;
2010-01-25;2,5;10,7;0;31,9;25,1;19,8;74,75;1,333333;
2010-01-26;3,4;9,9;0;31,5;24,58;19,6;76,25;1;
2010-01-27;3,4;10,6;0;31,5;24,34;19,2;78,25;1;
2010-01-28;2,8;7,6;0;30,9;24,1;19,6;77,75;1;
2010-01-29;2,8;11,6;0;33,1;25,4;18,1;72,25;1;
2010-01-30;3,8;11,4;0;36,5;28,5;21;63,25;1;
2010-01-31;5,3;1,6;0;33,9;26,18;23,2;78;1,666667;
2010-02-01;2,7;1,5;0;32,4;25,62;22,2;82,75;2,333333;
2010-02-02;3,1;4,3;33,8;33,1;26,7;20,8;79,75;1,333333;
2010-02-03;5,2;12,3;0;34,6;29,2;26;67,25;4;
2010-02-04;8,5;,2;20,6;28,3;21,94;19;96;2;
2010-02-05;,5;1,6;21,4;27,4;23,36;20,6;93,5;1,666667;
2010-02-06;1;4,8;6,3;26,5;22,46;20,4;89,75;1,666667;
2010-02-07;1,4;12;10,8;34,7;28,06;20,2;72,75;2;
2010-02-08;4,4;3,3;30,4;29,3;22,66;20,4;90,25;1;
2010-02-09;1,9;12,1;0;30,9;23,46;19,2;71;1;
2010-02-10;3,9;12,1;0;32,2;24,2;18,4;69,75;1;
2010-02-11;3,6;11,2;0;31,7;24,88;19,4;80,5;1;
2010-02-12;3,1;10,5;0;32,5;25,62;21,8;81,5;1;
2010-02-13;3;11,9;0;32,7;26,78;22,2;77,75;2,666667;
2010-02-14;4,1;5,8;6,6;29,7;23,5;19,8;93,25;1;
2010-02-15;1,2;5,4;34;28,9;23,3;20;87;1;
2010-02-16;1,8;2,1;37,3;21,9;17,54;14,8;89,5;4,333333;
2010-02-17;1,5;3,1;0;25,5;20,82;16;78,75;2,666667;
2010-02-18;2,2;12;0;31,1;23,66;16,8;85,5;1,666667;
2010-02-19;2,1;11,5;0;31,9;25,3;17;81;1;
2010-02-20;3,2;0;0;26,9;23,88;22,2;96,5;1;
2010-02-21;,5;0;2,3;28,5;24,66;22,8;96;1;
2010-02-22;,5;3,4;34,8;26,1;24,34;22;93,75;1;
2010-02-23;,8;2,3;2,4;27,4;22,24;20;88,75;1;
2010-02-24;2,3;11,5;0;24,3;17,5;13,4;62,75;2,666667;
2010-02-25;5,1;11,9;0;22,9;16,26;10,4;78,25;1,333333;
2010-02-26;2,9;10,3;0;25,3;18,34;11,4;75,75;1;
2010-02-27;3,1;10,2;0;26,6;20,28;15;80;1;
2010-02-28;1,9;10,2;0;26,9;21,18;18;77,75;1,666667;
2010-03-01;4,1;10,8;0;30,1;22,22;16,6;82;1;
2010-03-02;2,8;7,9;0;31,5;23,42;17,2;83,25;1;
2010-03-03;2,9;3,6;0;29,9;24,1;19,2;80,25;,666667;
2010-03-04;3,5;8,9;0;31,3;23,72;19,9;88;1;
2010-03-05;2;11,7;7,6;32;24,58;19;75,75;1;
2010-03-06;3,4;11;0;31,5;24,18;19,8;76,75;1;
2010-03-07;3,6;11,7;0;30,4;23,04;17,8;75,75;1;
2010-03-08;2,5;5,1;0;28,5;22,38;17,8;86,75;1;
2010-03-09;1,5;6,6;,4;27,1;22,46;19,6;83,5;1,333333;
2010-03-10;1,8;8,3;0;30,7;23,5;18,4;84,5;1;
2010-03-11;2,2;10,9;0;30,5;22,94;19,4;75,75;1;
2010-03-12;2,9;7,6;0;26,5;20,42;15,4;79,5;1;
2010-03-13;2,4;,3;,4;23,5;19,5;16,8;79,25;1,333333;
2010-03-14;1,9;7,8;0;28,9;21,5;16,6;82;1;
2010-03-15;3,2;11,3;0;25,5;17,86;13,2;65,25;1,333333;
2010-03-16;4,7;11,4;0;27,9;20,3;14,8;62;1;
2010-03-17;4,1;10,9;0;31,3;22,54;13;73,75;1;
2010-03-18;3,2;1;0;29,3;24,22;18,8;85,25;1;
2010-03-19;2,6;0;0;26,1;22,26;20,6;90;1;
2010-03-20;1,2;9,3;1,5;27,3;22,1;19,2;88,75;1,333333;
2010-03-21;1,5;8,6;0;30,7;21,62;17,8;87;1,333333;
2010-03-22;3,7;8,7;48;26,9;19,7;16;80,25;1;
2010-03-23;2,7;8,3;0;27,5;19,3;13,8;74,25;1;
2010-03-24;3,6;11;0;27,9;20,46;13,6;62,5;2,666667;
2010-03-25;5,1;9,3;0;26,5;20,74;16,4;74,5;2;
2010-03-26;3,6;3,7;0;26,3;20,66;16,2;88,5;2;
2010-03-27;1,5;5,5;0;27,7;22,7;19,2;83,5;2;
2010-03-28;3;4,9;,6;24,7;20,86;18;91,25;1;
2010-03-29;,8;10,8;,4;27,5;20,94;17;82,25;1;
2010-03-30;1,8;10,5;0;28,4;21,24;16,2;77,75;1;
2010-03-31;3,1;10,3;0;29,4;21,32;15,4;77,5;1;
2010-04-01;3;10,5;0;31,9;23,18;16;72,5;1;
2010-04-02;4,4;10,2;0;31,7;23,58;19,4;82;1;
2010-04-03;2,2;0;26,4;21,3;18,14;16,6;94;3,333333;
2010-04-04;1,3;10,7;0;20,1;13,94;9,8;73;3,666667;
2010-04-05;2,9;7,7;0;21,3;13,54;9;80;1,666667;
2010-04-06;2,1;10,7;0;22,3;15,06;10;79,5;1;
2010-04-07;2,6;10,4;0;21,9;15,7;10;75,75;1,333333;
2010-04-08;2,4;7,4;0;22,9;16,02;11,8;81,5;1;
2010-04-09;2;10,3;0;25,1;16,82;11,6;78;1;
2010-04-10;2,2;10,4;0;25,9;17,62;11,2;73,25;1;
2010-04-11;1,6;10,5;0;27,3;18,94;12,4;70,5;1;
2010-04-12;4,9;10,2;0;26,7;20,02;14,8;72,5;1;
2010-04-13;4,1;9,6;0;28,7;22,18;16,2;66;1;
2010-04-14;4,7;5,4;0;27,7;18,22;14,4;79,25;1,666667;
2010-04-15;3,9;5;2;16,3;11,9;9,8;88,5;1,666667;
2010-04-16;1,9;10,1;0;23,4;15,48;8,6;69,5;1;
2010-04-17;3,2;3,7;0;26,7;19,68;12,1;73,5;1;
2010-04-18;2,2;8,6;0;31,7;23,78;17,8;69;2,666667;
2010-04-19;8,1;4,3;3,6;25,9;20,18;18;93,25;1;
2010-04-20;,9;0;93,6;24,1;20,06;18;94,75;1;
2010-04-21;,5;4,8;2,8;24,7;19,38;17;89,75;1,333333;
2010-04-22;,6;1,6;2,8;19,1;15,34;13,6;92;1,666667;
2010-04-23;1,4;9,8;,8;17,7;11,54;8,6;65,75;2,333333;
2010-04-24;3;6,1;0;20,9;13,78;5,2;83,25;1,333333;
2010-04-25;1,4;1,6;0;21,3;16,86;14;93;1;
2010-04-26;,7;1,5;0;19,9;15,1;13,4;90,75;1,333333;
2010-04-27;1,1;9,5;0;21,1;13,1;8;77,75;1;
2010-04-28;2,3;9,5;0;22,3;13,62;7,8;73,75;1;
2010-04-29;2,9;9,5;0;22,5;14,7;10,8;73,25;1;
2010-04-30;3;9,7;0;23,3;16,06;10,6;59;1;
2010-05-01;4,6;9,4;0;24,1;16,66;11,2;56,75;1,333333;
2010-05-02;5,9;5,8;0;25,1;17,42;12,6;60,5;1;
2010-05-03;3,2;0;0;18,9;16,5;13,4;92;1;
2010-05-04;,8;3,3;8,4;20;15,6;13,6;94,5;1,666667;
2010-05-05;,6;9,6;0;22,9;15,98;12,2;88,5;1;
2010-05-06;1,1;9;0;24,5;16,76;12;80,25;1,333333;
2010-05-07;2,3;0;0;16,1;11,3;9,2;85,5;1,666667;
2010-05-08;1,5;9,8;0;16,7;9,82;5,2;72,5;1;
2010-05-09;2,2;9,8;0;18,3;10,94;5,8;74,5;1;
2010-05-10;1,1;9,2;0;18,1;11,3;7,4;76;1;
2010-05-11;3;3,3;0;17,9;12,54;9;86;1,666667;
2010-05-12;,8;5,4;0;19,5;13,94;10,2;86,5;1;
2010-05-13;1,1;7,9;0;21,9;14,18;10,6;86,5;1;
2010-05-14;1;5,6;0;23,1;15,54;10;86,5;1,333333;
2010-05-15;1,4;6,6;0;24,1;17,26;13;83,75;1;
2010-05-16;2;1,5;0;17,5;11,74;10;80,25;2,666667;
2010-05-17;2,4;,3;0;16,1;11,26;6,2;89;3,666667;
2010-05-18;,8;0;18,6;15,9;13,86;13,2;100;1;
2010-05-19;,8;,4;35;16,5;13,64;11;97,5;1;
2010-05-20;,2;1,9;1;21,1;17,3;14,2;93,5;1;
2010-05-21;,6;2,7;0;22,7;17,66;14,6;92;1;
2010-05-22;,6;3,1;0;23,1;18,06;15,4;85,75;1,333333;
2010-05-23;1;,5;0;21,2;17,84;15,6;91,25;1;
2010-05-24;,2;0;15,8;17,9;15,94;15;98,25;1;
2010-05-25;,3;1;35,8;15,2;12,4;11,2;97;1,333333;
2010-05-26;,4;4;0;14,1;11,3;9;95,75;1;
2010-05-27;,4;3,4;0;19,7;15,26;10;92,75;2;
2010-05-28;0;0;,8;17,9;16,1;14,8;96;1;
2010-05-29;,2;0;5,8;17,1;15,22;13,6;97,5;1;
2010-05-30;0;1,4;11,4;15,8;12,36;10,8;88,25;3,333333;
2010-05-31;2;6,9;,8;13;8,36;6,6;83,25;1,666667;
2010-06-01;,6;7,3;0;16,1;9,54;5,2;84;1;
2010-06-02;1,2;4,7;0;18,7;11,78;7,2;90,5;1;
2010-06-03;,6;7,4;0;20,7;14,02;8,6;86,75;1;
2010-06-04;1;7,2;0;20,6;14,44;12,6;85;1,333333;
2010-06-05;1,4;8,4;0;18,7;10,62;6,8;76,25;1,666667;
2010-06-06;2,6;8,4;0;18,9;12,22;7,8;68;1,333333;
2010-06-07;3,4;8,5;0;20,1;12,58;8,2;78;1;
2010-06-08;1,7;8,2;0;17,1;9,86;6,6;76,25;2;
2010-06-09;1,8;8,1;0;12,8;7,28;4;69,5;2,666667;
2010-06-10;2,1;3,3;0;13;8,28;3,6;91,25;1,666667;
2010-06-11;,7;7,1;0;18,1;11,42;7,2;83,75;2,333333;
2010-06-12;1,4;,6;0;15,5;12,06;9,6;92;1;
2010-06-13;,6;3;13,9;17,7;13,86;11;89,5;1;
2010-06-14;,8;,8;0;20,3;15,7;11,2;75,5;1,333333;
2010-06-15;1,9;7,6;0;22,1;16,94;13,4;80,75;1;
2010-06-16;1,4;0;3,2;16,9;14,22;13,4;99,5;2,666667;
2010-06-17;,1;0;3,6;14,3;13,26;12;91,75;2;
2010-06-18;,6;0;0;16,6;14,68;11;99;1;
2010-06-19;,2;2,7;2;16,7;11,78;8,8;93,75;1;
2010-06-20;1,1;5,5;0;15,3;9,3;5,4;71,25;1;
2010-06-21;,2;8,1;0;14,3;8,32;5,1;74,5;1;
2010-06-22;3;8,3;0;17,4;9,06;3,1;58,5;1;
2010-06-23;2,8;6,1;0;20,3;12,94;5,8;63,75;2;
2010-06-24;3,7;1,2;0;21,3;16,74;14,6;86,5;1,666667;
2010-06-25;2;1,5;0;14,9;10,62;8,6;73,75;4;
2010-06-26;1,6;0;2,8;14,7;12,58;9,4;99,5;1;
2010-06-27;,6;,5;,8;17,3;13,74;11,4;96,25;1;
2010-06-28;,3;4,8;7,4;15;10;8,6;89,5;1;
2010-06-29;,7;0;0;13,8;10,88;6,4;96;1;
2010-06-30;,2;,8;0;17,7;14,54;12;98,5;,666667;
2010-07-01;,1;4,6;0;24,1;17,46;13,8;90,75;1,666667;
2010-07-02;,7;7,8;0;26,1;18,5;14,6;82,5;1;
2010-07-03;2,1;8,3;0;27,5;19,14;14,8;75;1,333333;
2010-07-04;2,9;8,3;0;26,5;18,66;13,6;79,5;1;
2010-07-05;2,8;8,2;0;26,7;18,58;13,4;74,75;1,333333;
2010-07-06;3,1;3,9;0;25,1;19,58;16;70,75;2;
2010-07-07;4,5;2;0;22,1;16,2;12,6;82,75;3,666667;
2010-07-08;1,8;8;0;15,1;9,1;4,6;71,5;,666667;
2010-07-09;1,8;5,2;1,6;18,5;11,14;7,4;87;1;
2010-07-10;,9;8,5;0;15,7;10,46;5,4;86,25;1;
2010-07-11;1;,9;0;18;14,88;10;97,5;1;
2010-07-12;1;2,2;80,4;17,4;7,88;5;80,25;1,666667;
2010-07-13;1,1;8,8;0;11,4;4,14;-,1;63;1,333333;
2010-07-14;1,4;8,8;0;12;4,58;-,3;72,5;1;
2010-07-15;1,7;8,1;0;12,5;4,44;,7;81;1;
2010-07-16;2,3;7,8;0;9,1;3;-1,1;73,5;1;
2010-07-17;2,2;0;0;8,1;5,72;2,1;100;1,666667;
2010-07-18;,1;0;35,1;12,8;11,08;7,4;100;1;
2010-07-19;,2;0;39,5;11,6;6,72;5;91;2;
2010-07-20;,4;8,8;0;13,8;7,68;5;80;1;
2010-07-21;1,1;0;8;8,7;7,7;7,4;95,5;1;
2010-07-22;2,2;4,9;10;10,6;5,7;4,3;91,75;1;
2010-07-23;,7;8,9;0;12,6;6,44;2,2;73;1;
2010-07-24;1,5;3,1;0;12;8,72;2,4;91,5;1;
2010-07-25;,8;1,1;88,9;13,8;8,8;6,4;92;2,666667;
2010-07-26;,8;8,4;7,8;15,2;8,26;2,1;69;1,666667;
2010-07-27;1,9;9,1;0;17,3;9,78;5,6;62,75;1,666667;
2010-07-28;1,3;8,1;0;20,3;13,64;7,9;62;1;
2010-07-29;2,2;3,5;0;17,1;12,26;7,4;82;1;
2010-07-30;2,4;2,4;0;24,3;17,74;11,4;75;2,333333;
2010-07-31;1,6;7;24;19,7;10,42;7,2;74,5;2,666667;
2010-08-01;5,8;7,6;0;15,6;6,82;3,1;62,75;1,666667;
2010-08-02;3,6;9,5;0;10,2;3,48;-,2;78,25;1;
2010-08-03;1,4;8,7;0;9,9;2,96;-1,1;73;1,666667;
2010-08-04;1,2;6,6;0;9,5;3,28;-2,1;87,75;2,333333;
2010-08-05;1,3;3,7;0;12,4;6,82;2,3;87,25;1;
2010-08-06;1,9;8,5;0;14,9;8,02;3,2;81,25;1;
2010-08-07;1,8;5,5;0;15,7;9,62;5,6;84;1;
2010-08-08;2;3,4;0;12,6;8,08;6;83,5;1,666667;
2010-08-09;1,2;9,1;0;15,7;8,58;4,4;63,5;1,333333;
2010-08-10;1,7;9,2;0;16;8,88;4;59,25;1,666667;
2010-08-11;2,4;5,2;0;18,3;12,22;3,4;76,75;1,666667;
2010-08-12;,8;0;1;19,3;13,82;11,4;93,25;2;
2010-08-13;,3;1,1;4,6;11,6;7,32;6;89,5;2,666667;
2010-08-14;2,3;6,5;0;10,8;5,64;3,6;78;1,333333;
2010-08-15;1,8;5;0;11,2;6,44;3;85,75;1;
2010-08-16;,8;7;0;18,1;11,3;5,6;80;2,333333;
2010-08-17;2,4;9;0;21,3;13,7;7,8;71,5;1;
2010-08-18;2,8;9;0;24,5;16,7;10,8;65;1,333333;
2010-08-19;2,4;,2;0;25,1;16,34;13,2;89,5;1;
2010-08-20;,8;9,8;5,6;19,3;12,38;7,2;55,25;1;
2010-08-21;3,4;6,8;0;22,7;15,42;9,4;71,5;1;
2010-08-22;2,6;2,5;0;28,3;20,42;12;54;2;
2010-08-23;3,2;,4;0;28,7;21,54;15,8;51,25;3;
2010-08-24;3,3;0;0;22,3;15,06;13;88;2,666667;
2010-08-25;,4;0;0;13,2;11,24;8,8;96,75;1,333333;
2010-08-26;,6;0;0;16,8;14,08;11;89,5;1;
2010-08-27;,8;0;0;17,9;15,7;13,4;91,25;1;
2010-08-28;,4;,4;,8;25;18,36;14,4;88;1;
2010-08-29;1,3;0;31,2;20,3;14,9;12,2;84,75;2;
2010-08-30;,7;0;0;13,8;11,36;6,8;93,25;1,666667;
2010-08-31;,4;1,2;10,1;26,4;18,44;13;81,25;1,333333;
2010-09-01;1,4;0;13,4;19,6;17,2;16;95,75;1;
2010-09-02;,6;0;49,9;17,6;15,52;13,6;98,75;1;
2010-09-03;,3;0;35,7;17,4;11,68;8;100;1,666667;
2010-09-04;0;,6;19,4;11;8,68;5,8;99,5;2,333333;
2010-09-05;,2;10,4;1;20,7;13,5;6;71;1,333333;
2010-09-06;1,3;10,5;0;20,5;13,26;8;71;1;
2010-09-07;2,3;10,7;0;21,2;13,76;8;65;1,666667;
2010-09-08;1,6;6;0;18,2;13,84;8;83;1;
2010-09-09;2,5;9,8;0;24,9;17,1;10;79,75;1,333333;
2010-09-10;2,2;8,8;0;26,1;17,54;11;75;1;
2010-09-11;1,6;0;17,4;18,6;15,84;15;95;1;
2010-09-12;,8;0;4,4;16;10,92;7;98,5;1;
2010-09-13;,3;0;14,4;18,1;14,7;11;98;1;
2010-09-14;,7;4,6;27;15,5;10,74;9,4;83;4;
2010-09-15;1,2;9,7;0;19,4;12,08;7;63;1;
2010-09-16;2,8;8;0;21,7;14,26;8,4;70;1;
2010-09-17;1,8;11;0;18,9;12,3;7,6;65,25;1;
2010-09-18;1,7;10,8;0;17,5;9,78;3,6;64,5;1;
2010-09-19;2,5;11,2;0;22,5;13,62;5,8;73;1;
2010-09-20;2,1;8,8;0;25,4;16,28;10,6;73;1;
2010-09-21;1,7;0;0;23;16,52;12,2;89;1;
2010-09-22;1,5;8;0;23,1;17,34;12,4;90,25;1;
2010-09-23;2,1;0;0;18;15,28;13,6;94,25;1,666667;
2010-09-24;,9;4,8;0;20,5;15,7;11,8;79,25;1,666667;
2010-09-25;2,7;10,3;0;22,3;15,74;11;78,25;1;
2010-09-26;2,3;10,4;0;22,2;15,72;10,4;78;2;
2010-09-27;4,4;0;0;19,3;16,14;12,8;85;2;
2010-09-28;1,6;8,5;0;24,1;18,5;14;74;1;
2010-09-29;3,3;9,6;0;19,5;13,66;8,4;77,5;2;
2010-09-30;2,6;11,2;0;22,1;13,82;7;67,25;1,666667;
2010-10-01;1,4;11;0;20,1;12,06;6,8;73,25;1,333333;
2010-10-02;1,1;10,8;0;18,1;11,54;7,4;63;2;
2010-10-03;4,1;7,4;0;20,4;13,56;7,6;57;1;
2010-10-04;2,9;11,1;0;22,5;14,78;7,4;63,25;1;
2010-10-05;4,4;11,7;0;25,5;16,78;11;69,5;1;
2010-10-06;4,8;9,8;0;25,7;18,98;14,6;72,75;1;
2010-10-07;5,2;3,6;1;17,7;14,58;13,2;87,25;1,666667;
2010-10-08;1,6;3,6;3,8;19,7;13,78;10,8;80;1;
2010-10-09;2,3;8,1;0;22,3;15,46;11,2;75,5;1;
2010-10-10;2,7;10,2;0;21,5;15,9;13,4;65,25;2,333333;
2010-10-11;2,3;11,3;0;22,3;14,78;6,4;62;2,333333;
2010-10-12;2,1;11,3;0;24,3;15,62;7;57,5;2,333333;
2010-10-13;3,4;8;0;23,5;17,06;7,6;60,5;1;
2010-10-14;3,7;1,1;12,6;22,1;16,98;14;94,25;1;
2010-10-15;1,1;6,1;0;23,9;18,54;15,8;84,25;1;
2010-10-16;1,6;3,3;0;22,1;15,94;13;79;1,666667;
2010-10-17;2,6;8,9;0;21,3;14,66;9,6;64;1,333333;
2010-10-18;3,8;12;0;23,7;15,62;8,2;60,5;1;
2010-10-19;4,2;12,3;0;25;17,84;11,2;64,5;1;
2010-10-20;3,7;12,1;0;27,6;19,72;11,2;49,5;1;
2010-10-21;5,8;12;0;29,9;21,26;13,2;60,5;1,333333;
2010-10-22;5,1;4,6;0;27,1;20,26;16;73,75;2;
2010-10-23;3,8;8,9;0;23,7;16,42;11,2;73,75;1;
2010-10-24;1,2;3,5;0;22,3;15,58;10,4;80,75;1;
2010-10-25;3,9;11,9;0;23,7;15,86;10,4;67;1;
2010-10-26;5,4;12,4;0;23,1;15,54;9,4;56,75;1;
2010-10-27;6,3;10,3;0;23,3;15,98;9,8;69,5;1;
2010-10-28;3,6;12,4;0;24,9;18,14;10,6;58,25;1;
2010-10-29;4,6;0;0;19,3;15,42;10,8;89,5;1;
2010-10-30;2,2;11,8;2;25,1;15,9;12,6;50,75;2,666667;
2010-10-31;9,2;12,3;0;26,5;17,18;8,8;48;4;
2010-11-01;7,2;12,2;0;26,3;17,74;9,6;53,25;1;
2010-11-02;8,2;11,7;0;29,3;21,22;13,2;48,75;1,333333;
2010-11-03;5,3;12,5;0;31,5;21,98;13,2;51;1;
2010-11-04;7,8;8,6;0;31,7;23,66;17,6;55;2;
2010-11-05;5,5;6,4;0;25,7;18,46;12,6;63;1;
2010-11-06;4,7;12,4;0;27,9;20,22;13;52;1;
2010-11-07;7;12,4;0;32,7;23,14;13,6;42,5;2;
2010-11-08;10,7;12,5;0;34,1;26,9;17,8;37,5;2,333333;
2010-11-09;9,5;,5;24;27,5;13,5;9,4;94,5;2,666667;
2010-11-10;1;12,3;4,8;22,1;14,38;6,6;62;1;
2010-11-11;4,2;12;0;22,5;14,02;6,4;66,25;1;
2010-11-12;3,4;12,1;0;22,1;14,86;7,6;60,75;1,333333;
2010-11-13;4,2;12,2;0;25,3;17,26;8,8;61,5;2,333333;
2010-11-14;4,2;10;0;25,9;18,54;11,2;69,5;1,333333;
2010-11-15;3,5;8,1;0;26,1;18,14;14;78,25;2,333333;
2010-11-16;3;9,8;0;25,9;18,74;13,8;67;1;
2010-11-17;3,9;10,1;0;26,7;18,86;12,6;61,25;1,333333;
2010-11-18;4,5;12;0;27,6;19,32;12,4;57,25;1;
2010-11-19;4,7;1,6;0;27,3;21,02;14,6;53;1;
2010-11-20;5;6,1;0;28,1;20,42;14,4;54,25;1,666667;
2010-11-21;4,9;7;0;29,3;21,42;14;56,75;1,333333;
2010-11-22;4,7;10,2;0;28,1;20,9;15,6;65;1;
2010-11-23;4,2;6,6;0;27,1;20,5;14;65,5;1,333333;
2010-11-24;3,8;6,5;0;24,9;19,18;15,6;69,75;1,333333;
2010-11-25;3;10,7;0;28,7;20,78;13,8;60,75;1;
2010-11-26;4,8;12,3;0;30,9;22,46;14;55,5;1;
2010-11-27;4,6;12,3;0;33,9;24,42;15,6;40,75;1;
2010-11-28;7;3;0;24,7;18,06;16;85,75;2,333333;
2010-11-29;2,1;4,3;,2;26,5;18,26;12,4;66,5;1,333333;
2010-11-30;4,6;12,7;0;30,1;22,06;13,6;39,25;1;
2010-12-01;8;9,8;0;32,7;23,9;15,4;32;1;
2010-12-02;5,2;12,4;0;36,9;26,22;20,2;48;1;
2010-12-03;7,3;4,5;0;31,8;23,56;17,6;57,25;2,666667;
2010-12-04;8,2;10,3;0;31,3;22,5;13,2;49,25;1,333333;
2010-12-05;5,4;9,7;0;33,1;23,02;16;50,75;2,666667;
2010-12-06;8,2;12,8;0;31,3;22,38;11;49;1,666667;
2010-12-07;5,6;11,3;0;34;26,48;17,2;54,25;1;
2010-12-08;7;12,3;0;32,7;24,7;19,6;48;2,666667;
2010-12-09;9,1;9,3;0;30,7;21,54;12,6;43;1;
2010-12-10;7,5;8,5;0;36,6;27,2;17;55,25;1,666667;
2010-12-11;9,8;,9;4;27,7;21,3;17,4;81,75;1,666667;
2010-12-12;2,7;0;5,4;20,5;14,98;11,8;83,75;2,666667;
2010-12-13;1,5;13;1;25,3;16,9;8,8;44,25;2,333333;
2010-12-14;8,3;12,9;0;29,9;21,9;12;43;1;
2010-12-15;7,6;12,9;0;31,1;23,58;15;35,5;2,333333;
2010-12-16;8,1;12,9;0;31,5;23,3;14,8;52;2,333333;
2010-12-17;4,9;9,1;0;32,9;25,46;17,6;60,25;1;
2010-12-18;5,5;9,4;0;33,5;26,18;21,8;52;1,333333;
2010-12-19;4,6;0;0;24,7;20,52;17,9;93,25;1;
2010-12-20;1,1;2,3;12,2;27,1;23,26;20,8;85,75;1;
2010-12-21;1,5;10,7;2,6;32,3;25,38;19;61,75;1;
2010-12-22;4,1;12,4;0;32,1;25,22;18,4;65;1;
2010-12-23;4,9;11,8;0;33,9;25,3;17,8;66,75;,666667;
2010-12-24;4,7;0;0;28,3;23,86;21,2;79;1;
2010-12-25;1,1;12,5;30,8;33,1;26,42;20,4;56,75;,666667;
2010-12-26;7,1;12,9;0;34,3;27,22;19,6;48,25;1;
2010-12-27;7,6;12,8;0;32,1;25,1;19,4;52,5;1,333333;
2010-12-28;6,8;12,8;0;31,5;23,54;16;58,25;2,333333;
2010-12-29;6,7;10,9;0;31,9;24,06;18;55,5;2;
2010-12-30;8,9;12,4;0;31,1;23,5;14,6;57,5;2,333333;
2010-12-31;4,2;9,7;0;32,3;25,22;16,8;58,25;2,333333;
2011-01-01;4,9;7;0;31,9;24,14;18,4;54,5;2;
2011-01-02;5,6;8;0;30,7;23,66;18;61;2;
2011-01-03;3,7;3,7;0;25,3;21,34;18,8;91;1,333333;
2011-01-04;1,3;5,2;4,2;30,1;23,26;19,2;85;1;
2011-01-05;2,2;6,5;0;31,7;24,06;19,2;86,5;1;
2011-01-06;3,1;12,1;10,4;33,3;26,1;20,2;57,25;1;
2011-01-07;5,5;12;0;35,3;27,58;19;57,25;,666667;
2011-01-08;5,2;9,9;0;35,5;27,22;22,2;65,75;1,666667;
2011-01-09;4,7;11,4;1,8;34,5;27,42;21,6;60,25;1;
2011-01-10;5,6;5,5;0;29,3;23,18;19,4;82,75;1;
2011-01-11;2,4;3,1;7,6;24,5;21,5;19,4;89;1;
2011-01-12;,6;5,7;15,8;25,3;20,9;17,8;84,75;1;
2011-01-13;3,6;8,7;1,8;29,5;23,06;17,6;75,25;1;
2011-01-14;4,4;11,6;0;32,7;25,86;19,2;64,25;1;
2011-01-15;5,7;12,3;0;32,5;26,62;20,2;59;1;
2011-01-16;5,2;10,7;0;34,3;26,74;20,4;58,75;2,333333;
2011-01-17;6,6;2,5;0;29,5;24,3;19,2;68,75;1;
2011-01-18;4,5;12,2;0;30,5;24,7;18,4;68,5;1;
2011-01-19;3,7;11,1;0;33,3;25,62;19,2;66;1;
2011-01-20;3,3;10,5;0;31,7;24,42;19;59;3;
2011-01-21;3,8;9,6;0;30,7;23,74;16;64;1,333333;
2011-01-22;3,4;10,4;0;32,1;25,38;19,4;61,75;1;
2011-01-23;3,6;11,7;0;32,7;26,38;19,6;63,75;1;
2011-01-24;4,4;11,3;0;34,3;25,82;19;62;1;
2011-01-25;5,8;9,3;0;36,1;27,58;20,8;59,5;1;
2011-01-26;5;,2;0;28,5;24,86;23;92,5;1;
2011-01-27;,9;9,1;20;32,5;26,46;20;76,75;,666667;
2011-01-28;2,2;2,2;0;31,7;26,26;23,4;80,75;1;
2011-01-29;3,4;11,9;0;34,3;27,42;21,6;70;1;
2011-01-30;3,6;12,1;0;32,5;25,82;20,2;72,25;1;
2011-01-31;4,2;1,6;0;31,3;24,82;20,4;81;1,666667;
2011-02-01;3,6;7,5;0;30,3;22,94;19;65,25;1,666667;
2011-02-02;,6;13,1;0;30,5;22,18;13,2;68,5;1;
2011-02-03;4,8;11,9;0;33,5;24,02;16;76;1;
2011-02-04;5,2;8,1;13;33,7;25,26;20,6;80;1;
2011-02-05;3,7;8,1;,8;31,5;25,54;22,6;88;1;
2011-02-06;3,8;6,1;0;30,1;23,74;20,4;75,25;1,333333;
2011-02-07;4,3;7,8;0;30,7;24,46;17,4;66,75;1;
2011-02-08;5,5;2,5;11;31,3;23,06;17,4;93;1;
2011-02-09;4,2;,9;2,4;23,5;20,66;18,4;95;1,666667;
2011-02-10;1,1;4,8;1;26,7;20,78;18,4;88,75;1,333333;
2011-02-11;2,9;6,5;0;26,7;21,9;18;77,75;1;
2011-02-12;3,7;2,6;0;25,1;20,46;18;92,75;1;
2011-02-13;1,5;9,7;0;30,7;22,14;17,2;78;1;
2011-02-14;4,1;12;1,6;28,7;22,26;18,2;65,75;1,666667;
2011-02-15;4,7;12,4;0;27,9;20,9;13,2;69,75;2,333333;
2011-02-16;6,2;12,2;0;30,9;23,1;14,8;71,75;1;
2011-02-17;5,8;11,1;0;31,7;24,98;19,6;76,25;1;
2011-02-18;6,2;9,9;0;31,9;25,18;19,2;71,75;1;
2011-02-19;6,6;8,9;0;32,3;25,34;19,6;65,25;1,666667;
2011-02-20;5,9;8,5;0;31;24,24;18,6;71,75;1;
2011-02-21;4,7;3,9;0;29,9;23,14;19,2;83,5;1;
2011-02-22;3,7;5,4;1,4;29,1;23,78;20;79,25;1;
2011-02-23;3,9;1,6;4,6;24,5;22,02;20;97,5;,666667;
2011-02-24;,7;7,1;31,2;26,7;22,14;19,6;87,75;1,666667;
2011-02-25;2,2;4,4;,8;27,5;21,78;18;89;1;
2011-02-26;3,2;9,4;0;28,1;21,1;18;71,75;2,333333;
2011-02-27;4,3;12,1;0;27,5;19,94;13,8;60,5;1,666667;
2011-02-28;5,7;11,2;0;27,7;21,14;14,4;64,5;2,666667;
2011-03-01;4,5;8,6;0;28,3;20,98;15;70,5;2;
2011-03-02;4,3;11,4;0;28,7;21,1;14,2;68,5;2;
2011-03-03;5,4;11,7;0;30,5;22,3;14,4;69,25;1;
2011-03-04;4,2;10,3;0;29,5;22,1;15,8;66,5;1;
2011-03-05;3,7;9,9;0;30,3;23,1;15,8;65,5;1;
2011-03-06;3,8;10,6;0;30,7;21,78;15,4;72;1;
2011-03-07;4,4;8,2;0;30,5;23,18;16;72;1;
2011-03-08;3,6;6,1;0;31,7;23,82;18,6;77,75;1;
2011-03-09;3,2;7,7;,4;31,9;24,22;19,2;69;1;
2011-03-10;4,8;9,2;,6;31,1;23,3;17;76,25;1;
2011-03-11;5;10;0;31,7;24,74;17,8;68,25;1;
2011-03-12;4,3;8,3;0;33,6;25,12;19;68;1;
2011-03-13;4,2;7,1;0;26;19,54;17,2;54,75;1,333333;
2011-03-14;5,8;11,4;0;24,3;16,54;9,8;59,5;1,666667;
2011-03-15;3,2;11;0;25,9;18,62;10,6;54,25;1,333333;
2011-03-16;4,2;10,8;0;29,1;21,3;13,2;60,75;1;
2011-03-17;3,4;2,4;0;22,8;18,52;16,2;93,5;1;
2011-03-18;,8;10,9;25,6;27,5;19,62;17,1;72,75;1;
2011-03-19;3,5;11,2;0;26,4;19,04;12,8;55,25;1;
2011-03-20;3,3;11,3;0;30,5;20,16;11;66;1;
2011-03-21;3,8;9,3;0;31,3;22,5;14,8;69,5;1;
2011-03-22;3,6;11;0;32,5;24,74;18,2;68,5;1;
2011-03-23;4,4;7,1;0;29,9;23,46;19,2;73,25;1,666667;
2011-03-24;3,8;0;10,2;22;19,36;17,6;85,5;2;
2011-03-25;1,8;0;0;20,6;18,12;17;96,5;1,666667;
2011-03-26;,6;4,2;15,8;26,3;20,74;17,2;96,5;1;
2011-03-27;,3;1,4;0;23,3;17,34;14,8;85;1,666667;
2011-03-28;2,1;8,9;30,2;23,6;17,64;14;71,25;1,666667;
2011-03-29;3,8;9,2;0;24,5;17,42;12;73,75;2,333333;
2011-03-30;3,6;6,2;0;23,7;19,52;11,9;78,25;1;
2011-03-31;3,4;5,1;0;25,3;21,66;17,4;81;1;
2011-04-01;3,5;9,7;0;28,7;22,52;18,4;75,25;1,333333;
2011-04-02;3,8;9,1;0;27,1;20,22;16;77,5;1;
2011-04-03;4,4;9,6;0;28,5;21,78;16,2;61,25;1;
2011-04-04;4,4;10,7;0;29,3;22,76;16,5;65,5;1,666667;
2011-04-05;4,8;10,4;0;27,5;18,66;12,5;57,25;1,333333;
2011-04-06;5,3;10,6;0;29,3;21,66;14,4;48;1;
2011-04-07;4,5;9,9;0;29,3;20,38;12,7;66,75;1;
2011-04-08;5,2;9,4;0;30,5;21,62;17,8;58;1,666667;
2011-04-09;4,1;8,7;0;23,9;16,86;12,8;73;1;
2011-04-10;3,3;7,6;0;26,1;18,42;12,6;71;1;
2011-04-11;3,2;5,9;0;28;19,62;13;73,5;1;
2011-04-12;4,1;7,7;0;28,1;21,62;16,4;65,5;1;
2011-04-13;5,3;9,9;0;26,4;20,18;15,3;79,25;1,666667;
2011-04-14;3,8;4,6;33;24,3;19,86;17;88,75;1;
2011-04-15;2;0;1,8;19;16,3;15,3;99,75;1;
2011-04-16;,1;6,2;35,9;22,3;17,02;13;85;1,666667;
2011-04-17;1,7;3,1;0;20,6;17,34;14,7;94,25;1,333333;
2011-04-18;1,6;9,7;3;23,7;15,66;9,6;66,75;1;
2011-04-19;3,8;5,4;0;21,9;15,62;10;72;1;
2011-04-20;2,3;0;0;20,1;16,34;14,2;92,25;1;
2011-04-21;1;,5;28,4;20,7;16,38;13,6;91,75;,666667;
2011-04-22;,9;4,7;0;26,8;19,8;14,8;92,5;1;
2011-04-23;2;9;1,4;22,9;15,46;12;64,25;1,333333;
2011-04-24;5;9,6;0;19,9;14;9,3;64,75;1;
2011-04-25;4,5;9,5;0;24,2;16,72;9,6;61,25;1;
2011-04-26;4,3;9,5;0;23,7;16,74;12,2;69,5;1;
2011-04-27;3;7,2;0;25,5;16,86;11,2;80,5;1;
2011-04-28;2;3,4;0;25,4;18,36;13,6;81,25;1;
2011-04-29;1,4;8,7;0;25,9;18,82;15;79,25;1;
2011-04-30;2,3;2,1;0;22;18,4;16,3;93,5;1;
2011-05-01;1;1,4;0;18,5;12,82;10,2;93,75;1,666667;
2011-05-02;,8;7,5;,6;17;12,1;9,7;83,5;1,666667;
2011-05-03;2,4;8,6;0;19,3;12,06;7,2;83,5;1;
2011-05-04;1,8;9,4;0;19,6;12,76;9,3;78,5;1,333333;
2011-05-05;4;9,5;0;22,3;14,86;9,2;72,75;2,666667;
2011-05-06;4;9;0;22,2;14,52;10,6;77;1;
2011-05-07;3,5;9,6;0;23,4;15,16;8,4;76,5;,666667;
2011-05-08;2,6;7,3;0;25;17,74;14,5;80,25;1,333333;
2011-05-09;3,5;7,1;0;20,7;13;7,9;83,5;1;
2011-05-10;1,9;3,3;0;21,4;14,94;11,1;92;1,333333;
2011-05-11;1,1;2,3;0;22,3;17,62;14,8;95,75;1;
2011-05-12;,7;7,4;0;22,5;16,3;14;78;1;
2011-05-13;2,6;4,2;0;19,3;13,82;10,4;91,25;1,333333;
2011-05-14;1,4;,5;3,1;17,4;13,92;12;85,5;1;
2011-05-15;1,4;8,1;0;18,3;13,22;10,6;81,5;2,333333;
2011-05-16;1;5,3;0;18;11,92;8;85,75;1;
2011-05-17;2,6;9,1;0;19,3;12,38;7,2;77,75;1;
2011-05-18;2,2;null;0;19,3;13,3;8,2;82,5;1;
2011-05-19;1,5;9,2;0;21,9;14,58;8,4;86,5;1;
2011-05-20;2;9,3;0;23,1;14,74;10,2;84,5;1;
2011-05-21;1,9;7,4;0;22,3;15,18;11;81;1;
2011-05-22;1,2;2,8;0;23;18,3;13,8;84,25;1,333333;
2011-05-23;1,3;2,8;3;19,9;14,18;10,6;93,5;1;
2011-05-24;3,7;0;0;17,1;15,06;11;100;1;
2011-05-25;,7;2,7;34,3;18,5;14,86;11,2;93,75;2,666667;
2011-05-26;1,2;1,8;1,6;16,7;13,2;11,4;89,75;1;
2011-05-27;1,1;2,7;0;16,1;10,22;6,6;88,5;1;
2011-05-28;1;8,8;0;16;9,86;5,9;86,75;1;
2011-05-29;2,4;8,7;0;16,3;10,22;5,4;84,75;1;
2011-05-30;1,5;5,3;0;17,2;11,32;5,4;83,25;1;
2011-05-31;1,9;5,5;0;19,5;12,62;7,8;86,25;1;
2011-06-01;2,1;7,9;0;17,9;12,12;9,5;87;1;
2011-06-02;1,8;1,9;0;17,1;12,66;7,4;87,5;1;
2011-06-03;1,4;6,9;0;18,1;12,78;11,2;87,25;1;
2011-06-04;2,3;8,6;0;13;6,14;3,1;82,75;,666667;
2011-06-05;1,7;8;0;14;6,22;1,1;75,25;1;
2011-06-06;1,6;,6;0;16,9;9,04;1,1;92,25;1;
2011-06-07;1,2;0;34,3;10,6;9,4;8;96,25;1,333333;
2011-06-08;,4;,5;0;13,2;9,6;6,6;86,75;1,666667;
2011-06-09;1,4;6;0;16,1;9,74;6,4;86,25;1,333333;
2011-06-10;1,3;6,8;0;18,3;11,02;6,2;76,75;1;
2011-06-11;4;8,6;0;21;12,62;8,5;73;1,333333;
2011-06-12;3,8;7,6;0;21,5;15,06;7,2;78,75;1,666667;
2011-06-13;3,2;7,7;0;17,3;9,98;7,8;79,25;1;
2011-06-14;2,5;4,2;0;15,3;9,86;5,2;78;1,666667;
2011-06-15;2,2;6,6;0;23,1;15,18;10,2;80,5;1,333333;
2011-06-16;3,6;4,7;0;23,3;16,74;10,2;84,25;1,333333;
2011-06-17;2,6;4;20,4;21;17,96;15,6;91,5;1;
2011-06-18;,8;,8;,4;21,3;17,18;14,8;95,75;1,333333;
2011-06-19;1;,7;36,5;22,5;19,58;16,5;95,5;1,333333;
2011-06-20;1,2;0;4,8;20,3;16,5;15;99;1;
2011-06-21;,6;0;13,2;15,3;13,06;12,2;93,75;2;
2011-06-22;,6;,8;0;17,5;13,78;10,8;93,25;2,333333;
2011-06-23;,8;,7;8,8;16;11,44;8,6;96,25;1,333333;
2011-06-24;,8;8,4;0;14,5;8,74;5,2;86,75;1;
2011-06-25;1,2;6,7;0;13,4;7,86;5,3;87,75;1;
2011-06-26;1,8;8,5;0;10,1;4,6;2,7;82;2;
2011-06-27;2,1;8,3;0;10,2;4,02;-1,1;75,25;2,333333;
2011-06-28;2,9;7;0;13,6;7;2;70,25;1;
2011-06-29;2,8;8;0;15;7,56;2,5;72;1,333333;
2011-06-30;2,4;5,5;0;16,1;9,62;4;90;1;
2011-07-01;1,8;8,5;0;10,4;3,96;,9;68;2;
2011-07-02;3,7;8,4;0;10,6;3,58;-,7;67,5;1,333333;
2011-07-03;3,6;8,2;0;11;3,66;1,1;71,75;1,333333;
2011-07-04;2,9;8,4;0;10,1;3,24;-1,1;66,75;,666667;
2011-07-05;3;8,1;0;13,7;5,14;1;76,75;1;
2011-07-06;2,8;8,1;0;15,3;6,96;2,3;71,25;1;
2011-07-07;3;8,2;0;15,2;7,72;3,2;63,75;1;
2011-07-08;3,8;7,8;0;17,5;10,26;5;62,25;1;
2011-07-09;3;6,5;0;20,6;12,04;6;67,75;1;
2011-07-10;4,4;2,3;0;16,9;12,5;6,8;90;1;
2011-07-11;1;6,8;,4;19,9;13,82;9;84,25;1;
2011-07-12;3,3;3,8;0;19,7;14,3;9,2;96;1;
2011-07-13;1;2,9;,4;17,8;13,96;12,6;95,25;1,333333;
2011-07-14;,5;0;26,6;14,9;14,18;12,4;100;1;
2011-07-15;,1;5,2;22,1;25,4;19,26;14,1;69,75;1,333333;
2011-07-16;7,1;2,5;7,3;20,9;14,58;12,2;88,25;2,333333;
2011-07-17;1,9;,2;0;14,2;11,52;9;87;2;
2011-07-18;2,3;0;,4;13,8;11,96;10,8;96;1,666667;
2011-07-19;,2;3,4;2,2;16;11,2;9,2;90,25;1;
2011-07-20;1;0;0;9,2;5,34;3,1;94,75;1,333333;
2011-07-21;,8;6,3;0;12;7,52;3,6;82,5;1;
2011-07-22;1,8;6,1;0;13,8;8,08;4,2;90,5;1;
2011-07-23;1,4;3,7;0;15,1;10,04;6,5;94,5;1;
2011-07-24;,8;8,2;0;20,7;13,06;7,2;89,75;1;
2011-07-25;1,7;8,4;0;24,9;17,28;11,2;80,25;1,333333;
2011-07-26;4,3;8,6;8,4;19,5;12,54;10;69;1;
2011-07-27;1,7;6,3;0;17,7;11,76;6,5;86,5;1;
2011-07-28;,5;3,7;24,4;20,7;16,18;11,8;94,75;1,333333;
2011-07-29;2;0;14,2;17;12,28;10,6;100;1,333333;
2011-07-30;,5;5,8;21;10,8;6,64;5,4;85;3;
2011-07-31;1,5;4,8;0;11;6,82;1,1;82,5;2;
2011-08-01;1,2;0;2;9,3;7,82;3,4;100;1,333333;
2011-08-02;1,2;0;23,9;10;7,64;5,2;96;1,333333;
2011-08-03;1;8,3;0;11,6;7,22;4,6;85,5;1,666667;
2011-08-04;2;9;0;13,1;6,32;1,4;79,75;1;
2011-08-05;2,4;9,1;0;16,5;8,44;2,1;75,75;1;
2011-08-06;3,2;9,3;0;18,7;11,98;5,9;73,25;1;
2011-08-07;3,9;7,2;0;22,4;15,44;9;74;1;
2011-08-08;1,9;0;,4;17,4;15,4;13,4;96,5;1,333333;
2011-08-09;,4;,2;5,2;18,2;15,48;13,2;87,5;1,666667;
2011-08-10;1,8;6,8;0;20,2;15,42;13;88;1,666667;
2011-08-11;1,4;7,8;0;24,4;17,12;11;87,75;1;
2011-08-12;2,4;8,6;0;28,2;22;16;74,75;1,666667;
2011-08-13;6;0;0;22,4;13,26;9,8;79,25;2;
2011-08-14;3;8,1;0;16;11,5;6,5;70,25;2;
2011-08-15;1,3;0;0;15,4;13,4;10,5;98,75;1;
2011-08-16;2;1,3;1,5;22,2;17,88;14,9;81,5;2;
2011-08-17;3,5;6,9;1,2;18;13,24;9,8;84,25;1;
2011-08-18;2;1,6;0;17,4;13,92;10,6;100;1,333333;
2011-08-19;,6;,5;6,2;15,2;9,08;6,4;89,75;2;
2011-08-20;1,4;9,7;0;11,8;5,96;2;71,75;1,666667;
2011-08-21;2,6;8,7;0;10,2;4,78;1,1;74,25;1;
2011-08-22;2;3,1;0;8,9;4;-,7;77,25;1;
2011-08-23;1,4;2,6;0;13;8,48;3,8;86,5;1;
2011-08-24;,7;4,7;0;17,4;12,28;9,2;88,25;1;
2011-08-25;1,7;9,3;0;19,7;13,42;11;72,5;2;
2011-08-26;2,2;7,4;0;15,1;9,58;6;80,25;1,666667;
2011-08-27;2,3;5,8;,6;21,3;15,22;8,2;85,5;1,666667;
2011-08-28;1;9,8;24,6;21,1;13,62;10;79,25;1,333333;
2011-08-29;2,2;6,6;0;17,5;12,38;8;84,5;3;
2011-08-30;1,8;9,2;0;18;11,14;7,2;72,5;1,333333;
2011-08-31;3,8;10,7;0;17,5;10,5;8;62,5;1;
2011-09-01;3,2;10,4;0;15;8,06;3,5;69;1;
2011-09-02;2,6;10,7;0;18,7;10,82;4;68,25;2,666667;
2011-09-03;3;9,4;0;24,6;15,68;7,8;72,25;1,333333;
2011-09-04;3,9;1,9;0;26,3;19,26;12,8;68,5;1,333333;
2011-09-05;4,5;6,8;17,9;19,2;11,64;8;66,5;1,333333;
2011-09-06;3,2;10,7;1;18,3;12,62;7,6;57,25;1;
2011-09-07;3,4;9,8;0;18,4;11,58;3,3;52,5;1,333333;
2011-09-08;5,1;5,2;0;19,5;13,3;7,2;84;1,333333;
2011-09-09;1,5;9,9;0;22,6;15,36;10,6;80,75;1;
2011-09-10;1,8;6,5;0;22;15,44;10,4;81,25;1;
2011-09-11;3,4;10,6;0;17,4;10,92;5,3;71;1,333333;
2011-09-12;3,9;10,8;0;23,6;15,84;7,4;48,5;2,333333;
2011-09-13;7;10,1;0;19,4;13,48;9,4;56,5;2;
2011-09-14;4,3;10,2;0;18,7;11,9;5,4;66,75;3;
2011-09-15;3;10,3;0;22,5;15,32;7,5;74;1;
2011-09-16;2;0;,6;21,5;17,18;13,2;87,75;1;
2011-09-17;,1;0;46,2;18,6;17,42;16,9;100;1;
2011-09-18;,6;0;34,5;17,5;13,5;12,4;95,75;1;
2011-09-19;,5;1,9;0;16,5;12,12;10,2;95,75;1;
2011-09-20;,6;10,2;5,6;19,9;13,14;9,8;74,5;1;
2011-09-21;2,4;11,2;0;21,6;14,2;8,2;66,25;1;
2011-09-22;2,9;10,9;0;22,9;16,14;10;61,75;1,666667;
2011-09-23;2,5;5,9;0;19,2;13,76;10,1;80,75;1,666667;
2011-09-24;1,8;9;0;18,5;13,7;10;81;1,666667;
2011-09-25;1,2;11;0;23,2;15,96;9,6;79,25;1;
2011-09-26;1,8;10,4;0;27,1;18,3;12,8;80,5;1;
2011-09-27;2,5;10,8;0;24,2;18,16;14,8;79,75;1;
2011-09-28;2,4;8,9;0;27,3;17,94;11,4;82;1;
2011-09-29;2,4;9,5;0;31,7;22,76;15;67,75;1;
2011-09-30;5,5;0;13,6;23,9;16,78;14;100;1,333333;
2011-10-01;,1;0;78,1;17,4;15,72;14;97,25;1;
2011-10-02;,4;9,8;0;23,5;16,94;14,2;77;1;
2011-10-03;2;11,6;0;16,9;11,44;7,2;74,75;1,666667;
2011-10-04;3;0;0;12,2;10,44;7;95,5;1;
2011-10-05;,2;6,9;3,8;22,5;15,86;11,4;85,75;1;
2011-10-06;1,3;10,7;0;24,7;18,5;11,2;77,5;1,666667;
2011-10-07;2,2;1,4;0;27;18,26;13,9;90,75;1,333333;
2011-10-08;1,1;3;25,2;25,1;19,82;16,2;88;1;
2011-10-09;2;8,8;1,8;22,9;17,6;14,6;84,25;1;
2011-10-10;,9;7,5;0;22,1;15,62;10,6;80;1;
2011-10-11;1;10,1;0;22;17,24;11,4;77,75;1,333333;
2011-10-12;2;0;0;18,3;15,66;11,2;95;2;
2011-10-13;,3;6,9;11,9;26;19,4;14,8;85,25;1;
2011-10-14;1,8;6,2;0;22,7;17,3;14,8;83,25;1;
2011-10-15;1,4;5,2;0;21,6;16,74;12,5;76,75;1;
2011-10-16;2,5;12,1;0;27;20,32;14;63;1;
2011-10-17;4;10,8;0;23,3;17,06;12,6;69;1,333333;
2011-10-18;2,5;11;0;21,9;15,58;9,2;74,75;1;
2011-10-19;2;10,6;0;23,9;17,22;11;73,5;4;
2011-10-20;2,1;10,7;0;23,1;17,46;12,2;74,5;1,333333;
2011-10-21;1,9;11,5;0;27,4;19,6;11;79;1;
2011-10-22;2,8;11,9;0;30,1;22,26;16;69,25;2,333333;
2011-10-23;4;0;0;23;18,6;17;92,75;1;
2011-10-24;1,2;0;15,8;19,7;18,14;17;98,5;,666667;
2011-10-25;,2;0;12,8;18,4;16,44;15,4;98,5;1;
2011-10-26;1,1;10,7;4,1;20,3;14,14;10;82;1,666667;
2011-10-27;2;12,1;0;21,2;14,74;7,5;70,75;1,666667;
2011-10-28;4,1;12,2;0;26,1;18,82;11,4;62;1;
2011-10-29;4;4,1;0;21,6;15,66;9,1;78,5;1,333333;
2011-10-30;2,1;12;1;22,3;15,06;10,8;72,5;1,666667;
2011-10-31;3,2;10,1;0;19,1;13,02;7,8;72,5;1;
2011-11-01;2,7;12,1;0;21,7;15,58;8;62,75;2,666667;
2011-11-02;2;10,3;0;25,2;17,18;9,5;73;1,666667;
2011-11-03;3,8;12,4;0;27,1;18,78;12;68,5;1;
2011-11-04;2;12,2;0;29,3;21,16;12,2;68,25;1;
2011-11-05;4,6;,4;0;30,5;22,58;16,6;75;1;
2011-11-06;2,9;10,7;0;29,7;22,24;18;67,25;1;
2011-11-07;3,2;11,6;0;27,7;20,18;14,8;63,75;1;
2011-11-08;5;12;0;30,5;22,74;15,2;61,5;1;
2011-11-09;4;0;0;25,3;20,22;18;94;1;
2011-11-10;,8;6,7;24,3;25,6;17,92;15,4;61,25;1,666667;
2011-11-11;5,2;12,3;0;23,9;17,18;10,4;61,5;1,333333;
2011-11-12;3,4;12,1;0;25,8;18,92;11;55;1,666667;
2011-11-13;6,2;10,3;0;25,1;19,02;11,2;70;2,333333;
2011-11-14;3,8;6;0;23,5;18,02;13,2;69,75;2;
2011-11-15;4,5;12,5;0;24,5;18,58;12,8;61,5;2,666667;
2011-11-16;5,5;12,7;0;26,9;20,78;11,5;52,25;1,333333;
2011-11-17;5;8,8;0;27,9;19,38;14;73,75;1;
2011-11-18;4,7;12,4;0;29,2;20,24;14,5;77;1;
2011-11-19;4,4;12,3;0;31,9;23,1;14,8;68,5;1;
2011-11-20;3,9;0;4,1;23,4;19,7;17,9;90,5;1;
2011-11-21;,8;,1;1,2;20,7;18,02;15,8;96;1;
2011-11-22;,7;11,3;9,4;25,6;18,8;15,6;74,5;1,666667;
2011-11-23;3,7;10,6;0;25,5;18,7;13,2;75;1;
2011-11-24;2,5;12,4;0;28,2;21,34;14,4;67,25;1;
2011-11-25;3,8;12,3;0;30,5;23,06;15,2;62,75;1;
2011-11-26;4,6;12,1;0;32;25,28;null;55,5;1;
2011-11-27;6,5;9,9;0;32,3;24,14;16,4;62;1;
2011-11-28;7;8,8;0;35,8;26,08;19,4;67,25;1;
2011-11-29;6,4;9,9;,5;35,1;27,26;20,4;64,75;1;
2011-11-30;5;8;14,6;26,6;18,56;14,6;78;1,333333;
2011-12-01;4,4;12,1;1,4;23,1;15,9;9;62,75;2;
2011-12-02;4,7;12,7;0;25;17,92;10,6;58;1;
2011-12-03;5,4;12,7;0;28,1;20,1;11,4;61,25;1,333333;
2011-12-04;6;11,9;0;28,2;21,68;13,8;58,5;1;
2011-12-05;6;7,2;0;30,5;22,06;15,4;75,25;1;
2011-12-06;2,7;7,1;3,8;31;23,6;18,7;74,75;1;
2011-12-07;4,1;11,6;0;31,3;23,86;18;52,75;1;
2011-12-08;9,4;10,9;0;28;20,46;14,4;63,75;1,666667;
2011-12-09;7,2;11,3;0;27,9;21,1;14,6;62,5;2,333333;
2011-12-10;6,8;12,3;0;28,1;21,9;15;59,5;1,666667;
2011-12-11;6;12;0;30,5;23,3;14,8;62,5;1;
2011-12-12;6,4;10,4;0;31,6;23,5;17,5;51,75;1;
2011-12-13;10,5;9,8;0;28,9;20,42;14;56,75;1,666667;
2011-12-14;7;5,9;,2;23,2;17,82;15,3;91;1;
2011-12-15;3,7;11,2;1,9;27,3;19,62;13,6;79;1,333333;
2011-12-16;4,2;5,6;,4;25,2;19,66;15,2;80;1,333333;
2011-12-17;3,5;6;0;27,3;20,1;16,6;74;2;
2011-12-18;4,5;11;,2;29,5;22,38;14,2;55,5;1,666667;
2011-12-19;8,7;12,8;0;34,3;24,66;17,2;44,5;,666667;
2011-12-20;8;12,5;0;39;28,7;21,1;43,75;1,666667;
2011-12-21;14,2;7,9;0;35,3;27,34;21;50,5;,666667;
2011-12-22;8,6;0;0;27,2;21,58;19,3;90,25;1,333333;
2011-12-23;1,6;0;15;22,7;20,14;19;93,75;1;
2011-12-24;1,1;0;22;19,8;14,74;12;93,75;2;
2011-12-25;2,4;7,3;0;23,1;18,62;13,8;72,25;1,666667;
2011-12-26;4;9;0;27,4;21,32;12,7;73,5;1;
2011-12-27;4;12,4;0;30,1;23,18;16,4;60,5;1,333333;
2011-12-28;7;11,9;0;28,4;21,74;15,3;54,75;1,666667;
2011-12-29;8,4;12,2;0;27,3;22,1;13,8;54,25;2;
2011-12-30;10,8;8,3;0;29,7;23,64;15,9;69,25;1;
2011-12-31;4,9;7,7;0;28,5;21,46;15,8;80,5;2,333333;
2012-01-01;4,2;7,2;4,4;27,9;21,34;15,6;72;3;
2012-01-02;5,5;12,4;0;29,7;22,7;15;64,75;1;
2012-01-03;8,4;12,2;0;34,7;26,02;19,2;46,25;1,666667;
2012-01-04;10,4;12,4;0;28,9;21,58;14,6;58;1,666667;
2012-01-05;6,9;12,4;0;29,5;21,9;13,6;56;1;
2012-01-06;7,8;12,8;0;33,5;24,5;14,2;51,5;1,666667;
2012-01-07;10,4;12,5;0;32,5;25,18;18,8;58,5;2,666667;
2012-01-08;9,8;11,2;0;35,1;26,06;15,8;65,5;1;
2012-01-09;7;8,7;0;36,6;27,72;20,4;63,75;1;
2012-01-10;6,2;11,6;0;37,5;28,38;20,8;57,5;,666667;
2012-01-11;9,1;9;0;35,7;26,62;20,2;64,5;2,333333;
2012-01-12;6,7;0;1,4;25,3;20,5;18,2;89,5;1,666667;
2012-01-13;2,6;7,4;,2;29,1;20,9;15,8;63,25;2,333333;
2012-01-14;6,6;9,9;0;27,9;20,66;14;62,25;2;
2012-01-15;6,5;10,2;0;28,5;22,14;14,4;66,5;1;
2012-01-16;5,7;12,5;0;31,9;24,1;15,6;50,25;1;
2012-01-17;7,3;12,6;0;33,1;25,26;15,4;45,75;1;
2012-01-18;9,7;9,1;0;34,3;26,06;17,6;58;1;
2012-01-19;7,4;11;0;35,3;27,74;18,6;57,5;1;
2012-01-20;9,3;7,2;0;36,5;24,78;19,2;75,75;1;
2012-01-21;5,7;8,8;4,4;35,1;25,3;18,6;75,25;1;
2012-01-22;6,1;12,3;,5;35,2;27,44;20,2;58,75;,666667;
2012-01-23;7,4;11,7;0;36,5;29,5;21;55;,666667;
2012-01-24;9,6;4,3;0;31,1;25,02;23;80;1,666667;
2012-01-25;5;12,5;7,8;29,5;22,5;18,6;63,75;2;
2012-01-26;8,5;12,1;0;27,7;20,94;13,6;54,25;1,666667;
2012-01-27;8,3;12,1;0;29,5;21,78;13,8;53,75;2,333333;
2012-01-28;7;12,4;0;32,1;23,94;14;56,5;1,666667;
2012-01-29;8,3;11,6;0;34,5;26;15,8;53,25;1;
2012-01-30;7,6;9,6;0;36,1;27,42;18,6;55,75;1;
2012-01-31;8,9;5,9;0;36,7;28,02;20,8;54,25;1;
2012-02-01;9,2;0;0;29,1;23,58;21;77,25;1;
2012-02-02;2,6;0;8,6;22,5;20,96;19,5;91;1;
2012-02-03;,9;0;7,8;23,7;22,22;19,8;98,5;1;
2012-02-04;,3;10,8;11,8;33,6;28;20,6;72,5;1,333333;
2012-02-05;6,6;3,6;0;33,3;25,3;20,8;83,5;2;
2012-02-06;4;9,9;32,8;35,1;26,44;21,5;79,25;1,333333;
2012-02-07;3,8;5,1;48,6;30,9;24,06;19,2;88;1;
2012-02-08;1,5;3,8;,2;32,7;25,84;22,1;84,5;1;
2012-02-09;2,8;9,9;,6;29,9;23,9;18,8;71,25;2,333333;
2012-02-10;3,7;10,7;0;25;20,24;16,5;68,5;1;
2012-02-11;4,6;12,1;0;28,3;21,22;15;56,25;1;
2012-02-12;5,9;12,1;0;29,9;23,4;17,5;65;1;
2012-02-13;4,8;12;0;32,1;24,34;16,8;59,5;1;
2012-02-14;5,2;11,9;0;35,5;28,08;19,2;65,5;1;
2012-02-15;6,2;10,9;0;35,7;28,26;20,8;64,25;,666667;
2012-02-16;6,4;9,3;0;34;27,84;21,9;70;1;
2012-02-17;4,8;5,7;43,1;32,9;25,06;20,2;83,75;1;
2012-02-18;3,6;11,7;1,8;35;28,48;20,6;62,5;1,333333;
2012-02-19;7,8;10,9;0;36,1;28,62;23,4;66,75;1;
2012-02-20;7,5;,8;0;28,2;23,72;21,8;84,25;1,333333;
2012-02-21;2,8;1,4;29,6;24,3;21,22;19;91,75;1,666667;
2012-02-22;1;6,6;1,4;27,7;21,88;17,7;81,5;1;
2012-02-23;3,1;11,7;0;30,1;22,5;18,2;69,75;1;
2012-02-24;5,1;12;0;26,7;20,56;13,8;73,25;1;
2012-02-25;4,5;2,8;0;26,7;20,64;14,1;90,25;1;
2012-02-26;1,5;10,5;0;28;22,62;19,5;68,75;1;
2012-02-27;4;11,8;0;29,3;22,3;15,6;57,5;1;
2012-02-28;4,9;10,5;0;30,6;22,88;17,2;75;1,333333;
2012-02-29;4,1;0;34,2;21,5;19,02;17,4;96,25;2;
2012-03-01;,5;6;49;25;19,8;18,2;92;1,333333;
2012-03-02;1,5;11,5;,1;26;20,28;15,8;77,25;1;
2012-03-03;3;11,6;0;27,4;21,92;15,5;78,75;1;
2012-03-04;2,9;11,6;0;31,1;24,1;15,8;80;1;
2012-03-05;2,6;11,5;0;33,4;26,52;19;63,25;1;
2012-03-06;6;8,8;0;33,5;25,34;19,2;74,75;1;
2012-03-07;4,6;11,3;0;34,5;28,22;22;69,5;1;
2012-03-08;5;7,7;0;30,5;24,54;21;82,5;1;
2012-03-09;2,8;8,5;0;30;23,94;20;83,75;1;
2012-03-10;2,4;10,8;0;32,1;25,86;19,4;77,75;1;
2012-03-11;5,6;11,4;0;34,5;28,42;22,5;58,75;1;
2012-03-12;5,9;10,3;0;35,1;27,5;21,2;59,25;1,666667;
2012-03-13;6,4;,1;0;27,4;21,76;19,2;92,5;1;
2012-03-14;,7;10,6;1,9;27,1;19,98;17;75,5;1,666667;
2012-03-15;4,2;11,1;0;23,4;17,6;11,3;70;1;
2012-03-16;3,5;11,2;0;25,3;18,62;12,2;72,25;1;
2012-03-17;4;11,1;0;28,8;21,6;13,9;75,25;1;
2012-03-18;3,5;10,4;0;32,1;23,66;16,4;67;1;
2012-03-19;4,2;6,6;0;31,8;24,48;18,3;65;1;
2012-03-20;4,5;,3;0;25,3;21,34;18,2;87;1,333333;
2012-03-21;1,2;2,5;0;26,3;20,88;17,8;87,5;1;
2012-03-22;1,6;9,8;,2;27,9;20,12;17,3;78;1,333333;
2012-03-23;2,5;8,4;0;23;17,28;13,2;74,75;1;
2012-03-24;3,3;10,7;0;24,1;17,02;11,2;66,25;1;
2012-03-25;3,4;9,1;0;27,4;20,1;12,7;63,25;1;
2012-03-26;4;3,5;6,2;24,1;17,34;14,8;84,25;1,333333;
2012-03-27;2;10,4;1,1;17,5;12,22;8;68,75;1;
2012-03-28;3,2;10,7;0;20,3;13,14;5,4;61,5;1;
2012-03-29;4,5;9,3;0;25;17,78;10,5;58;1;
2012-03-30;4,5;10,8;0;27,1;19,26;11;57,75;1;
2012-03-31;4,5;10,7;0;25;18,84;12,2;59,75;1;
2012-04-01;3,6;10,7;0;31,3;21,38;12,6;60,25;1,333333;
2012-04-02;5;10,7;0;32,7;23,72;15,7;51,5;1;
2012-04-03;6;3,3;0;28,7;21,82;17,2;70;1;
2012-04-04;3,3;10,4;0;31,6;24,14;16,7;53,25;1,333333;
2012-04-05;6,6;4,2;41,4;25,5;18,1;16,2;84,75;1;
2012-04-06;1,8;10,5;0;23,9;17,1;11,4;67,25;1;
2012-04-07;3,8;10,5;0;26,3;19,62;14;52,25;1,666667;
2012-04-08;7;10,5;0;29;22,16;16,4;60;1;
2012-04-09;3,4;9,8;0;26,7;19,22;12;77,5;2;
2012-04-10;3,4;0;1,6;20,7;18,9;17,4;99,5;1,333333;
2012-04-11;,1;4,1;83,8;25,9;20,74;17,6;91;1;
2012-04-12;,9;8,1;0;24,3;19,7;17,8;92;1;
2012-04-13;1;1,6;0;22,5;18,74;14,8;90;1;
2012-04-14;3;8,5;5,8;21,8;17,84;15,2;81,25;1;
2012-04-15;1;null;0;25;18,38;13,5;82;1;
2012-04-16;1,3;10,4;0;25,2;19,46;14,3;76,5;1;
2012-04-17;1,9;8,5;0;26,5;19,34;14;81;1;
2012-04-18;2,3;5,8;0;26,7;21,22;16,3;69,25;1;
2012-04-19;2,7;2,3;12,6;22,1;18,3;16,4;82,75;1,666667;
2012-04-20;2,3;10,1;,6;25,2;20,32;15,3;77,25;1;
2012-04-21;2,2;8,2;0;21,7;16,62;13,4;69,25;2,333333;
2012-04-22;3;9,5;,8;17,2;12,54;7,8;72,75;1;
2012-04-23;2,6;7,2;0;19,1;12,74;9,4;73,25;1;
2012-04-24;2;7,6;0;16,7;9,42;4,4;71,75;1;
2012-04-25;2,5;7,9;0;18,5;12,02;5,6;65,5;1;
2012-04-26;2,7;5,3;0;17,6;12,94;9,4;75;1;
2012-04-27;1,8;9,5;,3;17,3;10,5;5,8;73,75;1;
2012-04-28;2,4;0;0;13,8;11,14;7,7;91;1;
2012-04-29;,7;2,2;,6;14,1;10,14;7,2;86,5;1;
2012-04-30;1,3;7,2;0;15;9,62;5,1;76;1;
2012-05-01;1,8;9,3;0;18,5;12,14;7;73,75;1;
2012-05-02;1,7;8,8;0;22,2;15,08;9,2;76;1;
2012-05-03;2,1;9,6;0;24,3;15,38;9,4;74,75;1;
2012-05-04;2;9;0;25,2;18;11,3;77,5;1;
2012-05-05;2,4;9,1;0;25,4;18,88;14,4;78,75;1;
2012-05-06;2,2;6,9;0;23,7;17,86;14,8;83,75;1;
2012-05-07;1,6;7,4;0;26,5;19,3;15;77,5;1;
2012-05-08;2;7,6;0;25,5;19,56;14,5;77,5;1;
2012-05-09;2;8,3;0;26,9;20,54;15,8;73;1,333333;
2012-05-10;3,2;7,2;0;23,7;19,1;15;76,75;1,333333;
2012-05-11;2,3;8,6;,4;23,1;16,54;12,2;75,75;1;
2012-05-12;3,3;9,3;0;17,5;10,02;6,2;70,75;2;
2012-05-13;2,9;8,9;0;17,9;11,22;6,4;73,75;1;
2012-05-14;2;5,7;0;18,3;12,08;6;70,25;1;
2012-05-15;1,5;9;0;21,5;14,06;7,6;66,5;1;
2012-05-16;2;7,6;0;21,8;15,22;10;76;1;
2012-05-17;1,8;6,4;0;22,9;15,06;10;83,75;1;
2012-05-18;1,1;7,8;0;23;16,54;11,1;81;1;
2012-05-19;2,2;2,4;0;20,5;15,92;13,4;84;1;
2012-05-20;1,2;8,7;0;24,6;17,98;11,9;73,75;1;
2012-05-21;2,8;9;0;26,7;19,06;14;73;1;
2012-05-22;2,3;2,1;0;24;19;15,2;75;1;
2012-05-23;2,2;0;6,2;20,3;16,34;13,8;96,5;1;
2012-05-24;,2;1,5;5,6;17,3;15,8;14,3;97,5;1;
2012-05-25;,3;5,5;0;20,9;16,22;14,4;91,25;1;
2012-05-26;,7;1,1;0;19,5;15,54;13;93,75;1;
2012-05-27;,7;,1;0;21,1;17,14;12,4;90;1;
2012-05-28;,5;3,3;,3;22,6;19,86;16,5;92;1;
2012-05-29;,8;3,7;,2;26,3;22,22;19,6;90,5;1;
2012-05-30;2,3;8,8;,4;21,9;12,82;10,2;72,5;1;
2012-05-31;3,3;8,1;0;20,3;12,98;8;41,5;1;
2012-06-01;2,4;8,7;0;19;12,16;6,2;69,5;1;
2012-06-02;2,3;4,6;0;19,7;13,66;8;81,75;2,666667;
2012-06-03;2,7;6,3;0;14,8;10,64;7,8;68,25;1,333333;
2012-06-04;2,8;7,6;0;15,1;9,3;7,2;73;1;
2012-06-05;2,2;5,5;0;11,2;6,7;3;71,25;1;
2012-06-06;1,8;4,9;0;12,2;3,62;-,3;73,5;1,333333;
2012-06-07;2;8,4;0;11,3;3,42;-3,2;64,75;1;
2012-06-08;2;8,4;0;13,6;6,62;,5;65,5;1;
2012-06-09;2,9;7,5;0;14;6,7;,8;56,25;1;
2012-06-10;1,9;0;0;11,4;7,96;4,2;93,5;1;
2012-06-11;,3;6,9;2,6;18,6;13,1;8,5;87,75;1;
2012-06-12;,9;0;0;16,3;14,18;11;96,75;1;
2012-06-13;,1;5;0;27,8;21,3;14,6;77,5;1,333333;
2012-06-14;3,9;1,4;0;24,3;19,76;18;93,5;1;
2012-06-15;1;0;41,4;19,7;16,52;15,5;98;1;
2012-06-16;,4;,7;19,2;15,8;10,88;7,6;87,5;2,666667;
2012-06-17;,7;0;0;13,4;9,96;5,8;95,25;1;
2012-06-18;,4;,1;12,1;13,6;10,96;8,2;95,75;1;
2012-06-19;,6;0;,4;11;9,5;8,7;92,25;1;
2012-06-20;,4;7,1;0;15,9;10,06;7,2;86;1;
2012-06-21;1;0;0;10,5;9,16;7;100;1;
2012-06-22;,1;8,8;0;17,3;10,86;8;82,25;1;
2012-06-23;1,5;8,2;0;17,4;10,9;5,5;77,75;1;
2012-06-24;2,3;8;0;21,1;15,02;9,8;74,5;1,666667;
2012-06-25;2;8,2;0;15,4;11,02;7,7;79,25;1;
2012-06-26;1,5;7,1;0;22,7;14,1;7,2;78,5;1;
2012-06-27;1,1;8,1;0;23,6;17,58;12,7;79,25;1;
2012-06-28;2,8;6,5;0;25,9;19,7;15,4;78,25;2;
2012-06-29;3,6;1,3;0;22,3;20,34;17,8;82;1,333333;
2012-06-30;2,1;5,2;2;25,3;20,46;16,6;82,75;1;
2012-07-01;2;2,4;0;25,5;21;18,1;71,25;1,333333;
2012-07-02;4,6;6,1;0;27,4;15,84;10,8;80,5;1,666667;
2012-07-03;2,7;0;7,9;10,8;8,02;6,5;100;2;
2012-07-04;,2;0;7,7;14;10,7;6,5;99,5;1,666667;
2012-07-05;0;7,2;15,2;12,6;8,64;6,9;76,5;1,333333;
2012-07-06;2,2;4,5;1;9,2;5,9;3,9;93,5;1,666667;
2012-07-07;2,1;8,3;0;10;4,62;,9;71,5;1,333333;
2012-07-08;2,4;8,3;0;12,6;5,78;,7;71,75;1;
2012-07-09;1,5;7,4;0;16,5;9,94;2;80;1;
2012-07-10;1;2,6;0;13,7;11,1;10;83;1;
2012-07-11;1,2;8,4;,1;10,2;5,54;2,1;84;1;
2012-07-12;1,8;8,2;0;14,1;7,1;3,8;66,5;1,666667;
2012-07-13;2;8,4;0;17,5;9,66;2,6;57,25;1,666667;
2012-07-14;4,8;7,7;0;14;6,72;3,8;69,25;1,333333;
2012-07-15;2,7;8,1;0;9,7;3,96;-,5;73,25;2,666667;
2012-07-16;2,5;6,2;0;11,2;5,8;,2;84;1,333333;
2012-07-17;1,3;7,1;0;14,2;8,72;4;78,75;1;
2012-07-18;1,9;8,2;0;15,9;9,5;4,8;68,75;1;
2012-07-19;2,8;8,6;0;18;11,06;6,5;71;1,333333;
2012-07-20;3,2;8,6;0;19,5;12,14;7,2;73,25;2,666667;
2012-07-21;3,3;5,2;0;20,2;14,44;9,1;71,75;1,333333;
2012-07-22;3,7;8,4;0;17,9;11,02;7,4;68;2;
2012-07-23;3;6,9;0;19,2;12,12;4,9;83;1;
2012-07-24;2,5;8,3;0;19,7;11,94;7,8;70,25;2,333333;
2012-07-25;4,8;8,6;0;10,1;5,1;-,2;74,5;1;
2012-07-26;3,2;8,7;0;19;11,32;4;59,5;1;
2012-07-27;4;8,1;0;14,9;7,98;4;83,5;1;
2012-07-28;1,7;4,8;0;17,5;10,78;4,4;73;1;
2012-07-29;3;8,9;,3;16,3;11,18;9,2;59;2;
2012-07-30;4,5;8,9;0;12,4;6,12;,2;73,25;3,333333;
2012-07-31;5,8;0;0;13;10,18;4,6;99;1;
2012-08-01;2;2,3;10,9;21,9;16,82;14;90;1,666667;
2012-08-02;1,7;8;0;26,4;18,96;13,3;73,5;1,333333;
2012-08-03;5;4;0;27,2;21;13,3;59;1,333333;
2012-08-04;3,4;0;0;23,1;17,58;15,4;91;2;
2012-08-05;6,7;4,6;0;16,7;11,9;9,4;80;1,666667;
2012-08-06;3,7;8,8;0;18,8;13,02;7,7;63,5;1,333333;
2012-08-07;4,8;8,6;0;24,9;16,9;7,6;78,5;1;
2012-08-08;2;1,8;0;19,6;15,58;13,5;83;1;
2012-08-09;2,3;8,7;0;21,5;14,74;8,6;68;2;
2012-08-10;4,7;8;0;23,5;17,54;12,6;68;1,333333;
2012-08-11;3,3;8,3;0;29,9;20,38;14,2;63,25;2;
2012-08-12;8,9;0;0;23,5;17,02;13,6;91,5;1;
2012-08-13;1;3,8;10,4;17,2;12,64;7,6;81,5;1,333333;
2012-08-14;2;6,5;0;25,9;18,56;12;76,25;1,333333;
2012-08-15;3,3;4;0;26,1;19,78;16,3;83,25;1;
2012-08-16;3,2;1,6;15,8;22,2;18,22;15,3;85,5;1;
2012-08-17;1,2;0;1,8;21,9;18,02;15,4;94;1;
2012-08-18;,6;0;14;19;16,64;15,4;94;1;
2012-08-19;,7;,4;10,5;17,8;16,24;14,8;89,5;1;
2012-08-20;,6;0;20,7;18,5;16,94;16,4;98,5;1,666667;
2012-08-21;,3;10;25,6;20,3;15,42;13,2;82;2,333333;
2012-08-22;4,9;10;0;28,6;20,52;12;75,75;1;
2012-08-23;3,2;9,5;0;29,9;22,34;12,4;73;2,333333;
2012-08-24;3,7;8,9;0;25,4;17,08;13,2;73;2,333333;
2012-08-25;3,9;10,5;17,6;13,2;9,56;6,2;80;1,666667;
2012-08-26;2,6;1,4;0;10,8;6,84;4;74,5;1,666667;
2012-08-27;2,2;6,9;0;14;8,4;4,4;79,25;2;
2012-08-28;1,9;5,3;0;14,9;9,26;5,4;83;1;
2012-08-29;1,4;3,8;0;17,1;11,3;6,2;86,75;1;
2012-08-30;1;8,1;0;21,1;14,98;9;79,25;1;
2012-08-31;2;2,5;0;23,6;16,76;10,6;78,25;1;
2012-09-01;1,6;9,7;0;25,8;19,02;10,8;81,5;1;
2012-09-02;2,4;10,2;0;28,9;22,26;14,8;67,75;1;
2012-09-03;2,8;9,3;0;22,5;15,54;11,8;70,5;3;
2012-09-04;2,3;9,9;0;24,7;16,7;9,2;77,75;2;
2012-09-05;1,7;0;0;18,4;16,08;14;98,75;1;
2012-09-06;,8;0;21;16;15,28;14;100;1,333333;
2012-09-07;,1;0;8,4;20,3;16,3;14;95,75;1,333333;
2012-09-08;,7;,4;7,6;17,9;15,22;13;93,25;1;
2012-09-09;,6;2,3;0;15,9;13,58;12;89,75;2,666667;
2012-09-10;1,6;2,9;3;17,1;13,7;11;85,25;2,333333;
2012-09-11;1,3;1,5;0;17,7;14,3;9,5;87,25;1;
2012-09-12;1;9,5;0;21;15,8;9,8;76;1;
2012-09-13;2,7;10,6;0;21,6;16,3;10,8;74;1;
2012-09-14;2,8;6,8;0;24,3;17,54;10,4;85;1;
2012-09-15;2,2;1,6;5;23,9;20,54;18;84;1;
2012-09-16;1,7;5,7;42,4;26,5;20,62;15,2;88,75;1;
2012-09-17;,9;5,4;2,8;25,3;20,82;17;81,5;1;
2012-09-18;1,7;0;49,8;21,5;17,86;16,8;99;1;
2012-09-19;,2;1,7;14,8;17,8;11,3;9,3;92,75;2,666667;
2012-09-20;1,2;9,4;,2;17,3;11,74;6;75,5;1;
2012-09-21;3,2;11,2;0;19,2;13,24;8,6;58,5;1,333333;
2012-09-22;4,8;11,2;0;20,1;12,94;7;56,5;1;
2012-09-23;4,6;10,1;0;21,9;14,02;6,6;65,5;1,333333;
2012-09-24;2,7;7,2;0;27;15,64;6,8;74,75;1,666667;
2012-09-25;4,5;10,1;0;13,6;8,32;4;54,25;2,666667;
2012-09-26;4;11,4;0;14,7;8,62;2,6;65,75;1,333333;
2012-09-27;3,1;11,2;0;18,2;11,28;2,6;76,25;1,666667;
2012-09-28;2,6;9,6;0;21,9;15,26;8,2;61;1,333333;
2012-09-29;2,8;1,7;0;17,2;14,46;12;90,5;1;
2012-09-30;,7;9,4;1,1;26,1;18,34;10,6;77,25;1;
2012-10-01;2;5,3;3,2;23,9;19,32;16,2;88,75;1;
2012-10-02;1,2;0;6,8;20,3;18,06;16,8;98,5;2,666667;
2012-10-03;,6;,1;10,2;21,3;18,22;15,6;90,75;1;
2012-10-04;,9;9,2;,1;23,7;17,22;13,2;78,75;1;
2012-10-05;1,6;9,5;0;25;20,1;14,5;88,5;1;
2012-10-06;1;0;0;21,6;18;14;99,25;1,333333;
2012-10-07;,8;0;47,6;21,5;18,02;14,8;98,5;1;
2012-10-08;,2;0;88;19,1;18,22;16,8;99,5;1;
2012-10-09;0;0;67,6;18,8;17,92;17,2;99;1,333333;
2012-10-10;,2;6,2;28,2;19,1;14,66;13,2;88,5;2,666667;
2012-10-11;2,6;11,5;,6;18,7;15,14;12,6;73,25;1;
2012-10-12;2,7;11,6;0;21,1;14,9;8,6;79,25;1,333333;
2012-10-13;2;11,8;0;24,5;17,32;10,6;71,75;1;
2012-10-14;2,8;11,7;0;25,3;17,94;11,4;69,25;1,333333;
2012-10-15;2,6;1,4;0;21;17,22;13,8;90,75;1;
2012-10-16;1,3;7,7;13,6;21,3;16,34;14;77;3,666667;
2012-10-17;4;7,2;0;20,3;16,02;12,1;78,5;1,666667;
2012-10-18;2;11,7;0;23,3;16,86;11,6;76,25;1;
2012-10-19;2,5;11,1;0;25,3;18,6;11,2;65,25;1;
2012-10-20;3,6;3,5;0;25,1;19,18;13,2;81;1;
2012-10-21;2;8,6;,2;27,8;20,58;15,1;75;1;
2012-10-22;2;5;5,4;24,1;18,98;15,6;86,25;1,666667;
2012-10-23;2;6,1;6,4;18,4;14,06;11,1;84,5;2,666667;
2012-10-24;1,8;11,7;1;23,3;16,98;10,4;64,5;1;
2012-10-25;3,6;12,1;0;25,2;19,48;13,2;56,75;1;
2012-10-26;4,9;12,1;0;27,7;21,14;11,8;66,25;1;
2012-10-27;2,6;10,7;0;29,8;24,3;18,2;74,5;1;
2012-10-28;2,1;2;,8;25,1;20,62;17,8;89;1,666667;
2012-10-29;1,4;1,9;6,2;21,8;20,62;18,9;93,75;1,333333;
2012-10-30;,8;3,1;12;24,3;19,42;17,4;82,25;1,666667;
2012-10-31;2,6;8,2;,3;21,3;17,5;13,8;80,5;1;
2012-11-01;1,9;11,4;0;24,1;18,54;14;72,5;1,333333;
2012-11-02;3,7;12;0;26,1;20,42;13,6;64;1,333333;
2012-11-03;4,6;12,4;0;27,7;20,94;13,2;51,25;1;
2012-11-04;5,4;12;0;29,1;22,7;15,8;58;1;
2012-11-05;7;12,2;0;30,5;23,74;15,8;51;1;
2012-11-06;6;12,4;0;31,6;24,72;18,8;49,75;1;
2012-11-07;7;5,2;0;31,9;24,66;18,5;55,75;1;
2012-11-08;6,5;9;0;30,6;24,34;19,2;68,25;1,333333;
2012-11-09;5;8,3;0;32,5;25,82;19;64;1,333333;
2012-11-10;4,5;,3;0;26,2;20,2;17,3;94,75;1,666667;
2012-11-11;,3;,8;35,8;22,1;17,82;15,8;95;2,333333;
2012-11-12;1,2;6,5;1,2;21;16,12;13,4;87,5;1,333333;
2012-11-13;2;9,4;0;22,1;15,46;10;77;2;
2012-11-14;3;10,7;0;23,3;18,34;16,2;70,75;1,333333;
2012-11-15;2,8;12,2;0;25,9;19,5;14,2;69;1,666667;
2012-11-16;4;12,4;0;26,7;20,88;13,7;67,75;1;
2012-11-17;3,4;11,6;0;28,1;21,58;14;69;1;
2012-11-18;4;12,4;0;30,6;23,32;15;59,75;1;
2012-11-19;3,7;10;16;29,5;22,1;15;74;1;
2012-11-20;3;12,4;0;28,4;23,32;17,2;67,75;1;
2012-11-21;4,6;12,4;0;30,5;23,26;16,8;65;1;
2012-11-22;3,7;6,4;0;33,4;22,14;16;77;1,666667;
2012-11-23;2,8;,9;5;26,5;21,06;15,8;82,75;1;
2012-11-24;2;12,5;0;25,1;19,04;14,5;61,25;1,333333;
2012-11-25;5,4;12;0;25,3;17,78;11,6;69,5;1,666667;
2012-11-26;3,7;12,3;0;27,5;20,74;11,2;53,5;1;
2012-11-27;5,5;11,9;0;31,7;23,94;16,6;59,75;1;
2012-11-28;6;12,2;0;32,6;25,86;20;48,25;1;
2012-11-29;6,6;4,8;0;28,7;22,7;16,8;67,75;2,333333;
2012-11-30;4;7,6;0;28,3;24,12;17,8;72,5;1;
2012-12-01;4;10,6;0;28,7;21,94;18;59,25;1,333333;
2012-12-02;7,3;12,8;0;31,8;24,86;17,7;51,75;1;
2012-12-03;6,1;9,2;0;36,2;26,96;17;51,75;,666667;
2012-12-04;6,6;0;8,8;27,6;22,68;20,6;91,5;1;
2012-12-05;1,2;11,6;0;32,1;26,54;20,4;75;2;
2012-12-06;3,2;6,4;0;32,3;27,56;22,1;73,25;1,666667;
2012-12-07;4,7;1,9;28,4;30,1;20,98;18,2;80,75;1;
2012-12-08;3;12,9;2;27,2;21,86;14,5;60,25;1;
2012-12-09;4,9;13;0;31,7;24,86;17,4;56,75;1;
2012-12-10;5,4;11,7;0;33,7;28;18,7;56;2,333333;
2012-12-11;7;12,1;28,5;30,3;22,1;16,5;73,25;1;
2012-12-12;3;,4;0;22,6;21,48;19,9;93,5;1;
2012-12-13;,5;10,4;34,6;30,5;22,38;16,6;73,5;1;
2012-12-14;3,5;12,7;0;28,6;22,72;14,8;71,25;1;
2012-12-15;3,2;12,5;0;31,5;23,7;15,6;66;1,666667;
2012-12-16;4,6;9,5;0;32,9;23,62;19,2;78,75;1;
2012-12-17;3,3;7,5;17,8;27,1;21,94;16,8;72,75;1;
2012-12-18;3,4;1,9;0;26,7;22,26;16,4;72,75;1,666667;
2012-12-19;3,1;3,8;0;26,5;22,94;19,4;86,5;1,333333;
2012-12-20;1,4;0;5,5;24;20,48;19;93,75;1,666667;
2012-12-21;,3;2,7;16,5;22,9;19,7;16,6;89,75;1;
2012-12-22;1,5;12,5;0;27,2;22,28;14,7;55,75;1,333333;
2012-12-23;3,9;11,2;0;30,8;24,62;14,9;76,25;1;
2012-12-24;2,6;12,5;0;32,8;28,34;23,5;68,25;1,666667;
2012-12-25;4,1;11,4;0;34,2;27,24;24;77,5;2,333333;
2012-12-26;7,7;0;32,7;24;18,12;15,6;92,25;1;
2012-12-27;1;3,3;5;20,7;17,14;14;74,75;3;
2012-12-28;2,7;12,3;0;25,5;19,46;11,8;74,25;1,666667;
2012-12-29;2,5;11,8;0;28,5;22,02;15,8;77,5;1;
2012-12-30;2,5;11,8;0;32,3;24,82;17,6;79;1;
2012-12-31;2,9;9,2;0;31,3;23,02;18,8;80,25;3,666667;
2013-01-01;4,4;7,1;34;21,5;16,42;13,8;76,75;1;
2013-01-02;2,7;12,4;0;21,1;15,82;10;73;1;
2013-01-03;2,3;12,6;0;26,3;19,5;11,2;76;1;
2013-01-04;4,2;12;0;32,5;24,82;17,2;74,75;1;
2013-01-05;2,6;0;6,8;25,1;20,62;18,6;94,5;1,666667;
2013-01-06;,9;1,4;0;24,7;21,1;18;88,5;1;
2013-01-07;1,2;0;6,8;22,1;20,1;19;98;1;
2013-01-08;,3;10,2;28,2;30,1;23,22;18,2;82,5;1;
2013-01-09;2,5;9,5;0;29,3;23,66;19,6;77,5;1,333333;
2013-01-10;3,3;12,2;0;29,1;22,78;16,2;65;1,333333;
2013-01-11;4;12,3;0;27,1;21,18;14;63,5;1,666667;
2013-01-12;3,6;12,1;0;27,1;20,3;13,6;71,5;1;
2013-01-13;4,2;12,3;0;27,7;21,5;14;69,75;1;
2013-01-14;3,1;11,5;0;28,8;23,12;16,8;67,25;1;
2013-01-15;4,3;11,5;0;29,4;23,28;17,4;70,25;1;
2013-01-16;5;11,7;0;31,1;25,26;19;70,5;1;
2013-01-17;1,6;4,8;0;29,8;23,08;19,4;88;1;
2013-01-18;1,6;9,8;19;28,3;22,34;18,4;77;1,333333;
2013-01-19;3,7;11,3;0;27,7;21,98;18,6;79;1;
2013-01-20;2,3;10,2;0;26,1;20,02;14,8;69,75;2;
2013-01-21;3,6;12,1;0;27,7;20,86;14,4;70;1,333333;
2013-01-22;3,9;9;0;29,9;22,06;16,2;82,5;1;
2013-01-23;2;10,5;43,8;30,7;24,42;18,8;75,25;1;
2013-01-24;2,9;4,6;3,4;30,4;24,32;21;75,5;2,333333;
2013-01-25;3,2;9,8;16,2;25,1;19,38;16,8;65,75;1,666667;
2013-01-26;3,9;12,2;0;23,9;17,66;10,2;65,25;1;
2013-01-27;3;12,4;0;26,5;20,74;13,6;58,5;1;
2013-01-28;4;12,2;0;29,1;21,94;13,8;59,25;1;
2013-01-29;5,2;12;0;32,1;24,58;16,6;63,75;1;
2013-01-30;4,1;10,3;0;35,5;27,02;18,8;66;1;
2013-01-31;4,2;8,9;0;35,1;26,74;22,8;71,25;1;
2013-02-01;4;11,2;0;35,3;29,16;22,1;44;1;
2013-02-02;5,3;1,8;5;31,3;23,62;18;88,25;1;
2013-02-03;1,6;7,7;10,4;26,1;19,56;16,8;74,25;1,666667;
2013-02-04;3,3;12;0;24,9;18,9;11,4;69,25;1;
2013-02-05;3;11,8;0;26;20,8;17,3;67,25;1,333333;
2013-02-06;4,8;9,7;0;27,7;21,42;14,2;71;3;
2013-02-07;3,8;11;0;28,8;22,94;16,1;44,5;1;
2013-02-08;3,1;11,7;0;28,3;23,14;16,6;73,75;1;
2013-02-09;2,7;10,5;0;32,1;24,06;18,6;75,25;1;
2013-02-10;2,6;9;0;30,7;24,1;19;81,5;1;
2013-02-11;2,4;5,5;0;31,1;23,92;19,2;76;1;
2013-02-12;1,4;8,6;2,7;30,7;24,74;19;80,5;1;
2013-02-13;3;9,1;6;32,7;26,7;21,3;70,75;1;
2013-02-14;3,6;2,3;0;27,9;22,98;20;94,25;1;
2013-02-15;,4;7,2;11,4;29,5;23,62;19,5;85,5;1;
2013-02-16;2;7,8;0;31,3;25,18;20;76,5;1;
2013-02-17;2,5;2;8,6;27,1;22,58;19,8;88;1;
2013-02-18;1;0;4;23,8;20,22;18;86;1,333333;
2013-02-19;1,3;,5;,4;23,1;19,46;15,4;96,5;1;
2013-02-20;,4;,6;11,5;22,6;21,22;19,5;98,5;1;
2013-02-21;,6;8,9;16,4;27,7;21,26;19;85;2,333333;
2013-02-22;1,8;7,1;0;26,1;19,82;16,1;78,25;1,333333;
2013-02-23;2,2;11,6;0;28,3;21,38;14,6;83,75;1,666667;
2013-02-24;2,2;1,2;0;26,6;21,74;19;89,75;1,333333;
2013-02-25;1,8;10,4;7,8;27,5;20,58;17,2;73,25;1;
2013-02-26;3,2;11,7;0;23,8;17,38;11,2;63,75;1;
2013-02-27;3;12,2;0;24,1;17,38;10,8;70;1;
2013-02-28;4;12,1;0;25,7;19,36;12,7;68,25;1;
2013-03-01;3,1;11,6;0;30,9;22,26;12,2;79;1,333333;
2013-03-02;2,5;,7;0;24,7;22,18;19,8;89;2,666667;
2013-03-03;1,8;6,5;8;26,1;19,86;16,2;77;1,333333;
2013-03-04;3;8,9;0;22;17,8;13,6;73,5;1;
2013-03-05;2,5;11;0;24,1;17,22;10,8;69,75;1;
2013-03-06;2,7;11,7;0;26,4;19,88;13,4;67,75;1;
2013-03-07;3,8;11,6;0;27,8;20,66;13,3;69,5;1;
2013-03-08;2,2;1,3;0;25,6;21,04;15;89;1;
2013-03-09;1;1;0;25,3;21,8;19,5;90;1;
2013-03-10;1;7,5;17,2;29,5;22;17,9;86;1;
2013-03-11;2,7;10,2;0;28,8;21,36;14,8;79,25;1;
2013-03-12;2,1;3,5;13,4;23,5;18,9;16,8;85;2,333333;
2013-03-13;2,1;11;0;22,9;15,74;9,2;67;1,666667;
2013-03-14;3,7;,3;0;18,6;14,56;9,2;79,25;1,333333;
2013-03-15;3,1;9,8;0;23,5;16,58;9;71,5;2,666667;
2013-03-16;4;10,4;0;22,1;15,4;11,3;74,75;1;
2013-03-17;4,3;11;0;21,3;14,62;7,4;59,25;3,333333;
2013-03-18;4;2,1;0;19,3;16,24;12,2;72;1,666667;
2013-03-19;2,9;0;0;20,3;16,22;11,6;90;1,333333;
2013-03-20;,8;2,4;28,7;21,8;17,92;15,8;95,5;1,333333;
2013-03-21;,8;7,7;6,6;23,7;18,42;16,2;88,25;1,333333;
2013-03-22;1,5;10,9;0;27,4;20,86;14,3;76,5;1;
2013-03-23;3;11;0;26,3;20,26;14,8;69;1,333333;
2013-03-24;3,5;10,9;0;26;18,78;12,9;65,75;1;
2013-03-25;3,4;10,3;0;29,1;20,38;13,4;73,5;1;
2013-03-26;3,4;10,8;0;25,3;19,14;15,8;64;1;
2013-03-27;4,2;8,1;0;22,9;16,3;12,2;75,25;1;
2013-03-28;2,5;6,1;0;23,5;17,14;12,5;79,25;1,333333;
2013-03-29;2,8;10,7;0;25,7;18,7;11,6;69;1,333333;
2013-03-30;2,5;9,5;0;27,7;20,92;14,7;72,25;1;
2013-03-31;2;10,1;0;29,5;22,62;15,4;68,5;1;
2013-04-01;3,7;0;0;22,6;18,96;17,2;85,5;1;
2013-04-02;,7;1,8;,3;25,7;20,74;17,4;90,5;1;
2013-04-03;1;1,4;0;23;20,06;18,7;95,75;1;
2013-04-04;,4;0;6,2;19,3;17,62;16,8;98;1;
2013-04-05;,3;10,3;52,4;23,8;18,6;12,5;73,75;1,333333;
2013-04-06;3;10,5;0;26,3;19,32;12,6;73,75;1,666667;
2013-04-07;3,9;10,4;0;21,6;14,52;9;63,75;1,333333;
2013-04-08;3;9,8;0;23,1;16,06;9,8;73,5;1;
2013-04-09;3,2;10,5;0;23;16,66;10,3;73,5;1,333333;
2013-04-10;2,6;9,4;0;25,7;18,26;10,6;84;1;
2013-04-11;1,5;0;0;20,7;18,08;16,4;97,5;1,333333;
2013-04-12;,4;3,8;45,2;20,3;16,02;14,6;87;1;
2013-04-13;2,2;10,5;0;19,1;11,98;8,4;66;1;
2013-04-14;4;10,5;0;20,3;13,94;8,4;62,25;1;
2013-04-15;3,2;10,5;0;25,2;18,1;11,1;72,5;1,666667;
2013-04-16;3,2;10,4;0;21,1;14,34;10,8;79;1;
2013-04-17;3;10,4;0;21,5;15,48;9,5;77,25;1;
2013-04-18;1,8;10,4;0;24;17,56;9,8;69,25;1;
2013-04-19;3;10,5;0;25,3;18,62;9,8;65,5;1;
2013-04-20;3,4;10,4;0;26,7;18,5;10;69,75;1;
2013-04-21;2,6;9,7;0;23,2;17,46;12,5;77;1;
2013-04-22;2;6,5;0;26,1;17,46;12,8;83,5;1;
2013-04-23;1,5;9,5;0;25,8;19;12;79,25;1;
2013-04-24;1,5;8,7;0;26,1;19,22;12;77,25;1;
2013-04-25;1;9,2;0;25,5;18,92;13,9;75,25;1;
2013-04-26;2,5;7,5;0;26,5;20,6;15,4;69,75;1;
2013-04-27;5;9,4;0;27,2;20,06;14,3;79,75;1;
2013-04-28;2,1;5,4;0;27,7;20,9;14,3;84,75;1,333333;
2013-04-29;1,9;7,6;16,6;25,5;18,7;16,4;78,5;1;
2013-04-30;2,3;9,3;0;23,1;16,9;11,8;82;1;
2013-05-01;1,4;0;0;17,5;15,9;13,4;94,5;1;
2013-05-02;,6;0;1,8;17,3;16,34;14,8;97,5;1;
2013-05-03;,7;0;94,6;17,1;16,26;15,5;97,5;1;
2013-05-04;,3;3,2;34;18,1;13,94;12,2;94,25;1;
2013-05-05;1;7,3;0;20,2;14,64;10,8;81,25;1;
2013-05-06;1,8;10,1;0;20,7;13,94;7;74,25;1,333333;
2013-05-07;1,4;8,6;0;16,3;11,94;9,2;68,75;1,333333;
2013-05-08;2,4;9,8;0;19,1;11,82;6;67,75;2,666667;
2013-05-09;3,6;9,5;0;21,8;14,82;9,2;69,25;1;
2013-05-10;2,9;9,2;0;25,3;16,26;8,8;64,5;1,666667;
2013-05-11;5,1;,9;0;20,1;16,22;13,8;86,25;1;
2013-05-12;1,2;,4;17,4;18,8;15,82;14,3;89;1;
2013-05-13;,5;6,3;0;23,1;18,5;14,8;88;1;
2013-05-14;1;8,1;0;25,1;19,22;17;83;1;
2013-05-15;1,3;1,9;0;19,3;12,7;8,4;83,25;1,666667;
2013-05-16;2,1;9,4;0;14,1;6,92;1,1;68,25;1;
2013-05-17;2;8,9;0;14;7,86;3;70,5;1;
2013-05-18;1,8;0;0;11,6;9,04;5;91,5;1;
2013-05-19;,7;0;0;13,9;12,18;10;100;1;
2013-05-20;0;1,1;16,9;16,1;12,62;11;94,75;1;
2013-05-21;,2;3,6;0;13,2;9,52;7,6;93;1;
2013-05-22;,6;0;0;14,1;11,26;7,6;94;1;
2013-05-23;,4;7,5;0;18;14,2;10,8;88,25;1;
2013-05-24;,9;6,9;0;20,3;14,02;11;88,75;1;
2013-05-25;1,2;8,5;0;18,3;13,38;9,2;86;1;
2013-05-26;,7;4,9;0;19,5;13,12;9;92,25;1;
2013-05-27;,2;7,7;0;21,5;14,84;11;93;1;
2013-05-28;1;1,2;0;20,7;16,62;12;96;1;
2013-05-29;,5;6,1;31;18,2;12,64;10;85;1,333333;
2013-05-30;1,5;8,6;4,9;16,7;10,38;5,8;68,5;1,333333;
2013-05-31;1,8;2;0;17,6;12,48;7,8;71,25;1;
2013-06-01;3;5,6;7,6;20,1;15,22;11,8;92,25;1;
2013-06-02;1;7,8;0;19,9;13,78;11;76,5;1,333333;
2013-06-03;2,4;8,6;0;19,5;12,34;6;64;1;
2013-06-04;2;8,5;0;20,2;14,12;9,2;65,75;1,666667;
2013-06-05;5;7,7;0;21,4;15,12;9,4;79,5;1,333333;
2013-06-06;2,6;8,6;0;17;11,48;9,3;76;1,333333;
2013-06-07;1,6;8,4;0;21,3;11,38;4,8;76,5;,666667;
2013-06-08;2;7,9;0;17,7;11,66;7,3;75;1;
2013-06-09;1,8;1,5;0;17,1;12,58;8,2;94,5;1;
2013-06-10;,6;8,3;0;23,3;15,7;11,2;82,25;1;
2013-06-11;1,4;8,3;0;21,7;15,38;11,4;84;1;
2013-06-12;1,2;5;0;19,7;13,38;9;86;1;
2013-06-13;,9;8,4;0;23,2;16,64;11,6;78,75;1;
2013-06-14;2;0;0;18;13,98;12,2;86;1,333333;
2013-06-15;1,5;7,9;0;16,7;9,82;3,4;89,25;1;
2013-06-16;1,1;2,9;0;20,6;14,26;9;81,5;1;
2013-06-17;,8;3,6;0;15,5;11,46;8,4;85,75;1,333333;
2013-06-18;1;2,7;0;18,2;14,24;10,4;87,25;1;
2013-06-19;1,2;6,1;0;15,3;9,02;6,8;71;3;
2013-06-20;2,3;,1;0;10,7;7,86;3,5;91,25;2,666667;
2013-06-21;1;0;5,8;11,6;10,08;9;99,5;1;
2013-06-22;,1;8,4;10,8;15,2;8,84;5;85;1,333333;
2013-06-23;1,7;8,1;0;16,1;9,82;5,6;84,25;1;
2013-06-24;1,3;0;0;11,8;9,28;5;98;1,666667;
2013-06-25;,2;0;2,1;14,7;11,74;10,8;95,25;1;
2013-06-26;,2;8;0;17,5;11,64;9,3;81,5;1;
2013-06-27;1,6;6,5;0;17,5;9,9;5,4;85,75;1;
2013-06-28;1;0;0;16,3;11,62;8,1;94,25;1;
2013-06-29;1,4;8,4;16,4;18,9;12,46;9,8;81;1,666667;
2013-06-30;1,6;8,5;0;15,5;8,74;5,2;74,5;1;
2013-07-01;2;8,4;0;17,7;9,3;4,2;74,75;1;
2013-07-02;1,8;8,3;0;19,1;10,38;5,8;75,25;1;
2013-07-03;1,7;7,9;0;21,5;13,22;6,4;86,5;1;
2013-07-04;1,2;0;8,6;18;15,68;12,2;99;1;
2013-07-05;,3;2,8;36,5;22,5;18,7;14,6;96,25;2;
2013-07-06;1,1;3,8;4,8;23,1;19,74;18;92;1,333333;
2013-07-07;,9;3,5;0;19,3;10,58;8,2;84,5;2,666667;
2013-07-08;2;8,4;0;11,8;7,84;4,4;87,5;2,333333;
2013-07-09;,9;,4;0;15,1;12,3;7;96;1,333333;
2013-07-10;,3;8,4;0;24,1;17,72;14,3;89,25;1;
2013-07-11;1;5,4;0;23,5;18,02;13,6;84,5;1,666667;
2013-07-12;2;0;2;18,8;16,26;15;98,75;1;
2013-07-13;,1;1,5;16,8;18,5;14,66;12,4;95;1;
2013-07-14;,2;4,4;0;18,5;14,54;13;86;1;
2013-07-15;,6;8,5;0;17;8,86;4,2;77;1;
2013-07-16;3,4;8,9;0;17,1;10,36;4,1;74,25;2;
2013-07-17;4;7,4;0;22;14,76;8,6;72,25;1,333333;
2013-07-18;3,4;,9;0;17;10,96;7;83,25;1,333333;
2013-07-19;1,6;8,7;0;10;4,24;-,1;78;1,666667;
2013-07-20;1,8;0;0;9,1;4,86;2,2;82,5;1;
2013-07-21;,3;7,3;0;14,4;5,34;,9;72,25;1;
2013-07-22;1,9;7,9;0;10,6;3,76;-,3;79,75;2,666667;
2013-07-23;1,6;7,4;0;9,6;4,12;,8;76;1;
2013-07-24;1,4;7,5;0;12,1;5,46;,8;75,5;1;
2013-07-25;2,6;8,8;0;12,9;7,02;3;64,75;1;
2013-07-26;2;8;0;16,1;8,36;1,6;75;1;
2013-07-27;1,4;4,1;0;18,3;12,06;6,2;83;1;
2013-07-28;1,6;8,8;0;21;13,4;10,4;72,5;1;
2013-07-29;1,8;7,8;0;21,9;15,5;10;81;1;
2013-07-30;1,2;8,8;0;24,4;15,78;10,6;79,25;1;
2013-07-31;1,8;5,5;0;25,3;16,98;11,2;75,5;1,666667;
2013-08-01;3,7;7,4;0;26,3;20,38;16;75,25;2;
2013-08-02;2,1;0;13,2;21,5;11,98;8,6;99,5;1;
2013-08-03;1,4;0;6,6;9;8,34;7;92,5;1;
2013-08-04;1;9,4;0;18,3;10,46;5;81;1;
2013-08-05;1,8;9,6;0;19,8;12,46;6,5;67,25;1;
2013-08-06;3,8;9,5;0;19,9;13,34;8,8;73,5;1;
2013-08-07;2;4,6;0;25,5;17,7;10,4;84;2;
2013-08-08;5,4;0;3,6;20,1;10,9;7,4;95;3,666667;
2013-08-09;,9;,2;11,2;10,6;8,2;6,2;81;1,666667;
2013-08-10;1,4;7,9;0;12,2;6,08;3,2;80,25;1;
2013-08-11;2,2;7,4;0;12,4;8,08;3,2;79,5;1,333333;
2013-08-12;2,3;7,6;0;18,1;9,74;3,8;80,25;1;
2013-08-13;2,3;,3;0;10,6;8,02;7,1;77;2;
2013-08-14;1,6;9,3;0;11,6;5,14;-,3;70,5;1,333333;
2013-08-15;2,2;9,4;0;14,1;7,08;1,3;72,25;1;
2013-08-16;2;9,4;0;18,2;10,3;4,5;65,5;1;
2013-08-17;3;9,1;0;17;9,18;3,6;72,25;1,333333;
2013-08-18;2,5;9,4;0;21,4;12,48;3,5;66,75;1;
2013-08-19;1,9;9,7;0;23,2;13,86;3,6;75,75;1,333333;
2013-08-20;2,6;8,2;0;24,2;17,34;11,5;70,25;1;
2013-08-21;2,2;5,5;0;24,3;19,3;12,7;65;1,333333;
2013-08-22;4;0;2,2;20,3;11,28;6;95,75;1,333333;
2013-08-23;1,7;3,8;24,7;13,1;5,7;1,4;61,5;2;
2013-08-24;3,3;0;0;8,1;5,34;1,5;93,25;2;
2013-08-25;1,1;0;4,1;7,1;5,98;4,1;81,25;1,333333;
2013-08-26;2;1,4;0;6,4;3,88;1,8;77,75;1,666667;
2013-08-27;2,9;3,6;0;14;8,18;1;65,75;1;
2013-08-28;2,1;10,4;0;17,3;9,06;1;61,75;1,666667;
2013-08-29;5,3;10,6;0;21,9;13,38;6,4;66,5;1,666667;
2013-08-30;4,6;10,4;0;23,7;16,3;10,4;53,25;1;
2013-08-31;6,9;5,7;0;25,5;18,06;12,8;78,5;1;
2013-09-01;3,3;9,8;0;28,7;21,22;16,8;77,25;1,333333;
2013-09-02;4;6,5;0;24,8;19,5;14,3;60,25;1,333333;
2013-09-03;4,1;8,2;0;21,3;11,98;9;69,25;2,333333;
2013-09-04;4,3;10,5;0;14,1;8,52;1,8;75,75;1;
2013-09-05;2,9;5,6;0;20,5;11,26;4;81,75;1;
2013-09-06;2,1;8,9;0;24,1;18,54;12;67;1;
2013-09-07;2,1;7,8;0;27,9;19,86;12;74,5;2;
2013-09-08;5,5;9,8;10,4;27,5;20,1;15,6;72,5;1;
2013-09-09;3,7;10,1;0;28;21,6;15;67;1;
2013-09-10;4;10,5;0;29,5;23,46;17,4;58,75;1,666667;
2013-09-11;9,3;10,7;0;32,7;24,42;18;62;1,333333;
2013-09-12;5,4;10,7;0;32,1;24,12;19;47,5;2;
2013-09-13;11,1;0;0;23,5;16,42;13,6;95;2,333333;
2013-09-14;,5;0;3,3;14,8;13,4;11,2;100;1,333333;
2013-09-15;,2;0;95,7;15,1;13,1;12,2;100;1;
2013-09-16;1,7;,7;,6;15,1;12,32;10,5;92,5;2,333333;
2013-09-17;,2;4,2;3,6;12,4;6,4;4,4;83,5;2,333333;
2013-09-18;,8;6,1;0;15,2;9;2,2;66,75;1,333333;
2013-09-19;3,8;11,1;0;18,9;11,74;6,6;68,5;1;
2013-09-20;3,4;8,1;0;21,3;14,12;7,1;58;1;
2013-09-21;6,4;7,2;0;21,6;13,96;11;70,75;1;
2013-09-22;3;3,2;0;16,1;11,58;7;73;2;
2013-09-23;3,3;0;5,2;12,1;7,8;6,5;91,5;2;
2013-09-24;,7;,6;0;13,1;7,86;3;91,5;1,666667;
2013-09-25;,9;7,2;,8;16,7;9,46;4,4;84;1,333333;
2013-09-26;1,4;10,6;0;19,1;12,14;4,8;67,75;1,666667;
2013-09-27;2,7;4,5;0;19,5;14,38;7,2;73;1,333333;
2013-09-28;2,5;4,8;0;19,1;14,22;11,8;83,25;1;
2013-09-29;1,6;8,6;0;21,5;14,98;9,4;77,75;1;
2013-09-30;1,4;1,8;0;17,1;11,9;9;85,75;1;
2013-10-01;2,2;11,5;1,8;20,5;13,3;6,6;69,25;1;
2013-10-02;1,8;11,5;0;21,3;14,6;7,5;67,25;1;
2013-10-03;2,5;6,5;0;21,5;14,74;8;79,5;1;
2013-10-04;2,3;10,2;0;21;14,96;10,8;74,25;2,333333;
2013-10-05;2,2;8,9;0;18,3;12,22;8,8;81;1;
2013-10-06;2;11,7;0;24,1;14,72;8,7;64,5;1;
2013-10-07;3,4;11,6;0;22,7;14,36;6,9;64;1,333333;
2013-10-08;4;11,8;0;26,1;16,8;9,7;70;1,333333;
2013-10-09;3,3;9,7;0;26,8;18,88;11,8;69;1;
2013-10-10;3,3;,2;0;27,1;20,42;15,5;64;1;
2013-10-11;1,6;3,7;7,4;24,1;17,98;14,6;91;1,333333;
2013-10-12;2,8;0;18,3;18;15,82;14,1;97,25;1;
2013-10-13;,1;5,5;15;24,1;18,7;15;79,75;1;
2013-10-14;1,7;10,8;0;28,5;20,38;15,2;73,5;1;
2013-10-15;3,8;12,2;0;28,9;20,62;14,6;65,75;1;
2013-10-16;3,4;,5;0;26,7;18,98;14,2;69,5;1;
2013-10-17;4;7,5;0;25,5;18,94;13,8;76;1;
2013-10-18;3,1;11,1;0;27,1;19,96;15,7;59,5;1;
2013-10-19;4,4;12;0;27,6;20,96;14,6;64;1;
2013-10-20;4,5;5,5;0;27;21,08;14;55,25;1,666667;
2013-10-21;7,9;6,6;39,4;25,1;17,86;15,2;80;1,333333;
2013-10-22;2,1;8,6;0;26,5;17,08;11,9;68;1,333333;
2013-10-23;3,8;0;,4;24,7;18,78;14,8;91;1;
2013-10-24;,7;7,9;,4;23,1;16,72;14,1;65,5;2,333333;
2013-10-25;4,3;5,1;0;19,1;14,42;7;85,75;2;
2013-10-26;1,6;3,8;53;19;16,2;13,6;72,75;2;
2013-10-27;1,5;9,6;4,1;24,5;17,92;12,3;69,75;1,333333;
2013-10-28;5,4;12,5;0;21,5;14,38;6,4;69;1;
2013-10-29;4,3;11,7;0;25,5;17,78;11,2;60,75;1,333333;
2013-10-30;5,2;11,7;0;26,1;19,38;10,3;54,75;1;
2013-10-31;4,3;0;0;23,3;19,46;null;80,5;1;
2013-11-01;1,9;,8;0;27;21,84;17;61,25;1,333333;
2013-11-02;4,2;0;48,2;23,5;20,06;16,2;99,5;1;
2013-11-03;,4;4,9;19,9;24,1;17,54;14,5;77,5;1,666667;
2013-11-04;3;12,5;0;23,8;16,2;10;68;1;
2013-11-05;4,4;10,8;0;22,7;16,3;11;72,75;1;
2013-11-06;2,7;12,3;0;26,1;18,46;10,6;65;1,666667;
2013-11-07;6,5;12,3;0;29,1;21,94;13,2;72,5;1;
2013-11-08;2,8;6,5;0;28;21,8;16,7;50,25;1;
2013-11-09;4,6;0;3,6;21,3;17,88;16,5;93,25;1;
2013-11-10;,3;,4;37,3;23,1;19,42;16,8;98,25;1;
2013-11-11;,2;,8;83,5;25;19,42;17,5;79,5;1;
2013-11-12;,8;12,4;17,3;27,3;20,34;14,2;71,75;1,333333;
2013-11-13;2;12,7;0;27,2;20,7;16,5;57,5;1;
2013-11-14;4,2;12,8;0;30,3;21,98;14;59;1;
2013-11-15;7;1;0;24,1;19,48;14,3;77,75;1,666667;
2013-11-16;2,3;12,8;27,1;23,9;17,42;12;68,25;1;
2013-11-17;3;12,3;0;25,2;18,1;11,2;67;1,333333;
2013-11-18;3,6;12,5;0;30,3;21,82;12,4;69,25;1;
2013-11-19;3,7;0;5,5;25;20,14;18;89,5;1;
2013-11-20;1,5;2,4;20,2;25,1;20,1;16,6;92,5;1;
2013-11-21;1,5;6,9;,3;26,1;21,34;17,1;81;1,666667;
2013-11-22;1,8;11,8;6,5;24,4;20,12;14,6;75,25;1,333333;
2013-11-23;3,2;12,2;0;28,7;20,24;12,6;67;1;
2013-11-24;3,2;12;0;29,7;22,1;13,4;63,25;1;
2013-11-25;2,8;9,8;0;29,4;24,14;18;59,75;1;
2013-11-26;3,1;,7;0;27,5;22,82;17,8;87,25;1;
2013-11-27;1,3;5,2;0;25,1;22,36;19,7;82,5;1,666667;
2013-11-28;2,4;12,4;13,2;24,1;17,74;12,2;75,25;1,666667;
2013-11-29;2,8;12,5;0;27,3;20,74;14,2;64;1,666667;
2013-11-30;4,5;12,5;0;28,3;21,26;13;63,75;1,666667;
2013-12-01;4,6;5;0;26,3;20,78;15,4;80,25;2;
2013-12-02;3,6;11,7;0;30,3;23,7;16,4;67,5;1;
2013-12-03;2;11,8;0;28;22,94;19,7;58,75;1,333333;
2013-12-04;3;11,9;0;28,8;22,66;13,7;62;1,333333;
2013-12-05;5,1;11,3;0;26,7;20;13,8;59;2;
2013-12-06;4,7;10,6;0;26,1;20,1;11;64,25;1,666667;
2013-12-07;2,5;12,5;0;28,2;22,7;15,3;70,25;1;
2013-12-08;3,7;12,7;0;34,3;24,9;16,6;59,25;1;
2013-12-09;5,8;2,6;2,1;26,4;23,16;19,4;80,5;1;
2013-12-10;,8;8;5,5;25,3;19,78;16,4;78,75;2,666667;
2013-12-11;4,7;11,8;0;25,8;19,66;12,3;66,75;1;
2013-12-12;2,3;12;0;28,3;21,34;12,2;65,5;1;
2013-12-13;2,5;11;0;30,6;24,38;17,5;62,75;1;
2013-12-14;2,8;8,8;0;31,1;25,38;18,4;66,5;1;
2013-12-15;2,9;11,6;0;34;26,62;18,9;59,5;1;
2013-12-16;4,5;12,7;0;33,7;26,74;20,4;50,75;1,666667;

